# Simulation Trace for 40 nodes over 100 days
# Format: <timestamp> <num_failures> <node_id_1> ... <node_id_N>
197153 4 34 15 1 13
512938 1 14
597424 2 23 15
853555 3 17 18 3
1045637 1 26
1132396 2 30 38
1254968 4 39 37 28 8
1328841 2 27 0
1428639 1 13
1669419 1 5
1913994 3 4 20 36
1996640 5 12 15 18 20 26
2140173 2 13 27
2377692 2 37 8
2592886 3 25 23 22
2727825 3 30 26 6
2848213 3 28 22 2
2855652 1 3
2996702 1 34
3235615 1 21
3312431 3 8 23 29
3430842 4 8 38 13 37
3623007 4 10 7 9 17
3641631 1 24
3899518 1 21
3998730 1 32
4098213 4 19 7 8 9
4440228 5 14 13 19 31 22
4503818 2 2 10
4650499 3 37 23 38
4800257 1 25
4916182 1 4
4976994 4 6 28 0 14
5204345 3 39 12 11
5333736 4 18 10 36 35
5409163 1 1
5533742 1 4
5618324 1 35
5749474 4 27 28 11 5
5939477 3 8 38 20
6056060 1 26
6290673 3 29 33 19
6447845 1 14
6639103 1 16
6796097 1 38
7044140 1 19
7111870 1 25
7232810 2 28 8
7349178 3 0 14 35
7515143 1 13
7545860 3 2 35 37
7723177 1 34
7842195 1 4
8052699 1 17
8126042 1 34
8267142 1 29
8337519 4 12 20 18 6
8417817 3 38 4 15
8503246 5 37 31 21 36 6
