# Random trace generated by GenTrace
# total_nodes=40 num_days=365 fail_prob=0.02 repair_days=7 burst_interval=0 burst_size=3 seed=999
# Format: timestamp num_failures node_id1 node_id2 ...
#
2 1 4
3 1 17
4 1 5
5 1 35
9 2 14 33
10 2 1 2
11 1 27
12 1 29
16 1 21
18 2 25 39
19 1 18
21 2 10 15
23 1 21
25 1 27
26 1 7
28 2 1 32
29 2 15 39
30 2 19 37
33 2 4 29
35 2 16 33
36 1 3
38 1 32
39 3 0 13 15
40 2 11 17
43 2 5 31
44 2 10 38
46 1 32
47 1 36
50 1 5
52 1 35
53 3 10 14 26
54 1 7
55 2 1 31
57 1 2
60 2 30 36
64 1 11
65 2 9 22
66 1 19
67 2 32 34
68 1 31
70 1 14
71 1 29
72 1 20
73 1 3
76 1 8
77 1 16
78 2 2 22
79 1 7
80 1 35
83 1 25
85 1 20
86 2 4 30
87 1 16
88 2 13 26
89 1 8
90 1 21
91 4 2 6 35 38
93 1 28
94 1 5
96 1 24
97 1 7
101 3 2 18 37
104 1 13
107 2 0 38
110 1 12
111 1 33
112 1 1
114 2 25 34
115 2 3 15
116 1 39
117 2 20 27
118 2 6 22
119 2 0 10
120 1 24
121 1 30
123 1 26
127 1 9
128 1 37
129 1 17
130 1 1
134 1 10
136 1 11
138 2 20 36
141 2 16 37
144 1 3
145 1 21
147 2 8 15
149 2 16 31
150 1 9
153 1 20
154 1 5
155 1 21
157 1 12
164 2 6 31
168 1 36
171 1 15
172 1 11
173 1 21
175 1 34
181 3 10 17 28
182 1 35
184 1 2
185 1 29
186 3 6 30 33
187 1 1
188 1 32
190 1 21
195 1 19
198 1 26
200 1 38
202 1 24
203 1 27
204 1 36
207 1 38
209 1 20
212 2 10 17
218 1 19
219 3 21 22 34
225 1 3
226 1 29
228 3 0 19 27
229 2 5 13
231 2 7 10
232 2 35 36
235 1 32
237 1 20
238 2 24 33
244 1 30
246 1 6
247 1 9
248 1 8
250 1 18
251 1 5
254 3 11 17 25
255 2 19 33
258 1 22
262 1 39
263 2 8 30
265 2 1 29
266 1 13
268 2 21 35
269 1 34
271 1 22
273 1 25
275 1 26
276 2 7 16
279 1 24
282 2 3 13
283 2 23 29
287 2 2 4
288 2 27 28
290 2 1 3
291 1 31
292 1 23
293 2 17 22
294 1 37
295 1 30
296 3 7 16 36
298 2 19 33
299 1 13
300 1 26
301 1 5
303 3 7 9 20
304 3 8 23 35
308 2 0 14
309 1 2
314 1 34
315 1 30
318 1 27
319 1 39
322 1 2
323 1 7
326 2 16 27
327 1 18
329 1 10
331 1 1
336 3 24 30 31
339 2 28 35
342 1 12
346 1 34
348 2 1 7
352 1 39
359 1 35
360 1 38
362 1 17
363 1 12
