# Random trace generated by GenTrace
# total_nodes=40 num_days=365 fail_prob=0.02 repair_days=7 burst_interval=0 burst_size=3 seed=123
# Format: timestamp num_failures node_id1 node_id2 ...
#
2 1 14
3 1 11
4 1 19
9 1 12
12 2 17 35
13 1 36
15 1 5
16 1 34
19 1 9
20 1 33
22 1 2
23 1 17
24 1 28
25 1 26
27 1 11
28 1 5
29 1 6
31 3 31 32 33
34 1 8
36 3 11 16 37
38 2 18 21
41 1 14
42 1 39
43 2 16 30
44 1 28
48 1 23
51 1 32
53 1 34
54 2 16 35
57 1 4
62 1 13
63 1 15
64 1 29
66 1 28
69 1 17
72 2 16 29
74 1 33
75 1 37
76 2 22 23
83 2 7 14
84 2 8 19
88 3 12 23 27
91 2 4 24
93 1 30
95 1 36
97 2 27 35
100 1 21
101 1 6
104 2 1 38
107 4 7 13 20 33
110 2 19 35
113 1 32
114 1 27
116 1 11
118 1 30
120 1 5
123 2 8 37
124 1 1
125 1 11
128 2 5 13
130 2 6 24
131 2 19 21
133 1 20
135 1 13
136 2 7 29
141 2 8 17
142 3 3 33 38
143 1 24
145 1 7
146 1 12
150 1 4
152 1 36
153 1 20
154 1 14
155 1 35
156 1 24
157 1 38
159 1 8
160 1 7
161 1 32
162 1 30
163 1 35
164 1 6
165 3 13 19 38
167 2 9 28
172 1 24
175 1 20
177 1 35
180 2 5 39
181 1 15
187 1 17
189 1 23
191 2 10 33
197 1 21
198 1 31
200 1 17
201 1 18
202 1 16
203 1 5
204 1 36
205 1 27
207 1 35
209 1 25
211 1 17
213 3 0 26 39
217 1 12
219 1 21
220 2 11 25
222 1 31
223 1 5
224 2 10 36
225 2 9 20
226 2 16 24
228 1 28
230 1 33
234 1 37
242 2 4 17
243 1 9
244 1 36
245 1 29
246 1 28
247 1 12
251 2 3 36
253 1 38
254 1 23
255 1 0
257 3 6 12 30
258 1 24
260 1 39
262 1 7
264 1 20
268 1 29
269 1 34
271 3 14 19 39
272 2 1 11
273 1 2
277 1 4
280 3 16 17 31
281 3 11 24 39
282 1 1
284 3 22 23 35
285 2 2 7
286 1 8
288 1 11
289 1 37
290 2 5 13
291 1 31
292 1 32
296 2 16 28
297 6 7 9 21 22 24 39
299 2 13 27
302 1 20
305 1 25
307 1 4
308 1 21
313 3 3 29 38
315 1 31
316 3 14 19 34
320 1 20
321 1 36
324 1 30
325 1 23
327 1 15
328 1 36
330 1 35
331 2 8 21
333 1 5
335 1 15
338 2 26 38
341 1 19
343 1 12
344 1 16
345 1 36
346 2 9 18
347 1 4
348 2 21 37
349 1 1
352 1 35
353 1 38
354 2 9 29
355 2 10 27
356 2 23 34
357 1 12
359 1 26
360 1 1
361 3 5 15 17
364 1 14
