# Random trace generated by GenTrace
# total_nodes=40 num_days=365 fail_prob=0.02 repair_days=7 burst_interval=30 burst_size=3 seed=123
# Format: timestamp num_failures node_id1 node_id2 ...
#
2 1 14
3 1 11
4 1 19
9 1 12
12 2 17 35
13 1 36
15 1 5
16 1 34
19 1 9
20 1 33
22 1 2
23 1 17
24 1 28
25 1 26
27 1 11
28 1 5
29 1 6
30 3 1 13 23
32 4 3 29 32 33
33 2 9 14
34 1 4
35 1 15
36 2 11 34
37 1 37
41 1 10
42 2 3 9
46 1 12
48 3 1 2 35
49 1 13
50 2 6 19
53 1 28
54 4 14 17 37 39
55 1 10
58 1 34
59 1 38
60 5 9 16 20 23 33
65 1 8
66 2 21 28
67 1 29
68 1 17
69 1 24
70 1 15
71 1 12
72 1 16
74 3 19 23 26
77 1 21
78 1 38
82 2 26 39
83 2 6 7
85 1 21
86 2 0 23
87 2 12 18
88 1 28
89 2 37 39
90 3 4 7 36
93 1 14
95 2 20 33
98 1 25
99 1 30
101 1 1
102 2 16 20
104 2 33 36
106 1 2
107 2 35 38
108 3 12 21 25
109 1 24
113 1 18
114 3 3 6 38
117 1 0
119 1 1
120 4 11 20 34 35
123 1 16
124 1 33
128 3 3 32 37
130 1 6
133 2 0 8
135 2 1 19
136 2 14 16
138 1 15
140 1 8
141 2 2 24
146 3 3 12 38
147 2 28 33
148 1 19
150 3 24 31 39
153 3 5 10 11
155 1 34
157 2 24 25
158 1 33
160 1 37
162 1 39
165 1 3
166 1 28
169 1 14
170 1 5
171 1 30
173 1 12
174 1 6
177 1 5
180 3 0 21 25
182 1 14
184 1 30
185 1 26
186 1 3
192 1 6
194 1 12
195 1 39
196 1 22
202 1 10
203 1 20
205 1 6
206 1 7
207 2 5 34
209 1 25
210 3 3 36 38
213 1 17
215 1 29
216 1 33
217 1 21
222 3 15 19 20
223 1 0
225 1 35
226 1 12
227 2 13 27
230 1 26
231 1 32
234 2 13 21
236 1 27
237 2 9 36
238 2 8 24
240 3 4 10 20
242 1 14
248 1 29
249 1 9
253 1 26
254 1 1
255 4 4 7 10 25
256 1 27
263 1 20
265 2 26 31
267 1 3
269 1 9
270 3 1 15 35
273 3 0 6 8
274 1 36
277 1 30
278 1 33
279 1 11
281 1 6
282 1 26
284 1 28
285 1 37
288 1 1
290 1 32
292 1 24
293 1 34
294 1 23
295 1 22
296 1 14
297 1 9
298 3 3 10 32
299 1 5
300 4 8 20 34 38
301 1 23
303 1 21
305 1 36
307 1 34
308 1 32
309 1 33
310 1 12
313 1 17
314 1 20
319 1 12
321 1 1
322 2 7 17
323 4 3 14 20 39
327 1 27
328 1 25
330 3 13 22 29
331 1 1
332 1 24
334 1 32
335 2 5 18
337 1 8
339 1 16
342 2 27 39
345 1 20
347 1 13
348 1 17
349 1 37
350 2 10 19
351 1 5
352 2 22 38
353 1 2
356 1 36
357 1 39
358 2 10 30
359 2 11 28
360 4 8 15 17 38
361 1 16
363 1 35
