# Random trace generated by GenTrace
# total_nodes=40 num_days=365 fail_prob=0.02 repair_days=7 burst_interval=30 burst_size=3 seed=314
# Format: timestamp num_failures node_id1 node_id2 ...
#
1 1 36
2 1 34
5 1 4
6 2 29 32
7 1 11
9 1 0
10 1 35
13 1 2
16 2 5 12
18 2 9 13
19 1 17
23 1 16
26 2 27 38
28 1 35
29 1 5
30 3 3 24 37
31 2 8 11
34 2 0 15
35 1 13
39 1 8
41 1 7
42 2 10 15
43 1 14
45 3 3 26 38
46 2 19 29
47 1 6
48 1 11
49 1 4
51 2 2 33
52 2 23 30
58 3 5 32 36
59 1 19
60 3 8 27 33
62 1 38
66 2 17 20
67 1 10
69 1 31
70 1 35
71 1 3
72 3 1 7 15
75 1 21
76 1 37
77 1 28
78 1 3
80 1 32
81 2 4 36
82 1 29
83 2 2 12
84 1 26
86 2 7 28
89 1 11
90 3 22 23 31
93 1 21
94 2 8 19
95 1 0
97 1 36
100 2 5 11
101 1 3
104 1 12
106 1 6
108 1 9
111 2 3 21
112 5 7 10 24 27 28
113 1 32
116 2 0 15
117 1 14
119 1 21
120 4 2 10 18 22
122 1 23
123 1 24
128 2 0 30
129 1 11
131 1 23
132 3 10 37 38
137 2 11 25
139 1 19
141 1 2
144 3 3 22 33
145 1 1
147 1 25
148 1 4
149 1 34
150 4 7 18 20 37
151 2 10 16
152 1 24
154 1 14
155 1 32
156 1 36
157 2 7 20
158 1 16
159 2 28 39
164 1 25
166 1 31
167 2 7 16
171 2 20 28
172 1 22
173 1 39
174 1 31
175 1 30
176 1 2
177 1 38
180 3 5 12 18
181 1 11
182 1 34
183 1 7
190 1 20
191 2 22 27
193 1 21
194 1 25
195 1 28
196 2 23 31
201 1 20
203 1 0
205 1 28
206 1 24
207 2 13 37
209 2 7 25
210 3 3 20 39
212 1 11
220 1 4
222 1 16
224 1 39
225 1 36
226 1 3
228 1 35
229 1 15
232 1 29
233 1 6
236 1 20
237 1 37
238 1 36
240 5 0 16 22 24 34
241 3 5 15 27
244 2 13 26
245 1 10
249 1 8
250 1 32
251 1 14
253 1 39
258 1 14
261 1 0
262 2 17 23
266 2 1 16
268 2 22 29
270 3 7 25 26
271 1 14
278 3 8 16 34
280 1 31
281 1 30
285 1 3
286 2 33 36
287 1 14
288 1 7
289 2 2 13
291 3 9 11 34
293 1 6
295 1 33
299 2 18 29
300 3 17 20 26
302 1 11
303 1 25
306 1 33
308 1 28
311 3 8 12 32
312 2 10 15
313 2 18 36
315 2 14 25
316 1 39
318 1 31
319 1 2
320 1 15
325 1 7
326 1 4
327 2 1 35
328 1 36
330 4 5 8 9 30
333 1 23
335 2 3 7
336 1 38
338 1 25
340 1 21
344 2 15 36
346 1 0
347 1 4
350 1 11
351 1 1
353 4 3 6 22 39
354 2 4 14
355 1 12
356 1 27
357 1 10
360 3 16 20 26
361 1 7
363 2 29 36
364 1 11
