# Predicted trace generated by GenPredictedTrace
# Source: trace.csv
# FPR=0.025 FNR=0.05 seed=42
# Format: timestamp num_failures node_id1 node_id2 ...
#
0 7 1 15 17 18 32 34 36
1 3 14 28 32
2 1 23
3 4 3 5 17 18
4 1 26
5 2 14 30
6 5 8 28 34 37 39
7 1 0
8 3 13 18 28
9 1 5
10 3 4 20 36
11 5 12 15 18 20 26
12 2 13 27
13 4 7 8 26 37
14 3 22 23 25
15 4 6 16 26 30
16 6 2 22 23 28 33 39
17 2 3 29
18 1 34
19 3 18 21 39
20 3 8 23 29
21 4 8 13 37 38
22 4 7 9 10 17
23 1 24
24 3 21 30 32
25 1 32
26 5 7 8 14 19 26
27 4 13 19 22 31
28 1 8
29 7 0 4 14 18 23 37 38
30 2 6 25
31 2 11 38
32 4 0 6 14 28
33 4 10 11 12 39
34 5 10 18 24 35 36
35 2 1 26
36 2 4 9
37 2 12 35
38 5 5 11 27 28 30
39 4 8 20 30 38
40 3 26 30 37
41 4 19 29 33 37
42 3 14 26 27
43 1 16
44 1 38
45 2 19 20
46 2 8 25
47 4 8 24 28 39
48 4 0 14 16 35
49 3 13 29 36
50 4 2 35 36 37
