# Predicted trace generated by GenPredictedTrace
# Source: trace.csv
# FPR=0.002 FNR=0.05 seed=42
# Format: timestamp num_failures node_id1 node_id2 ...
#
0 3 1 15 34
1 1 14
2 1 23
3 4 3 5 17 18
4 1 26
5 1 30
6 4 8 28 37 39
7 1 0
8 1 13
9 1 5
10 3 4 20 36
11 5 12 15 18 20 26
12 2 13 27
13 2 8 37
14 3 22 23 25
15 3 6 26 30
16 3 2 22 28
17 1 3
18 1 34
19 1 21
20 3 8 23 29
21 4 8 13 37 38
22 4 7 9 10 17
23 1 24
24 1 21
25 1 32
26 3 7 8 19
27 4 13 19 22 31
28 0
29 4 4 23 37 38
30 2 6 25
31 1 11
32 4 0 6 14 28
33 3 11 12 39
34 4 10 18 35 36
35 1 1
36 1 4
37 1 35
38 4 5 11 27 28
39 3 8 20 38
40 2 26 30
41 3 19 29 33
42 2 14 26
43 1 16
44 1 38
45 1 19
46 1 25
47 3 8 28 39
48 3 0 14 35
49 1 13
50 3 2 35 37
