# Random trace generated by GenTrace
# total_nodes=40 num_days=365 fail_prob=0.02 repair_days=7 burst_interval=30 burst_size=3 seed=999
# Format: timestamp num_failures node_id1 node_id2 ...
#
2 1 4
3 1 17
4 1 5
5 1 35
9 2 14 33
10 2 1 2
11 1 27
12 1 29
16 1 21
18 2 25 39
19 1 18
21 2 10 15
23 1 21
25 1 27
26 1 7
28 2 1 32
29 2 15 39
30 3 9 16 22
32 1 8
33 1 29
35 2 25 36
36 1 13
37 1 18
38 1 4
39 2 12 38
40 1 9
41 1 16
46 1 34
47 2 0 13
50 2 17 31
51 1 12
54 2 20 25
56 1 36
57 1 0
58 1 1
60 3 9 16 21
63 1 24
64 2 25 37
65 1 35
67 2 9 11
68 1 8
69 1 31
71 2 6 37
72 1 20
75 1 25
76 1 33
77 2 19 39
78 1 24
80 1 12
83 1 2
84 1 37
85 1 21
86 2 7 33
87 1 30
88 2 3 25
89 1 38
90 5 4 8 13 14 28
91 2 9 12
93 2 7 27
96 2 18 37
100 1 32
101 2 8 27
104 1 3
106 1 30
107 1 28
110 1 2
111 2 23 31
114 3 15 24 33
115 1 5
116 1 29
117 3 10 17 36
118 2 12 30
119 1 0
120 4 13 18 35 38
121 1 15
123 1 21
127 1 13
129 2 1 22
130 1 5
134 1 14
136 1 15
138 1 24
139 1 0
141 1 20
142 1 1
144 1 7
145 1 25
147 2 12 19
149 2 20 35
150 4 10 30 32 37
151 2 31 38
153 1 4
155 1 19
157 2 2 3
158 3 10 24 37
159 1 38
160 1 1
162 1 19
164 1 4
165 2 28 39
166 1 2
167 1 26
168 2 12 32
174 3 17 28 39
175 1 27
176 1 29
180 3 0 32 37
183 2 27 35
184 1 8
185 1 17
186 1 28
188 2 16 34
189 3 18 21 30
191 1 20
193 1 8
198 1 6
201 1 13
203 1 25
205 1 11
206 1 14
207 1 23
210 4 1 8 20 31
212 1 5
215 2 4 13
221 1 18
222 3 20 21 33
228 1 2
229 1 28
230 1 39
231 2 18 26
232 2 4 12
234 2 6 9
235 2 34 35
238 1 31
240 5 0 2 7 16 33
246 1 21
247 1 16
248 1 1
249 1 13
251 1 24
253 2 8 18
254 1 37
255 2 6 39
256 1 19
259 1 15
260 1 26
261 1 22
262 1 5
264 2 24 38
265 2 9 11
267 1 3
270 3 13 19 37
272 2 10 24
273 1 21
275 1 7
277 1 15
279 2 16 37
280 1 6
283 1 14
285 1 33
286 1 3
287 2 13 19
290 2 32 34
292 2 17 18
293 2 31 33
295 1 21
296 1 13
297 2 7 12
298 1 27
299 2 20 37
300 4 19 32 33 39
302 2 4 18
303 1 2
304 2 16 38
307 3 6 8 19
308 3 7 22 32
311 1 37
312 2 11 39
318 1 31
319 1 27
322 1 24
323 1 36
325 1 39
327 1 4
330 3 15 20 22
332 1 14
333 2 2 25
335 2 4 7
338 1 17
339 1 28
340 1 6
341 3 25 30 32
343 1 9
344 2 26 39
348 1 36
349 1 18
350 2 8 16
351 1 6
353 2 1 23
354 1 22
358 1 10
360 3 14 16 25
365 1 19
