# Random trace generated by GenTrace
# total_nodes=40 num_days=365 fail_prob=0.02 repair_days=7 burst_interval=30 burst_size=3 seed=2024
# Format: timestamp num_failures node_id1 node_id2 ...
#
1 1 16
2 1 35
3 1 0
10 2 6 36
11 1 7
13 2 3 39
14 2 5 11
15 2 1 2
18 3 7 15 17
19 1 23
20 1 10
22 1 5
25 1 25
27 4 3 26 32 33
29 3 15 21 38
30 3 10 27 28
34 1 39
37 2 19 27
40 2 2 24
41 2 30 39
42 1 35
47 2 13 14
48 1 4
50 1 23
52 1 27
54 1 9
59 1 4
60 3 19 34 38
61 1 15
64 1 18
69 1 4
70 1 30
72 1 14
73 2 36 38
76 2 21 29
77 1 18
82 1 12
85 1 4
88 2 23 37
89 2 6 22
90 3 7 16 38
93 1 1
97 2 10 17
99 1 25
100 2 19 21
102 3 8 23 33
103 1 13
104 2 3 17
105 1 12
109 2 5 30
111 1 29
112 1 27
116 3 18 24 26
118 3 5 31 36
120 4 1 27 35 37
123 1 32
128 1 0
129 2 19 28
130 1 12
132 1 29
133 1 39
136 1 36
137 2 24 26
138 1 25
139 1 31
140 1 8
142 1 1
144 1 3
145 1 36
147 1 38
148 3 10 12 14
149 3 4 13 33
150 7 11 21 23 26 27 30 34
153 1 17
155 1 38
157 1 11
158 1 7
159 1 2
161 3 1 14 24
163 3 13 23 36
166 1 21
168 1 14
170 4 6 26 30 39
171 1 36
173 1 1
174 3 9 11 23
176 1 12
177 2 10 27
180 4 1 6 18 36
181 1 21
184 2 14 30
186 1 31
187 1 28
189 1 36
190 1 33
192 2 7 20
194 2 2 30
195 1 28
198 2 37 39
199 2 4 8
200 1 19
201 2 21 26
202 1 15
203 2 3 27
205 1 34
208 1 12
210 3 7 20 32
214 1 0
215 2 16 39
217 2 6 38
218 1 4
219 1 12
220 1 5
227 1 8
231 1 18
232 1 25
234 1 9
236 3 0 12 19
238 1 32
240 3 16 26 37
241 2 23 28
243 3 7 9 17
244 1 27
245 1 22
251 1 39
252 1 1
253 1 14
254 1 5
255 2 2 9
256 1 6
260 1 29
261 2 17 23
262 2 25 30
263 1 36
264 2 8 34
265 3 1 5 12
267 1 29
270 4 13 24 26 36
271 1 11
272 2 16 19
275 2 3 18
276 1 9
279 2 4 28
285 1 6
287 2 30 35
288 2 0 17
289 1 8
290 1 34
292 1 19
295 1 36
297 1 35
300 3 0 28 39
304 2 14 20
305 1 17
307 4 9 12 15 25
310 2 4 32
311 1 1
317 3 19 23 33
318 1 18
319 1 36
321 1 39
326 1 35
328 1 26
330 3 2 4 11
331 2 3 22
334 1 16
335 2 15 24
337 1 1
341 1 22
343 1 20
344 1 6
345 1 2
346 1 8
347 1 0
348 1 5
350 2 32 36
352 1 30
354 1 22
355 1 5
359 1 6
360 3 17 25 28
