# Random trace generated by GenTrace
# total_nodes=40 num_days=365 fail_prob=0.02 repair_days=7 burst_interval=0 burst_size=3 seed=314
# Format: timestamp num_failures node_id1 node_id2 ...
#
1 1 36
2 1 34
5 1 4
6 2 29 32
7 1 11
9 1 0
10 1 35
13 1 2
16 2 5 12
18 2 9 13
19 1 17
23 1 16
26 2 27 38
28 1 35
29 1 5
30 1 9
31 2 14 17
34 2 0 13
35 1 8
39 1 2
41 1 1
42 2 4 9
43 1 8
44 1 37
45 2 20 32
46 2 13 23
47 1 0
48 2 5 38
50 1 36
51 1 27
52 2 17 24
57 1 39
58 2 26 30
59 1 13
62 1 32
66 3 1 4 31
69 1 13
70 2 17 25
71 3 23 29 37
75 1 3
76 1 19
77 2 10 25
80 2 14 26
81 1 18
82 3 11 24 34
84 1 8
85 1 29
86 1 10
88 1 33
93 3 3 27 38
94 1 16
97 1 6
99 2 14 20
100 1 12
103 1 22
105 1 16
107 1 19
110 2 13 31
111 5 17 20 34 37 38
113 1 2
115 2 10 25
116 1 24
118 1 31
119 1 11
120 1 6
121 1 34
122 1 32
127 2 4 33
128 1 15
130 1 27
131 1 14
132 2 1 2
136 2 15 29
138 1 23
140 1 6
143 3 7 26 37
144 1 5
146 1 29
147 1 8
148 1 38
150 3 7 18 24
151 1 27
153 1 12
154 1 25
155 2 26 37
156 1 8
157 1 6
158 2 19 30
163 1 16
165 2 22 38
166 1 7
170 2 11 19
171 1 13
172 1 30
173 1 22
174 2 21 33
176 1 29
180 1 7
181 2 25 37
188 1 39
190 2 1 6
192 1 0
193 1 4
194 1 7
195 2 2 10
199 1 39
201 1 19
204 1 7
205 2 3 32
206 1 16
207 1 26
208 1 4
209 2 20 31
210 2 10 29
213 1 27
214 1 26
217 1 15
218 2 18 21
219 1 34
220 1 23
222 1 13
224 2 10 19
227 2 11 21
230 1 17
233 1 33
234 1 38
235 1 5
236 1 18
237 1 25
238 1 32
240 1 30
243 2 0 19
246 1 8
247 1 21
249 1 17
250 1 38
253 1 35
256 2 2 19
258 1 6
259 3 4 11 22
260 1 38
266 1 23
271 1 24
272 2 12 35
275 2 3 33
276 1 28
277 2 4 21
278 2 17 30
279 1 1
283 1 38
284 2 24 29
287 2 21 39
292 2 27 30
293 1 25
294 1 35
295 4 12 26 32 36
296 2 0 19
298 1 34
299 2 13 38
302 1 14
303 1 23
304 1 29
308 1 0
309 2 18 24
315 1 1
317 1 11
319 2 22 33
320 1 10
321 1 15
323 1 28
324 1 1
325 1 37
327 1 39
329 1 31
332 1 5
333 2 19 22
335 1 9
336 1 36
338 1 33
342 1 27
343 1 8
344 1 12
345 1 16
348 1 23
349 1 13
351 3 15 18 34
352 3 11 16 26
353 1 24
354 1 39
355 1 22
359 1 9
361 2 6 37
362 1 24
365 1 23
