# Random trace generated by GenTrace
# total_nodes=40 num_days=365 fail_prob=0.02 repair_days=7 burst_interval=0 burst_size=3 seed=42
# Format: timestamp num_failures node_id1 node_id2 ...
#
1 4 13 17 32 36
2 2 30 35
4 1 16
7 1 4
8 1 34
10 2 24 35
15 1 30
18 1 4
19 3 13 23 29
20 1 22
22 1 24
28 2 17 19
29 1 39
30 2 4 16
32 1 7
33 4 3 9 22 26
34 1 23
35 2 31 38
36 1 35
40 1 8
41 1 15
42 1 1
43 1 9
44 1 32
45 1 37
47 1 4
49 2 11 12
52 1 19
53 1 8
54 1 31
55 1 6
57 2 5 14
59 1 21
62 2 11 35
63 1 6
65 1 14
66 1 27
68 2 12 28
71 1 29
72 2 16 21
73 1 1
75 1 34
79 2 35 36
80 1 29
82 1 34
84 1 26
85 1 27
86 1 18
87 2 20 29
88 1 33
90 2 10 24
91 1 16
93 2 30 34
95 1 1
97 5 11 21 24 25 32
100 1 39
101 1 30
102 1 13
104 1 15
106 1 36
108 1 0
109 1 28
111 1 15
113 2 5 16
116 3 11 12 17
118 1 21
121 1 26
123 2 10 17
124 4 2 7 20 34
126 1 35
127 1 19
129 1 36
130 2 13 23
131 1 20
132 1 21
135 1 1
136 1 25
137 1 32
140 1 23
146 1 14
147 1 11
148 1 29
149 1 39
150 2 3 20
152 1 27
154 3 7 15 19
155 2 6 24
156 1 14
159 1 30
161 1 28
162 2 0 16
163 2 18 27
164 2 14 37
165 1 29
167 1 2
168 1 5
169 1 11
171 1 1
172 2 0 10
175 1 39
176 3 16 26 34
177 2 4 24
178 2 1 20
180 2 6 13
181 1 32
187 1 28
190 1 37
191 2 16 30
192 3 3 7 8
193 1 21
196 2 27 32
198 1 23
200 3 17 38 39
201 2 12 34
202 3 6 7 16
203 1 27
204 1 9
207 1 1
209 1 32
210 1 33
212 1 3
213 1 7
214 1 12
220 2 20 22
221 2 23 35
224 1 28
225 1 3
227 1 34
228 1 0
229 1 14
230 1 18
231 1 31
233 3 11 29 39
234 1 12
235 2 6 20
238 1 26
239 1 8
240 1 24
241 1 4
242 1 33
245 3 21 34 39
247 2 29 35
248 2 24 26
251 1 16
252 1 34
253 1 5
254 1 15
255 2 8 22
262 1 22
263 1 16
264 1 5
265 1 26
268 2 23 25
269 2 1 31
270 2 35 39
273 2 12 32
276 1 37
277 1 26
278 1 36
279 1 27
280 2 10 33
281 1 15
283 1 9
284 1 32
286 1 23
287 1 3
288 1 13
289 3 11 16 20
291 1 10
292 1 33
294 2 32 35
296 1 2
297 1 4
298 1 38
299 1 13
301 1 19
302 2 6 30
303 2 3 34
305 1 26
307 1 22
308 1 14
309 1 4
312 1 24
313 1 1
314 1 0
315 1 25
316 1 33
317 1 17
318 1 36
319 1 13
320 1 22
321 2 8 23
322 1 0
324 2 3 5
325 3 2 12 36
329 1 31
335 2 5 18
336 1 31
339 1 27
341 1 24
342 1 23
344 1 19
347 1 17
348 1 33
349 2 27 32
351 3 14 21 29
352 1 18
353 2 16 25
354 2 1 23
355 1 7
356 1 34
358 1 37
364 2 6 15
365 2 11 12
