# Random trace generated by GenTrace
# total_nodes=40 num_days=365 fail_prob=0.02 repair_days=7 burst_interval=30 burst_size=3 seed=42
# Format: timestamp num_failures node_id1 node_id2 ...
#
1 4 13 17 32 36
2 2 30 35
4 1 16
7 1 4
8 1 34
10 2 24 35
15 1 30
18 1 4
19 3 13 23 29
20 1 22
22 1 24
28 2 17 19
29 1 39
30 4 21 29 33 38
32 1 2
33 4 1 6 16 23
34 1 22
35 1 34
36 1 5
37 1 3
40 1 14
41 1 21
42 1 7
43 1 15
44 1 38
46 1 3
47 1 10
49 2 17 18
52 1 25
53 1 14
54 1 37
55 1 12
57 2 11 20
59 1 27
60 3 23 25 31
61 1 7
63 1 28
64 1 1
66 2 5 6
67 2 4 30
68 1 2
72 2 25 38
73 1 5
75 3 3 11 33
77 4 13 16 23 36
78 2 2 10
79 1 34
81 2 28 29
84 2 16 25
86 1 20
87 1 13
89 3 1 26 37
90 4 2 19 31 33
93 2 20 27
94 1 39
95 1 9
96 2 23 28
99 1 30
101 1 7
105 1 16
107 2 2 25
108 1 21
109 1 23
113 1 9
114 2 5 27
117 1 6
118 1 12
119 4 8 16 33 37
120 3 13 18 39
127 1 21
129 1 35
131 1 0
134 1 30
135 1 31
136 1 24
137 2 1 7
138 1 8
140 1 29
143 1 0
145 1 19
147 1 8
149 1 37
150 3 2 22 30
151 1 24
152 2 28 36
154 1 3
156 1 34
161 1 12
165 1 3
166 2 25 39
167 2 0 5
169 2 16 21
170 3 22 27 32
174 1 36
175 1 8
178 1 21
180 4 0 3 24 39
184 1 32
185 1 15
186 2 10 33
187 1 13
190 1 23
192 2 2 21
194 1 6
195 1 12
196 1 20
198 1 4
199 1 26
201 1 33
202 1 9
205 1 32
206 1 27
210 4 2 19 24 26
211 1 9
212 1 17
218 2 36 38
219 1 39
220 1 11
223 2 4 19
226 2 10 16
227 1 30
228 1 34
230 1 7
231 1 27
232 3 5 15 28
233 2 22 36
237 2 2 24
239 2 0 20
240 3 11 15 18
241 1 3
244 3 1 14 22
246 2 19 24
247 2 13 16
250 1 5
251 2 22 33
253 2 3 36
254 1 10
261 1 10
262 2 4 33
264 1 14
267 3 11 13 29
268 1 19
269 2 23 27
270 3 15 22 31
271 1 38
272 1 18
275 1 36
276 1 27
277 1 39
278 1 29
279 2 11 34
280 1 16
282 1 10
283 1 33
285 1 24
286 1 4
287 1 14
288 3 12 17 21
290 1 11
291 1 34
293 2 33 36
295 1 3
296 1 5
297 1 39
298 1 14
300 5 17 26 35 36 38
301 1 25
302 2 2 33
304 1 32
306 1 39
307 1 28
308 1 17
311 1 36
312 1 14
313 1 13
314 1 38
316 2 6 30
318 2 9 26
319 1 35
320 2 21 36
321 1 13
323 2 16 18
324 2 15 25
325 1 9
329 1 4
330 3 1 13 26
334 2 23 37
336 1 15
339 1 12
341 1 9
342 1 8
344 1 4
347 1 2
348 1 18
349 2 12 17
350 1 39
351 2 6 14
352 1 3
353 3 1 10 26
354 2 8 32
356 1 19
358 1 22
360 3 4 16 18
363 1 34
364 1 3
365 2 2 5
