# Random trace generated by GenTrace
# total_nodes=40 num_days=365 fail_prob=0.02 repair_days=7 burst_interval=0 burst_size=3 seed=2024
# Format: timestamp num_failures node_id1 node_id2 ...
#
1 1 16
2 1 35
3 1 0
10 2 6 36
11 1 7
13 2 3 39
14 2 5 11
15 2 1 2
18 3 7 15 17
19 1 23
20 1 10
22 1 5
25 1 25
27 4 3 26 32 33
29 3 15 21 38
34 1 31
37 2 6 14
39 1 28
40 1 11
41 2 17 26
42 1 22
47 3 0 1 31
50 1 10
52 1 14
53 1 36
58 1 31
60 1 8
61 1 14
62 2 11 35
63 1 30
69 1 8
70 1 33
71 1 12
72 2 4 20
76 1 31
77 1 24
82 3 6 7 15
83 1 14
92 1 26
96 2 12 19
98 1 28
99 2 22 24
101 3 11 26 36
102 1 16
103 2 6 20
104 1 15
108 2 8 33
110 1 32
111 1 30
115 3 21 27 29
117 3 8 34 39
119 2 4 11
120 1 12
121 2 9 18
125 1 21
128 1 31
129 1 28
130 1 11
131 1 1
132 1 10
136 1 30
137 1 2
138 1 35
139 1 9
143 2 14 36
146 2 30 32
148 2 28 39
149 3 4 9 17
151 1 24
153 1 29
155 1 1
156 2 0 35
158 1 34
159 2 7 17
161 3 6 16 29
164 1 14
166 1 7
167 1 39
168 3 19 23 32
169 1 29
170 1 34
172 3 2 4 16
174 1 5
175 2 3 20
181 1 10
183 1 0
184 3 17 30 39
187 2 12 32
189 1 26
190 1 10
191 1 0
195 1 20
196 1 39
197 1 13
199 1 18
200 1 16
202 3 4 29 35
203 1 33
206 1 7
210 1 27
211 1 39
212 1 21
213 1 24
214 2 17 22
215 1 31
216 1 23
223 1 27
227 1 37
229 1 4
230 1 28
232 3 19 31 38
235 1 11
237 1 33
239 2 1 17
240 1 15
241 2 22 25
245 1 3
248 3 1 23 27
249 2 8 11
255 1 1
258 1 22
259 1 3
260 1 39
262 1 7
263 1 38
264 1 34
265 1 11
266 1 14
267 2 17 20
270 2 0 13
271 1 4
273 1 35
274 1 20
279 1 38
282 3 22 27 32
283 1 9
284 1 0
285 1 26
287 1 11
290 1 28
292 1 27
295 1 8
300 1 11
304 2 2 9
307 1 39
309 1 36
314 1 22
315 1 11
316 1 23
318 1 2
319 2 29 32
321 1 35
322 1 3
325 2 2 20
328 1 8
329 2 3 11
330 1 26
335 1 7
337 2 5 31
338 1 27
339 1 33
340 1 25
341 1 30
344 2 17 21
346 1 15
348 2 7 30
352 1 31
363 2 4 15
365 1 24
