31 35 38 41 11 0 1 47 37 29 16 6 34 24
15 21 45 19 42 22 36 17 46 47 1 34 43 0
0 32 12 44 20 13 1 28 18 39 45 33 35 27
0 1 12 49 48 47 10 32 23 37 41 17 36 6
37 9 0 13 27 33 1 46 6 41 24 49 29 40
10 12 42 1 9 18 7 17 27 48 34 0 13 29
21 45 37 44 17 39 25 13 29 20 11 0 26 1
11 24 8 43 12 42 38 46 49 5 13 1 44 0
6 33 49 37 43 46 31 28 10 7 1 19 20 0
16 42 4 31 49 28 44 6 13 0 47 27 20 1
30 22 36 44 16 12 18 43 46 0 47 10 1 24
49 21 15 47 14 1 36 16 0 41 9 34 3 48
0 25 13 24 49 39 48 29 1 28 9 26 15 42
19 33 17 27 1 11 6 30 25 44 8 9 0 36
0 48 19 22 17 42 6 33 24 38 5 30 20 1
25 12 32 23 17 0 1 30 3 6 11 34 9 46
6 31 15 17 26 25 28 27 21 1 42 0 43 12
20 32 24 34 42 1 0 43 26 29 27 30 38 39
45 18 4 1 16 43 33 0 48 36 31 26 22 28
45 46 49 29 36 30 0 13 44 33 37 1 21 2
6 26 14 32 47 8 37 5 44 0 46 17 1 48
0 44 36 40 24 38 15 42 1 14 39 22 43 4
10 0 1 42 35 20 2 25 6 36 12 9 8 16
3 0 34 10 17 48 12 30 42 23 1 24 7 38
16 40 19 0 7 4 43 1 37 34 38 13 35 46
49 0 17 33 5 44 19 12 41 21 11 1 45 10
40 2 44 22 4 1 5 14 28 48 10 35 0 17
38 46 0 27 30 24 10 23 21 26 1 32 29 31
42 36 23 16 1 3 2 40 17 22 6 46 0 20
17 0 24 10 1 41 34 2 9 32 25 46 42 44
1 47 16 10 0 23 4 9 5 27 36 19 46 11
9 5 11 0 33 20 31 6 19 1 17 7 16 14
22 34 18 16 11 45 1 19 23 9 3 20 0 12
15 1 40 13 41 9 30 34 35 0 38 20 21 47
42 28 45 24 11 20 8 23 1 16 44 0 30 25
21 47 2 14 11 0 9 30 39 43 1 6 10 24
48 14 18 42 43 41 1 33 19 5 0 8 27 6
49 7 46 31 0 1 14 24 42 29 44 19 41 30
0 10 5 2 46 33 16 17 39 6 28 32 26 1
45 26 1 11 47 0 37 4 44 48 35 3 29 18
42 21 9 41 7 14 0 26 45 48 1 23 44 46
47 26 15 35 5 39 38 0 48 1 11 6 42 19
17 19 9 36 33 1 11 41 7 42 25 0 48 46
7 43 35 23 6 25 21 1 32 22 38 0 46 33
1 45 47 30 4 39 15 11 0 19 22 28 38 21
2 0 1 40 42 15 12 26 27 47 9 14 32 30
10 18 22 16 15 45 0 46 48 37 1 44 31 7
14 1 24 39 37 31 17 3 0 5 15 48 47 25
26 27 7 35 4 31 0 43 38 47 46 1 33 48
33 0 10 22 31 21 11 36 8 48 46 1 20 41
1 3 45 49 37 27 26 20 47 39 10 0 46 31
0 36 39 1 22 13 46 34 25 11 29 14 48 35
20 1 6 24 40 37 0 11 31 15 39 22 18 19
14 41 11 9 1 0 16 19 15 47 30 46 28 2
4 35 21 14 5 45 6 0 16 28 1 36 39 44
31 2 14 29 5 1 0 37 38 19 8 36 16 9
40 25 32 27 48 11 2 4 1 30 24 0 14 43
38 30 39 16 1 12 45 3 14 44 41 29 0 15
0 48 5 1 20 23 4 28 26 12 31 34 14 27
1 10 49 14 33 29 12 25 8 48 0 22 18 36
0 1 43 16 41 37 11 8 40 20 44 2 18 7
9 42 25 15 0 47 10 13 32 16 8 33 23 1
43 42 47 22 1 20 13 4 7 2 0 6 3 34
5 32 31 41 2 37 24 1 0 15 48 16 26 21
41 1 38 25 24 0 37 35 17 46 20 9 39 31
19 30 37 39 18 4 23 34 38 28 0 1 27 42
14 3 39 49 27 17 31 18 46 34 0 1 35 5
37 25 44 0 14 41 46 27 10 1 2 30 26 29
22 31 24 33 19 0 34 16 25 26 1 45 43 30
4 46 43 0 8 26 49 14 24 1 3 15 41 28
11 45 48 31 41 28 1 23 30 4 0 29 35 25
11 22 37 17 27 0 45 8 25 4 32 35 1 24
19 8 16 23 15 0 20 3 1 26 17 36 49 37
4 1 25 31 35 16 34 24 14 29 0 7 48 43
1 5 3 34 7 8 49 41 0 47 18 11 39 13
0 17 13 38 16 26 24 12 25 1 14 42 31 46
45 37 0 24 40 35 33 38 41 28 6 1 27 47
32 31 7 14 46 25 9 43 0 29 47 8 6 1
34 35 0 21 8 7 30 1 32 20 25 9 44 36
26 41 25 1 13 14 34 3 23 21 16 18 0 9
1 35 4 11 36 0 39 16 2 47 46 15 42 19
38 46 18 41 10 1 42 0 28 5 11 6 29 24
27 47 45 1 24 36 28 20 33 23 0 7 26 42
31 29 47 32 38 1 0 42 46 37 30 43 10 11
0 9 8 45 42 40 44 13 39 12 10 20 4 1
1 46 37 16 0 5 14 27 36 9 11 33 13 18
41 29 1 32 15 37 27 16 22 0 5 26 44 48
11 7 0 33 39 47 31 44 1 23 48 20 15 38
1 36 18 38 0 2 13 17 19 31 30 35 46 7
31 2 44 9 1 46 40 4 19 45 28 17 0 39
24 49 2 37 25 40 1 41 0 32 39 31 27 42
12 47 1 0 25 49 35 13 26 46 28 17 22 9
18 34 35 11 40 1 20 0 25 32 28 2 43 48
42 39 34 0 12 16 35 4 44 25 17 21 31 1
0 15 37 1 28 41 7 13 42 43 18 35 49 33
23 20 2 19 1 5 46 10 38 16 24 0 30 29
16 25 29 48 46 38 30 21 0 20 40 6 1 4
35 39 25 1 41 11 4 8 21 6 0 44 28 23
46 3 39 10 45 1 49 35 34 43 6 13 19 0
31 1 40 38 28 3 0 18 41 26 36 33 6 14
19 33 0 12 8 1 15 2 30 34 9 18 39 49
43 35 47 29 21 0 11 13 3 1 26 44 48 25
22 31 44 40 17 39 38 43 11 0 23 8 1 16
33 30 5 34 7 16 26 14 46 0 44 24 1 29
35 34 24 9 18 19 25 1 48 39 21 46 0 8
31 12 9 33 46 44 1 48 41 0 10 25 34 20
17 9 12 37 33 46 41 45 18 47 40 0 3 1
46 1 19 2 14 37 0 29 44 13 16 36 22 25
0 2 41 49 14 48 29 1 30 22 43 17 38 40
30 11 25 21 29 10 1 32 44 0 45 5 4 24
30 19 0 36 48 33 17 16 24 44 1 35 22 42
23 3 25 42 7 1 44 8 0 48 15 35 32 18
30 18 1 0 45 26 6 41 33 36 27 49 5 32
39 36 0 6 8 15 1 4 47 32 29 45 23 13
19 21 36 0 40 32 3 26 37 33 31 23 15 1
43 9 46 19 37 2 0 33 22 24 27 1 3 12
30 18 1 27 46 38 40 0 31 42 20 24 5 33
7 1 16 49 25 12 0 18 42 8 6 45 13 34
28 47 37 18 0 48 22 38 15 25 45 20 46 1
40 42 29 37 41 19 0 33 24 47 26 1 45 22
17 32 20 2 45 46 34 33 1 0 7 22 38 10
44 25 27 47 31 0 1 24 33 15 45 13 48 32
24 3 41 1 48 12 30 47 4 5 0 9 40 7
44 25 34 46 7 16 14 15 43 32 1 21 31 0
1 41 15 22 44 6 21 31 13 20 0 45 40 46
12 10 23 22 39 14 31 5 25 38 0 29 24 1
31 0 1 7 19 21 9 4 40 23 38 5 35 30
26 3 31 10 5 4 38 7 1 20 44 37 23 0
8 49 37 1 5 12 24 47 32 0 28 33 39 20
43 1 27 33 5 3 25 0 14 24 26 41 13 28
0 27 29 3 6 1 13 10 40 41 32 19 8 36
25 11 0 43 39 47 1 9 12 8 16 22 14 37
18 41 0 1 5 39 26 36 8 29 19 7 22 9
35 6 46 0 1 11 41 38 3 40 49 43 32 2
27 48 37 25 16 0 33 47 23 44 26 1 40 24
20 42 2 11 30 31 40 44 1 32 0 22 25 8
28 42 23 11 6 33 45 0 1 40 34 19 37 25
41 0 13 9 49 29 1 7 18 27 34 14 31 46
3 1 27 5 49 40 11 26 28 21 13 32 0 4
1 0 11 18 4 6 41 19 15 12 31 40 27 33
32 4 23 20 43 1 27 30 2 38 0 35 19 39
21 1 10 47 0 17 2 27 34 8 42 7 19 30
48 23 20 47 19 34 0 43 1 29 10 49 15 16
3 10 36 1 20 45 0 48 18 49 31 21 11 25
47 7 10 3 0 38 45 4 1 31 11 28 37 41
29 0 13 17 1 37 26 7 27 49 22 38 4 11
16 44 39 22 23 21 5 1 18 40 0 31 3 10
27 0 25 22 31 38 14 29 7 1 30 21 23 40
28 18 0 43 40 4 37 1 46 20 38 29 5 45
44 14 37 9 0 1 2 25 20 45 24 46 31 34
