39 16 5 18 21 27 8 24 32 7 14 20 19 3 
14 30 1 24 33 25 5 16 37 19 10 17 0 8 
39 26 10 15 31 17 30 20 28 32 5 7 9 12 
15 18 30 38 23 16 26 10 27 3 37 39 28 34 
19 9 29 4 30 8 6 12 35 18 22 5 32 36 
30 9 11 20 25 15 18 27 13 17 10 2 1 26 
1 29 19 5 31 7 34 36 4 10 9 30 20 22 
2 4 32 15 22 0 21 11 13 3 8 27 5 16 
38 21 26 0 7 36 30 5 37 16 1 17 25 32 
39 38 5 34 12 31 6 10 29 11 21 14 33 1 
29 28 24 20 22 9 25 15 14 16 37 10 35 11 
1 35 18 26 39 10 20 14 7 6 37 19 27 23 
29 15 20 8 25 23 12 19 9 11 31 18 13 1 
21 5 7 37 36 14 22 12 4 33 17 24 10 31 
11 0 31 10 18 9 33 5 2 17 7 24 15 12 
33 12 35 22 37 30 32 13 36 25 34 9 14 23 
2 17 12 4 1 31 29 20 15 39 23 36 26 13 
16 20 29 24 36 19 1 12 22 0 11 30 23 3 
32 31 17 12 21 39 20 8 4 14 27 3 34 11 
39 23 20 36 25 11 38 29 33 21 5 16 17 28 
32 27 7 33 21 22 19 25 9 36 28 29 2 5 
10 39 0 5 6 23 38 20 29 32 4 12 16 26 
30 9 34 0 21 27 36 5 32 26 1 29 33 3 
24 25 12 17 27 14 20 39 1 3 37 11 34 28 
8 25 16 0 27 6 35 12 11 31 23 21 3 28 
38 6 23 20 4 37 7 21 19 0 5 13 24 9 
26 10 9 4 0 19 3 16 39 27 15 13 35 14 
12 37 33 19 13 26 35 20 24 39 0 4 16 1 
32 27 2 8 29 36 0 19 24 31 7 37 20 3 
19 20 37 4 22 38 30 1 13 5 17 6 10 2 
25 37 18 0 31 29 38 33 17 9 4 6 34 20 
28 5 16 34 21 25 12 15 26 8 1 35 23 7 
14 35 4 28 16 17 38 1 26 27 15 18 3 23 
37 18 35 13 25 3 14 7 17 26 38 23 16 10 
8 11 39 16 12 33 2 3 38 14 4 22 15 36 
12 31 11 29 33 6 14 26 17 23 27 0 1 16 
27 20 1 24 30 38 25 26 36 28 12 10 15 39 
17 37 31 25 2 22 16 29 4 5 8 30 7 26 
8 16 17 27 12 25 37 39 18 3 36 2 20 9 
24 35 18 38 1 13 21 27 15 16 30 17 2 26 
3 34 12 13 31 1 26 8 23 32 35 15 29 10 
1 0 32 22 35 30 15 27 3 19 18 24 38 11 
18 31 6 11 27 0 2 10 17 38 13 7 28 3 
19 32 38 14 15 0 35 26 23 29 2 10 21 36 
3 26 20 6 39 2 37 25 14 33 27 4 28 15 
38 21 39 5 13 6 1 10 33 0 24 29 7 25 
1 38 10 9 31 33 2 20 34 19 27 29 11 6 
25 18 31 26 9 27 29 2 37 3 33 5 6 21 
23 1 19 33 15 29 9 24 2 26 0 32 4 5 
27 17 19 10 30 33 37 23 5 39 25 15 4 6 
39 26 31 2 10 37 38 3 6 0 8 30 9 7 
7 18 22 38 8 34 21 23 4 6 1 36 3 35 
14 18 17 26 5 38 28 6 21 31 8 13 24 4 
20 28 9 7 21 25 4 14 15 29 10 0 33 22 
23 28 10 29 4 15 13 7 25 20 24 0 22 26 
10 14 7 1 23 24 22 16 37 8 17 30 31 21 
36 12 27 33 10 25 31 17 38 37 20 32 13 22 
12 24 1 14 4 9 15 37 26 7 8 10 33 21 
36 23 31 9 14 4 11 39 28 12 8 25 17 16 
21 33 15 32 14 10 29 22 34 7 30 12 1 11 
35 10 37 17 24 7 20 25 3 11 4 6 28 5 
34 23 39 21 2 17 15 24 0 12 38 26 32 19 
32 22 18 9 6 8 19 25 14 17 4 38 26 1 
14 10 29 27 23 11 12 33 37 36 25 30 9 6 
22 20 11 30 39 38 27 3 9 35 16 28 12 24 
5 23 15 9 12 1 3 36 22 30 6 38 33 10 
22 30 25 9 3 38 33 16 2 5 23 0 20 27 
29 19 18 22 26 5 4 28 2 33 34 16 0 10 
6 13 28 9 1 31 35 8 11 25 3 26 17 7 
3 31 15 19 25 29 36 17 10 21 0 38 2 1 
30 26 37 13 39 10 31 22 32 35 0 36 18 16 
32 38 22 28 13 34 26 5 36 14 10 3 9 23 
19 31 25 38 17 28 23 22 37 3 5 33 35 13 
33 15 11 13 2 36 3 16 37 34 29 24 21 17 
11 38 3 5 2 21 32 37 24 13 34 31 29 7 
38 4 16 3 35 24 19 26 8 15 27 25 22 7 
13 11 0 17 20 5 4 32 9 35 29 3 33 10 
30 37 35 28 5 39 8 23 34 0 33 22 14 31 
25 34 1 21 20 4 3 8 17 26 28 24 9 31 
26 25 18 20 32 35 36 15 11 30 19 16 0 8 
14 18 6 26 31 34 13 32 23 37 38 9 4 17 
22 14 23 6 29 37 32 20 19 13 15 38 25 1 
30 9 11 31 28 7 32 26 4 19 37 0 13 21 
20 32 33 23 37 21 30 5 26 18 39 36 27 7 
12 2 36 20 26 13 28 25 1 37 3 18 24 34 
33 11 26 37 30 5 23 15 1 9 10 32 14 18 
8 2 18 10 32 21 29 17 9 24 6 11 13 35 
14 16 1 10 19 5 17 38 0 23 33 20 22 18 
33 13 35 1 27 31 39 6 24 4 23 36 34 32 
14 16 2 32 9 25 31 21 13 33 37 17 10 12 
14 4 3 30 26 35 22 8 29 17 15 25 16 39 
14 38 32 30 18 35 19 29 31 36 12 3 1 37 
0 17 29 22 36 21 13 9 12 23 4 25 2 1 
19 6 3 5 32 31 9 36 26 28 29 10 15 27 
6 11 37 7 3 36 31 13 34 24 17 16 2 19 
14 19 26 33 0 5 18 23 2 13 12 30 21 38 
11 31 10 23 22 13 29 2 15 32 0 21 18 33 
17 32 24 27 8 1 23 4 0 19 30 35 18 26 
5 4 22 8 1 34 0 35 24 2 23 37 3 31 
31 10 9 32 28 11 17 7 26 16 6 8 30 21 
37 14 31 8 17 26 12 0 4 9 5 22 1 3 
25 34 21 29 38 14 35 33 9 24 1 4 27 37 
33 17 34 36 3 23 31 35 18 32 14 21 9 20 
33 39 9 1 3 29 22 4 5 10 31 26 30 0 
15 19 30 6 5 3 38 18 31 16 29 36 20 7 
30 34 21 20 29 35 9 24 18 28 37 16 10 11 
38 7 1 9 21 5 16 29 12 10 18 39 3 2 
34 20 14 32 24 21 1 28 33 38 31 3 22 2 
27 8 17 22 0 26 32 9 4 2 25 12 24 37 
8 36 6 29 35 4 17 28 37 18 22 14 26 33 
22 20 6 36 25 31 13 1 2 30 16 38 21 5 
33 7 5 20 4 16 30 15 14 11 25 17 9 31 
0 35 37 16 24 28 11 36 14 32 8 22 31 6 
19 37 5 36 9 29 35 10 26 4 39 12 22 2 
2 18 21 10 6 39 37 4 13 31 36 14 7 15 
33 18 28 13 5 8 30 19 16 22 31 9 37 11 
8 28 17 18 31 1 39 26 23 19 12 16 20 21 
33 3 1 31 14 21 6 36 23 10 18 13 8 28 
29 6 27 28 11 9 16 14 18 25 3 23 21 35 
7 30 9 17 12 14 38 36 18 37 4 8 31 32 
28 14 27 21 10 6 16 33 23 37 39 13 24 3 
33 32 14 19 20 27 35 22 8 12 25 10 7 1 
33 14 32 31 1 5 4 39 19 30 29 12 16 36 
16 17 35 4 29 39 23 36 11 33 31 22 34 7 
38 26 29 11 39 8 32 21 15 14 7 1 36 2 
18 25 11 10 28 13 12 26 39 37 33 31 22 19 
21 9 15 12 20 39 31 37 26 34 36 38 27 30 
26 1 35 37 33 11 32 18 20 30 28 17 7 23 
32 33 15 23 27 37 18 28 12 36 10 11 0 22 
14 27 3 18 12 28 17 38 37 7 13 36 22 30 
19 2 39 32 34 13 21 6 37 28 10 16 12 20 
14 34 25 4 6 24 29 23 28 30 7 31 35 19 
38 13 39 16 1 15 23 14 0 22 21 25 34 26 
18 7 3 21 2 17 38 36 20 19 32 11 28 23 
30 21 26 23 25 35 5 1 31 19 32 3 36 0 
6 38 34 21 11 25 9 20 28 22 1 3 35 8 
33 27 39 25 7 13 20 2 26 34 4 15 31 35 
30 37 20 21 11 23 22 13 38 15 28 26 29 10 
25 18 3 36 30 5 20 16 23 10 9 37 26 27 
24 36 9 8 34 37 32 26 10 3 19 28 20 25 
11 19 3 2 6 7 22 0 33 1 14 37 10 39 
34 26 15 36 28 10 7 32 16 21 22 9 6 38 
9 4 31 19 6 30 38 3 11 2 18 20 34 0 
38 13 6 20 10 32 15 11 16 1 19 39 17 24 
32 38 6 5 35 14 19 27 33 1 34 30 21 0 
3 20 33 34 18 15 14 36 25 28 27 8 11 24 
37 8 29 0 1 28 36 5 15 12 31 14 25 24 
20 23 1 38 16 37 21 34 18 28 10 22 14 26 
1 2 29 32 39 24 16 3 30 37 38 22 26 28 
35 14 25 39 37 22 13 15 3 8 30 33 18 17 
16 2 21 32 7 37 25 13 20 24 5 3 35 28 
8 29 38 19 39 9 12 3 22 14 27 5 7 31 
16 29 31 13 9 32 30 7 2 22 15 26 38 21 
3 20 24 15 28 22 6 18 1 34 14 37 10 9 
37 17 4 0 28 34 38 8 13 36 3 35 19 18 
36 12 33 26 4 19 29 39 6 37 18 0 2 27 
19 29 20 33 39 18 12 35 31 37 32 28 6 24 
21 33 32 10 15 17 6 9 38 18 27 19 2 8 
31 13 11 0 21 12 35 18 5 37 6 7 16 17 
27 7 28 17 21 37 18 15 14 38 35 6 26 3 
35 20 28 39 17 19 25 16 32 0 37 9 33 27 
33 25 32 37 21 29 36 16 28 14 24 27 38 9 
25 29 4 15 9 0 5 38 19 6 13 34 14 33 
0 22 10 35 36 7 17 32 30 13 2 33 20 6 
20 39 8 11 26 10 5 25 30 3 16 0 35 12 
26 8 22 33 9 38 18 32 15 30 1 19 12 5 
28 6 18 30 20 36 29 13 19 5 11 27 38 33 
38 11 19 3 29 4 28 30 39 15 16 12 2 13 
36 24 30 32 33 38 2 12 35 17 6 39 31 37 
27 35 1 28 12 7 26 23 0 21 13 15 25 31 
38 26 8 19 12 13 28 36 25 20 29 9 32 23 
32 20 16 11 36 39 30 8 34 5 25 0 35 13 
25 34 23 9 32 12 30 5 8 14 36 24 19 17 
33 2 12 17 5 7 15 37 4 18 20 3 11 35 
25 18 13 8 1 34 20 16 36 27 31 38 29 23 
35 27 33 26 36 9 20 10 31 16 24 22 30 7 
8 33 4 23 26 2 39 31 30 32 9 11 29 0 
27 20 11 30 3 29 32 13 12 34 23 9 0 31 
36 0 28 19 26 14 3 35 15 21 10 37 39 24 
36 4 31 7 25 28 13 1 32 38 33 35 10 22 
14 1 10 11 22 35 8 31 13 23 26 9 33 12 
1 7 24 23 33 18 31 5 36 12 3 8 38 29 
0 33 1 15 27 13 6 5 30 34 16 19 9 32 
38 21 27 14 26 16 5 29 15 33 19 30 11 18 
28 7 34 4 37 26 1 6 8 21 15 33 9 3 
31 8 25 11 19 7 9 12 32 36 23 38 10 0 
18 39 13 32 28 24 25 12 20 0 23 19 3 36 
22 16 21 12 14 20 17 15 28 33 30 13 26 23 
31 1 35 19 8 17 13 10 20 36 32 9 33 26 
35 6 10 15 1 16 8 27 29 33 17 34 18 39 
24 20 0 12 23 39 26 36 2 19 33 16 38 35 
37 19 13 31 16 2 36 20 34 18 33 22 11 17 
2 34 35 20 0 6 29 4 5 31 22 12 37 24 
35 39 1 18 15 29 30 36 3 0 38 27 32 11 
7 6 37 11 34 5 23 26 24 27 8 39 14 21 
6 13 7 38 21 17 2 31 39 9 5 22 11 29 
14 25 5 28 11 0 39 7 13 9 29 6 35 33 
36 26 15 11 0 37 5 6 1 32 33 4 22 24 
30 11 19 6 14 31 27 23 18 20 10 17 25 12 
28 33 7 15 13 38 24 6 11 18 19 34 5 36 
23 7 35 39 16 34 20 6 19 11 21 4 27 38 
3 2 14 11 24 26 33 4 12 8 25 35 5 17 
25 20 33 13 4 1 2 36 35 10 30 34 3 29 
14 18 37 11 36 26 6 0 39 9 3 12 17 28 
22 31 2 14 17 15 18 20 6 10 9 32 4 8 
20 7 38 6 16 1 39 4 37 9 8 32 5 11 
25 34 17 22 9 28 38 16 7 24 39 8 0 18 
8 3 19 5 15 13 28 23 16 21 17 26 39 29 
38 19 6 28 31 36 8 23 3 11 30 2 15 34 
0 27 15 3 29 22 38 33 35 2 6 8 36 13 
34 27 5 32 14 8 7 38 35 36 22 13 33 39 
12 21 32 4 3 27 22 2 35 38 10 33 36 37 
9 35 39 10 34 3 18 13 38 30 0 4 37 22 
30 23 36 4 10 14 26 1 12 8 37 7 13 17 
9 31 37 22 38 7 8 28 1 27 20 4 29 35 
33 0 38 17 16 32 21 34 30 29 7 11 5 6 
23 0 19 15 8 16 14 29 26 28 9 34 5 2 
25 19 23 29 6 39 2 20 9 21 33 16 5 18 
24 8 19 33 32 1 3 29 11 23 28 26 30 36 
15 29 18 27 1 23 0 6 2 12 3 14 37 5 
39 24 23 36 37 10 35 16 4 6 19 13 32 30 
35 29 31 6 9 7 0 27 4 19 14 38 11 3 
10 20 31 16 18 25 29 7 13 12 0 23 34 14 
29 25 34 22 4 5 1 32 23 36 3 2 35 28 
35 34 3 38 39 33 22 21 36 14 8 23 28 32 
11 32 6 13 9 15 8 39 19 2 34 31 17 16 
24 21 14 15 11 36 6 8 34 2 30 23 35 28 
26 38 19 21 17 29 31 36 37 2 7 39 16 23 
4 16 26 22 35 6 5 36 33 3 29 24 12 25 
16 2 17 15 6 19 11 10 13 27 26 21 1 23 
38 21 8 14 1 37 26 4 2 6 36 15 30 34 
28 31 22 33 9 0 35 13 10 39 27 11 19 36 
13 6 7 34 33 14 29 11 27 37 0 2 4 9 
16 38 36 2 31 6 7 34 24 1 8 27 18 39 
15 24 30 35 6 16 39 5 18 29 23 38 31 37 
1 14 6 27 24 37 4 30 11 2 18 31 12 36 
8 3 27 25 23 34 20 10 1 22 16 15 12 30 
29 30 20 9 22 5 2 19 11 8 10 14 0 32 
7 9 32 35 36 2 16 15 28 27 23 8 20 26 
20 35 28 10 0 25 30 19 22 34 8 7 11 12 
9 10 4 25 14 0 33 35 29 37 12 6 8 2 
23 11 35 32 18 5 36 21 14 34 13 19 39 8 
33 16 7 36 29 11 31 9 14 23 15 25 17 6 
36 6 19 24 18 9 30 15 4 33 32 39 38 16 
6 13 25 9 20 15 11 34 4 3 8 18 37 26 
37 28 31 18 14 32 12 25 13 36 8 16 3 30 
19 0 29 7 33 16 27 20 8 38 35 31 36 39 
6 10 7 20 19 2 33 17 23 16 30 8 37 1 
1 37 25 29 21 38 28 33 30 6 12 27 0 22 
8 21 12 14 24 2 25 35 6 28 13 1 30 31 
24 12 35 11 32 3 7 25 5 9 6 4 8 37 
1 4 15 35 3 25 19 18 30 6 36 2 23 0 
2 3 26 7 11 12 23 18 10 0 6 8 31 14 
26 8 24 20 17 14 7 32 19 2 1 27 0 16 
21 20 13 3 34 16 23 28 11 35 19 39 5 4 
7 28 19 38 9 20 2 12 31 5 17 13 22 10 
11 37 24 1 18 16 38 9 28 34 33 14 20 39 
27 2 35 21 19 20 3 36 28 8 17 31 5 38 
32 30 36 21 5 29 3 16 1 0 34 19 25 17 
12 34 23 33 37 24 29 22 25 20 18 38 16 39 
15 23 24 36 34 35 9 8 30 39 11 16 6 5 
2 4 1 19 0 30 28 21 8 22 20 15 13 36 
20 18 23 12 11 22 13 10 9 8 1 15 35 3 
15 35 22 24 6 7 25 11 30 0 34 21 36 27 
0 7 5 33 10 9 32 38 20 21 37 28 34 30 
10 11 15 12 6 36 17 37 27 35 25 23 5 33 
1 23 21 10 8 34 9 31 26 4 7 0 15 20 
5 36 26 3 22 11 14 18 10 13 35 30 9 12 
0 11 20 28 23 36 30 21 31 25 26 13 38 4 
16 31 2 6 9 5 23 21 17 28 20 19 39 13 
15 21 30 32 2 33 3 24 10 22 27 16 37 35 
24 5 4 1 30 12 31 9 10 2 23 28 37 7 
29 13 1 28 37 12 17 10 20 16 21 6 27 33 
26 19 6 0 23 34 18 8 20 21 4 39 14 37 
9 16 39 8 14 20 4 23 38 33 36 26 32 15 
9 39 22 12 21 26 0 18 15 14 27 3 35 32 
39 15 5 33 8 27 34 19 38 2 29 17 9 36 
22 15 16 33 0 3 30 32 11 26 34 25 37 10 
21 24 22 8 11 38 31 28 12 4 27 17 7 10 
11 14 4 35 7 2 25 22 33 30 28 21 12 29 
27 12 24 11 1 2 32 39 14 7 3 21 31 29 
0 17 2 24 18 12 1 22 27 30 10 3 6 14 
14 15 23 13 24 30 1 0 22 33 5 39 37 27 
27 19 38 23 17 7 3 22 5 35 8 2 33 10 
3 13 25 29 0 34 33 36 26 7 27 38 37 15 
7 3 8 11 20 38 23 14 26 10 34 1 25 16 
27 1 28 18 21 31 15 16 19 7 33 17 32 14 
0 13 5 18 1 21 25 6 12 27 31 29 7 26 
35 23 38 10 15 29 13 0 11 24 30 22 19 33 
39 12 1 3 23 24 0 16 15 37 19 32 29 14 
35 36 0 2 26 37 12 28 6 31 34 10 16 24 
27 18 11 20 1 28 34 33 12 17 21 7 31 35 
33 36 37 17 38 4 13 8 2 0 7 28 5 16 
21 24 4 32 22 34 31 28 29 5 38 19 39 35 
15 24 33 2 26 39 32 14 22 3 5 18 10 35 
1 10 39 31 6 7 3 37 16 17 15 38 0 36 
18 39 9 31 11 6 27 8 16 22 30 19 35 29 
2 5 19 1 29 30 10 0 33 18 6 23 21 22 
30 5 6 4 0 37 3 16 22 39 33 12 23 38 
26 27 10 25 1 18 31 29 23 20 36 39 28 7 
23 22 19 2 28 3 13 9 38 6 25 14 10 37 
0 29 38 1 35 18 15 34 26 17 20 21 8 33 
8 6 26 28 37 5 30 20 39 16 21 14 9 3 
24 25 1 37 9 15 7 6 20 13 14 21 0 33 
12 26 9 29 22 7 37 25 6 39 1 16 2 5 
22 27 28 21 4 10 24 1 16 18 17 12 11 29 
20 22 37 24 13 34 23 29 39 35 32 5 15 28 
35 18 19 0 33 16 9 39 6 32 4 36 31 21 
23 8 25 0 28 7 27 5 6 20 38 26 1 10 
17 13 22 20 11 3 4 16 25 9 27 14 6 12 
18 10 9 21 17 11 1 37 19 13 34 32 14 4 
2 22 32 34 7 20 9 26 23 13 21 33 31 39 
31 16 6 30 9 18 14 15 2 39 24 22 34 27 
11 12 32 10 38 6 13 8 34 23 35 15 39 14 
25 0 11 31 16 39 24 3 5 20 37 19 38 14 
7 8 25 38 6 2 31 5 10 34 37 9 35 4 
29 37 28 18 13 20 14 0 2 39 10 6 38 23 
6 39 21 16 32 28 12 37 24 29 38 17 9 36 
35 36 13 34 12 29 21 26 11 9 28 14 30 24 
30 9 10 35 21 38 16 20 15 12 4 11 25 39 
34 0 14 35 5 37 17 19 39 31 7 6 4 10 
31 22 37 28 33 4 30 15 13 18 11 20 21 5 
12 30 27 38 6 4 17 16 26 11 31 32 36 1 
21 16 38 31 36 4 17 34 19 26 20 14 37 0 
16 3 36 18 13 29 39 9 4 30 38 12 37 1 
11 9 33 1 4 35 6 39 34 38 22 8 25 28 
18 29 19 0 11 30 37 28 38 9 26 17 8 35 
37 1 5 24 21 15 14 8 39 0 27 31 38 16 
10 38 31 4 22 25 32 26 17 35 3 19 21 15 
27 26 28 37 35 13 33 39 31 36 8 7 18 2 
0 9 3 10 19 6 11 20 36 18 13 25 38 7 
30 0 29 10 9 17 16 12 28 27 13 3 35 22 
38 33 22 26 20 36 34 16 27 5 17 32 30 31 
23 34 3 14 19 22 25 39 36 2 38 32 12 6 
35 13 9 31 19 27 28 21 2 32 30 37 14 17 
34 37 38 9 39 29 7 5 22 33 8 10 1 28 
14 20 33 0 30 36 34 29 38 17 25 13 21 39 
21 32 6 22 17 9 16 28 11 0 31 34 29 24 
30 22 17 21 14 32 3 18 7 37 34 39 11 1 
8 38 39 1 23 10 9 34 13 27 2 32 15 7 
16 19 24 38 28 39 20 36 1 6 8 15 21 5 
7 25 18 19 6 15 12 22 27 3 21 4 1 24 
6 38 14 18 37 28 12 17 9 8 30 16 0 35 
16 20 32 7 18 24 11 13 12 8 19 35 31 6 
37 17 6 3 2 8 26 16 5 32 39 36 11 30 
11 12 8 27 29 2 19 14 22 1 17 24 28 35 
5 23 12 10 29 3 13 39 38 0 4 35 27 1 
6 27 20 9 10 7 35 5 3 21 16 38 13 39 
0 14 5 6 18 39 33 22 21 32 28 16 26 35 
26 35 39 22 15 23 7 25 1 18 2 33 31 29 
31 6 0 14 24 34 1 21 5 17 18 28 2 12 
23 12 13 21 1 2 37 20 15 3 10 34 26 9 
1 35 38 23 24 20 6 13 15 26 27 5 16 18 
11 16 39 14 9 5 31 12 25 32 27 28 34 15 
17 7 26 19 36 9 2 11 28 25 0 21 39 37 
34 13 29 31 14 37 33 10 15 19 0 28 3 32 
0 5 15 25 31 21 39 3 12 14 38 16 18 24 
2 11 21 3 9 22 37 26 14 0 34 12 16 7 
11 16 33 37 3 27 24 5 13 22 4 0 12 34 
9 31 36 24 35 20 38 19 30 26 10 13 33 27 
19 23 32 4 27 29 36 17 6 10 5 34 7 22 
34 26 3 39 15 20 17 19 6 7 9 16 12 37 
29 21 12 38 39 5 15 8 24 19 32 36 37 9 
16 27 11 35 4 37 0 21 23 6 5 17 31 3 
3 19 7 26 15 24 30 27 39 2 33 20 9 34 
6 13 34 31 5 19 9 27 20 36 29 14 1 15 
19 35 17 31 36 7 26 29 11 8 30 39 0 14 
2 6 34 29 33 23 38 1 4 21 9 0 7 5 
6 12 0 22 14 15 3 21 2 24 16 31 23 4 
1 29 21 8 14 34 24 25 7 5 35 31 36 12 
23 16 37 34 30 19 0 10 18 20 29 31 25 1 
35 20 11 24 0 8 36 38 3 17 28 29 10 15 
1 11 37 8 14 16 23 31 20 2 3 39 5 19 
28 16 7 14 25 18 8 39 23 10 5 37 29 6 
10 2 27 38 37 5 32 29 15 18 33 30 14 20 
12 14 38 19 1 27 17 0 6 10 31 4 13 25 
8 12 25 34 37 31 26 13 22 14 33 4 28 1 
32 36 27 18 37 35 3 23 2 5 20 0 14 19 
29 31 3 2 32 0 23 6 9 35 19 38 37 18 
33 11 30 28 18 4 15 16 26 6 12 25 21 37 
11 18 13 33 29 31 4 5 15 39 12 23 14 30 
26 30 16 11 23 25 7 10 35 33 21 12 15 19 
7 28 34 16 17 21 39 12 9 35 18 14 32 20 
1 28 38 39 2 0 10 23 30 8 14 16 32 6 
38 10 11 35 6 2 16 39 8 1 23 37 5 0 
16 33 30 36 8 23 4 7 32 24 18 34 10 17 
6 23 37 16 3 38 15 2 39 0 30 8 26 9 
22 16 27 3 19 4 17 36 30 14 31 12 35 8 
18 2 34 26 39 3 5 36 8 25 30 38 7 17 
16 31 38 4 36 9 19 24 14 33 8 6 3 1 
5 37 16 2 9 25 28 33 17 27 12 0 11 22 
36 25 14 21 24 0 6 37 12 17 1 9 7 27 
12 21 39 15 22 8 26 6 2 24 10 31 32 23 
28 26 14 31 6 12 34 13 33 15 36 3 1 24 
24 23 34 17 32 35 20 1 2 6 12 37 19 8 
13 30 35 9 10 5 37 19 6 7 31 22 20 38 
36 12 0 37 9 8 7 27 1 34 2 29 20 17 
11 3 19 20 8 27 0 13 24 5 36 15 29 23 
28 27 21 14 2 36 12 31 5 16 9 38 24 7 
6 15 39 20 22 28 12 10 9 37 24 30 33 19 
25 23 21 31 8 38 3 30 14 29 1 37 35 27 
8 27 7 14 22 2 39 20 24 36 12 5 37 32 
23 2 26 24 25 9 17 34 10 38 5 19 32 7 
26 6 32 37 31 36 4 16 25 29 33 11 14 34 
17 39 18 7 4 25 19 36 27 12 34 35 0 28 
16 6 18 1 38 28 25 19 26 22 33 14 34 0 
27 3 0 11 8 28 38 5 9 1 4 22 39 10 
23 22 13 0 34 6 37 16 31 30 10 28 18 20 
36 1 11 38 3 39 4 9 23 24 12 10 5 31 
12 25 33 28 37 20 13 38 32 29 31 16 0 3 
4 9 16 1 21 36 11 34 32 28 37 33 38 22 
26 19 18 4 23 1 36 6 39 14 35 13 9 17 
35 21 36 34 14 37 9 11 5 12 22 17 39 28 
29 31 10 22 19 38 6 4 8 3 33 13 26 9 
3 36 28 11 38 31 20 34 25 33 19 4 17 29 
24 19 37 7 5 32 31 1 18 12 17 3 6 2 
10 19 12 0 14 13 32 25 24 4 18 38 36 31 
21 25 4 19 15 32 37 27 3 12 24 34 14 22 
38 14 30 17 24 23 20 28 3 11 33 6 29 0 
26 39 23 13 29 25 18 15 11 4 17 10 22 12 
26 24 28 8 17 1 38 34 20 3 15 39 13 10 
9 26 20 25 11 29 19 7 36 2 23 16 30 27 
33 12 25 38 31 22 8 5 10 28 19 23 11 20 
30 23 15 7 17 22 11 3 16 0 10 19 35 24 
22 36 17 7 20 14 34 29 25 31 0 6 11 27 
21 0 14 20 2 27 36 26 16 38 25 32 19 30 
11 14 30 5 19 6 25 23 35 9 8 17 4 22 
9 39 7 28 30 26 3 35 31 19 36 21 11 33 
34 10 18 16 15 6 33 22 31 30 37 36 0 24 
3 32 4 22 11 9 25 6 33 13 28 8 27 0 
18 33 26 14 1 13 19 36 24 34 35 27 20 2 
33 21 18 3 32 23 1 28 6 27 35 2 9 15 
27 22 2 37 5 15 24 10 11 7 19 13 32 8 
15 19 1 4 7 27 10 5 13 0 35 6 38 26 
4 10 29 26 27 31 35 8 0 22 28 9 21 32 
14 22 15 34 30 13 27 32 20 17 26 25 2 23 
2 9 22 24 3 7 33 11 12 32 37 30 21 13 
30 10 16 9 0 23 35 32 12 19 25 18 6 37 
4 37 18 27 11 15 2 3 30 33 31 13 29 35 
0 13 1 28 21 39 5 14 24 35 3 18 32 20 
12 1 4 34 2 18 5 20 24 35 15 38 31 19 
0 8 4 32 3 6 34 11 37 9 10 28 17 1 
25 28 14 0 8 4 9 20 37 5 10 31 23 33 
37 14 34 15 33 27 18 31 2 7 39 4 19 29 
35 8 38 16 27 11 19 33 7 25 9 12 26 31 
35 6 31 15 22 29 32 11 2 13 17 20 14 0 
10 23 18 0 17 19 33 12 14 11 7 29 9 38 
30 1 28 33 14 9 17 22 15 7 4 23 25 37 
13 28 7 31 3 5 6 0 8 19 16 26 35 39 
15 18 16 2 11 0 21 38 25 27 6 9 36 32 
21 27 9 16 31 29 7 6 4 36 38 8 22 20 
0 9 13 37 36 25 30 33 26 17 31 21 27 11 
20 28 1 38 8 18 0 5 34 10 15 2 39 32 
32 26 8 4 11 6 38 13 18 19 34 24 3 7 
35 38 19 16 25 20 12 30 29 34 36 14 39 21 
23 8 37 34 16 7 29 18 15 27 22 6 26 4 
12 33 16 6 9 0 26 13 24 20 22 11 36 25 
30 38 37 0 4 22 32 5 17 26 18 7 20 10 
20 37 4 34 28 30 10 33 31 26 12 9 15 2 
15 28 36 12 37 38 6 31 34 2 27 23 30 3 
2 28 8 26 14 21 33 23 4 30 3 12 36 20 
25 21 6 20 17 11 8 30 28 37 9 10 24 31 
7 32 36 35 18 30 17 4 23 3 26 10 28 24 
17 0 27 23 30 21 39 31 7 22 33 1 19 14 
32 33 18 26 25 14 12 21 38 0 27 7 2 17 
8 22 11 7 33 30 25 5 0 31 38 26 19 32 
29 2 31 9 4 11 17 8 34 26 38 10 18 7 
3 29 2 33 39 6 14 19 20 13 18 11 22 24 
32 8 7 21 37 2 20 3 30 6 14 4 16 12 
13 12 25 28 34 18 39 0 2 9 16 30 22 31 
12 36 24 8 34 32 25 14 6 21 39 4 0 28 
27 9 23 37 34 28 31 14 5 29 2 13 7 11 
37 19 4 9 31 11 26 38 27 12 21 16 2 28 
31 8 39 0 13 11 16 28 30 17 29 9 1 21 
11 4 7 23 18 2 3 27 32 10 20 39 34 0 
31 39 22 28 7 3 29 4 35 5 23 6 33 24 
39 30 18 34 15 4 37 0 6 38 2 22 16 19 
29 12 30 3 19 14 27 2 0 21 38 34 33 10 
18 24 13 17 35 8 5 28 29 38 15 10 34 20 
1 30 8 31 32 21 11 35 5 17 7 15 36 12 
11 8 39 36 14 5 32 15 4 6 16 31 30 35 
5 2 38 22 36 18 26 17 13 34 33 37 27 15 
3 36 30 12 13 37 31 32 15 38 26 34 14 19 
0 13 6 11 20 10 24 2 1 23 38 28 32 22 
30 9 33 10 3 13 2 20 24 22 0 21 17 34 
7 11 23 22 16 12 29 35 13 21 25 36 31 37 
10 24 22 15 19 34 31 3 30 7 9 17 39 37 
12 0 10 18 38 21 24 13 5 33 37 3 35 7 
29 20 12 18 16 30 35 8 21 2 36 1 10 33 
30 39 38 8 29 28 0 4 37 25 31 22 23 36 
30 17 27 12 2 20 1 5 16 3 28 4 38 31 
4 5 1 24 8 26 27 39 22 6 31 20 13 23 
33 3 23 29 15 1 7 19 18 16 2 10 9 37 
30 2 38 35 26 31 6 29 23 21 36 27 20 22 
12 19 31 11 1 35 0 18 16 28 2 23 36 7 
34 31 19 32 17 13 7 25 6 11 22 27 8 20 
4 21 3 13 12 26 36 7 22 0 18 24 11 37 
0 5 17 33 30 2 10 14 32 19 20 36 35 37 
24 28 30 15 21 16 37 36 14 25 23 19 7 35 
1 28 18 5 8 25 13 21 32 26 2 35 17 31 
14 36 25 18 29 24 1 31 35 7 33 22 20 5 
9 31 15 38 5 7 25 3 11 26 34 4 8 24 
28 30 25 29 19 27 6 15 13 4 26 39 9 7 
23 33 37 17 21 26 19 14 9 34 27 10 11 24 
15 2 28 22 21 32 13 6 9 23 24 29 10 5 
38 4 7 37 9 16 8 32 20 13 3 11 6 5 
18 15 6 8 4 9 33 32 11 0 25 7 19 28 
6 30 7 11 18 20 17 28 2 25 39 26 14 13 
19 13 23 20 21 30 3 14 0 5 2 7 18 27 
2 7 11 31 29 5 30 0 38 8 6 26 9 1 
27 34 8 20 39 26 0 14 12 35 6 9 3 15 
32 34 24 12 31 6 2 14 28 38 10 36 1 16 
5 16 17 2 24 1 38 22 36 28 32 29 0 20 
9 15 5 12 0 21 39 23 18 37 4 14 24 38 
5 16 17 4 29 31 21 34 30 11 15 12 28 2 
8 37 33 11 16 20 38 17 13 12 9 35 31 1 
39 35 1 10 32 3 26 15 24 14 4 13 11 17 
39 17 4 9 38 6 12 29 18 1 25 32 24 3 
18 12 30 19 5 31 1 33 37 39 8 38 3 14 
24 5 39 1 35 19 23 6 18 2 9 27 0 10 
27 22 28 23 16 4 12 35 7 31 20 2 17 10 
39 6 38 5 34 12 0 26 25 2 35 36 17 24 
1 7 20 2 38 13 24 16 11 22 12 32 31 17 
1 39 20 37 0 16 32 18 17 36 25 10 13 21 
36 7 18 8 9 39 23 20 11 13 37 22 15 30 
23 3 0 2 24 19 18 7 15 39 8 28 22 20 
33 25 2 16 17 18 1 7 13 22 39 0 31 10 
0 2 9 31 12 24 26 11 35 29 34 15 18 4 
31 35 7 29 17 1 21 11 14 28 39 22 24 2 
37 2 8 15 7 22 33 20 24 34 21 6 26 14 
30 1 32 5 35 33 34 0 26 38 28 19 31 14 
3 7 39 35 1 9 0 32 13 24 23 33 31 38 
2 31 3 4 21 8 28 37 39 29 23 1 26 0 
21 29 14 2 1 16 0 18 24 12 10 35 15 36 
36 32 8 31 33 2 1 3 6 34 29 0 12 25 
16 22 1 30 15 12 31 11 0 26 32 38 21 4 
1 15 23 33 39 3 16 5 9 30 8 6 14 0 
8 24 11 0 13 22 20 21 39 36 30 9 10 29 
34 11 7 35 21 18 36 10 15 26 6 25 14 19 
26 11 0 21 25 4 23 29 33 38 17 3 8 1 
33 3 36 12 4 13 15 30 24 18 9 25 22 38 
20 22 29 27 10 31 26 3 13 11 17 18 5 2 
4 16 6 20 26 32 19 13 28 7 12 31 14 29 
5 6 3 16 2 17 32 22 26 23 27 28 0 10 
26 17 25 23 5 31 18 35 14 27 13 32 22 29 
0 3 31 5 10 36 34 7 25 19 37 12 20 22 
31 35 6 3 4 22 16 15 37 18 12 21 9 20 
24 22 8 9 21 13 10 5 17 1 3 7 39 25 
1 2 5 13 19 12 14 11 35 4 31 25 34 9 
37 26 0 33 22 19 10 3 34 16 6 18 2 20 
4 18 16 34 0 32 22 12 38 28 39 8 5 19 
10 35 3 7 16 39 0 31 23 22 36 27 24 21 
1 37 34 29 10 25 9 5 39 28 33 35 21 13 
16 6 11 37 9 17 28 23 14 8 27 33 2 36 
31 29 27 21 13 33 1 0 19 32 34 25 28 6 
27 10 26 20 39 16 15 4 6 18 23 7 5 32 
31 1 5 6 20 10 35 17 21 32 8 24 14 4 
4 14 20 28 26 37 16 3 15 32 35 22 9 2 
20 30 5 17 12 27 24 4 6 11 2 29 25 28 
31 13 14 6 26 4 19 22 15 9 16 2 5 32 
17 38 14 12 7 37 15 18 21 4 5 16 35 29 
8 25 39 34 31 27 13 22 15 14 24 28 29 1 
8 28 11 6 22 15 39 16 32 10 30 26 14 0 
12 13 23 29 17 10 4 18 20 21 36 15 16 3 
30 6 35 13 27 7 34 25 10 22 12 9 19 26 
9 32 22 13 30 20 2 15 39 36 19 3 17 7 
16 7 11 30 17 1 0 22 4 5 32 35 2 34 
14 0 22 38 29 27 7 2 33 39 11 34 23 36 
15 10 25 18 13 0 17 24 28 16 11 33 12 1 
34 7 12 10 21 18 32 16 1 17 33 26 24 39 
8 16 26 1 17 21 33 25 20 29 39 38 31 30 
18 7 38 21 0 3 5 13 10 29 34 31 37 12 
24 20 14 38 3 33 1 27 9 37 26 32 7 30 
15 23 2 25 0 32 9 36 21 4 6 12 31 30 
27 25 6 8 31 14 24 1 13 16 32 35 7 30 
0 30 32 7 35 34 19 20 5 15 13 8 22 9 
30 35 12 36 3 8 18 21 25 6 32 26 5 20 
31 34 22 25 37 1 27 5 2 33 20 3 30 13 
5 11 9 3 6 36 1 19 10 33 8 28 23 31 
20 27 4 39 1 38 23 14 3 31 2 21 30 8 
37 16 11 7 21 27 22 23 35 28 25 33 29 4 
11 21 1 2 17 14 31 12 15 16 37 26 8 27 
9 28 20 3 30 14 8 34 26 0 36 29 21 25 
21 22 4 13 20 24 39 8 16 1 2 6 14 34 
22 11 24 0 17 34 21 16 5 30 7 32 2 26 
13 7 0 3 25 32 27 33 26 11 23 20 39 9 
20 37 0 13 16 31 19 4 12 38 36 11 30 1 
3 21 28 38 14 27 12 7 13 22 36 8 5 33 
20 35 19 15 34 10 1 28 3 25 39 26 32 31 
37 16 9 27 3 7 8 12 15 36 39 33 23 38 
4 16 14 0 6 22 20 7 5 11 18 19 38 39 
35 17 9 29 8 27 39 21 34 31 0 22 25 38 
0 12 11 39 20 5 1 24 7 33 2 16 37 6 
11 15 22 16 29 7 31 12 36 14 5 20 24 30 
26 35 0 13 39 16 18 25 11 29 23 37 14 20 
7 29 16 22 38 13 26 23 36 30 4 32 39 35 
24 35 30 9 16 31 2 5 20 27 7 13 23 19 
15 4 8 1 22 24 34 7 6 9 29 12 20 14 
11 21 9 26 13 23 38 39 0 8 5 30 33 34 
26 20 0 3 11 2 21 6 28 31 25 22 34 7 
1 33 26 34 0 5 8 27 17 30 25 39 31 20 
19 24 14 9 39 18 17 27 34 22 10 29 31 15 
39 9 19 27 23 8 26 3 18 29 14 28 11 31 
5 22 24 21 29 17 33 35 7 38 0 15 13 1 
24 22 9 35 16 32 38 10 8 21 23 5 2 0 
35 17 26 6 16 24 11 22 5 27 38 39 1 20 
2 18 8 37 0 24 5 30 33 39 36 21 29 17 
0 10 18 37 9 6 21 30 33 15 4 3 2 27 
25 12 1 39 14 33 27 13 10 17 6 20 9 3 
19 23 9 20 6 31 34 12 1 5 24 7 11 8 
36 21 1 11 9 4 28 12 5 39 37 2 24 6 
18 25 23 36 26 14 34 11 4 38 19 3 31 10 
17 30 31 14 7 37 29 2 9 18 23 3 28 26 
12 35 13 23 6 29 5 2 3 7 14 20 21 34 
7 5 21 20 19 1 27 13 31 9 34 38 39 36 
37 12 14 32 1 2 39 13 26 31 29 33 19 27 
27 9 14 6 24 26 4 36 16 28 1 10 8 11 
29 37 17 34 9 3 19 15 20 25 12 28 35 27 
13 9 29 2 25 6 28 11 36 14 27 19 18 16 
17 7 1 14 34 0 24 10 26 11 2 30 8 27 
33 37 4 21 18 24 26 17 25 0 13 14 35 5 
16 28 19 2 30 33 17 29 21 9 38 6 25 39 
32 35 23 26 38 16 21 3 2 6 15 0 39 25 
24 11 29 36 28 17 0 27 34 4 5 13 7 22 
16 1 32 3 12 4 15 23 27 14 19 11 31 22 
0 17 13 29 25 1 26 19 7 10 27 20 22 39 
21 32 11 8 15 33 0 35 31 34 1 9 18 29 
19 27 35 22 7 16 33 28 20 37 26 18 32 12 
30 17 39 25 24 35 33 34 12 10 38 31 36 23 
32 30 1 14 4 21 12 23 8 5 35 11 6 36 
14 31 11 9 4 25 7 22 3 33 36 30 38 23 
13 31 1 2 37 38 6 35 20 19 9 11 3 16 
6 39 11 32 12 13 26 15 29 0 16 3 35 37 
13 3 21 8 22 6 14 30 26 38 20 15 23 11 
31 7 15 19 11 29 4 28 32 13 33 14 8 22 
31 1 20 4 30 3 12 21 0 35 28 13 29 37 
11 0 14 2 26 29 16 23 13 37 27 4 9 19 
39 26 0 36 38 23 4 29 3 28 15 19 7 30 
8 28 22 38 5 19 23 27 29 7 0 39 37 2 
23 21 10 30 31 0 34 33 22 1 15 25 35 5 
38 21 13 22 10 23 33 0 19 20 11 36 15 4 
26 0 36 23 17 32 10 39 1 8 4 22 33 29 
21 31 13 38 20 32 2 6 26 27 16 19 18 8 
9 8 23 6 22 13 27 32 33 14 0 10 31 18 
30 18 16 20 5 15 11 22 31 24 19 6 34 32 
33 17 27 26 35 28 16 9 10 34 29 15 14 39 
31 7 25 12 30 37 15 32 39 19 11 13 24 5 
8 19 6 25 21 18 38 26 7 35 3 33 23 32 
2 18 34 25 38 4 10 13 20 6 12 28 24 15 
18 8 29 12 32 24 19 4 0 14 34 16 3 27 
31 15 34 30 2 23 10 26 19 12 24 13 20 35 
2 28 12 9 13 32 39 0 10 23 3 25 26 22 
24 26 4 22 12 1 2 32 34 37 21 3 15 8 
25 6 30 7 2 27 0 34 33 17 9 21 26 19 
35 31 22 6 3 29 13 4 38 8 20 5 27 9 
14 11 6 13 34 4 35 30 27 2 17 8 16 26 
17 36 33 13 31 38 4 32 6 34 35 9 28 10 
12 9 26 14 31 28 34 36 6 30 23 29 5 32 
13 16 17 36 23 34 20 27 28 4 29 2 8 11 
24 36 15 16 28 9 21 32 26 12 31 6 22 19 
3 11 12 4 34 14 10 13 26 19 8 27 38 15 
22 18 12 16 38 3 6 25 36 28 20 4 34 31 
33 19 13 9 10 30 12 32 23 11 7 28 5 38 
10 1 39 36 7 21 22 32 3 18 6 11 28 38 
19 24 36 20 2 27 1 8 26 11 31 13 9 21 
16 34 10 12 18 26 31 15 36 30 9 7 5 17 
2 4 13 7 23 24 21 26 6 9 38 8 19 18 
14 29 36 4 16 20 18 35 39 8 25 23 24 11 
12 33 10 27 8 13 26 36 2 15 7 37 29 14 
2 16 10 33 15 27 7 36 17 9 24 21 39 32 
7 31 17 28 0 24 1 32 26 34 29 6 20 14 
10 1 23 31 37 22 18 17 13 4 29 27 28 0 
5 7 39 26 33 15 18 14 13 8 20 22 38 27 
38 14 3 31 6 36 8 30 35 12 9 5 2 24 
15 38 32 24 34 25 30 13 37 17 31 7 11 21 
12 14 22 3 32 28 5 11 13 39 35 4 19 29 
30 22 6 20 7 23 25 3 28 38 24 33 5 0 
33 2 0 29 12 35 7 8 3 34 16 37 26 18 
15 34 14 16 17 12 7 24 26 28 0 35 13 8 
31 11 26 34 5 32 4 33 12 30 14 19 24 36 
37 11 16 39 35 21 20 18 10 19 36 3 25 15 
8 14 34 22 33 7 1 9 31 36 16 32 19 12 
16 34 1 7 28 4 27 15 21 2 19 23 9 33 
10 17 32 28 38 25 21 7 5 16 12 39 22 3 
32 23 36 14 15 0 31 37 17 13 8 19 26 5 
24 34 4 17 36 32 14 18 2 20 11 26 22 5 
12 0 36 38 16 13 5 14 29 34 15 20 21 23 
29 32 11 24 14 12 25 3 6 26 27 22 19 4 
16 27 11 32 3 38 6 5 1 18 29 31 14 19 
10 18 1 30 34 29 12 2 36 14 22 16 32 11 
21 16 15 24 14 17 28 38 11 34 23 26 35 7 
34 1 10 5 11 2 6 35 8 20 3 32 33 38 
0 38 20 27 12 19 4 11 29 17 9 26 15 10 
33 39 35 32 14 0 17 10 9 11 21 3 5 18 
15 16 37 13 36 39 29 35 21 3 38 7 1 20 
9 30 2 32 11 16 28 39 21 37 5 23 19 8 
39 30 32 27 29 7 21 16 12 5 35 6 24 17 
37 39 17 23 31 3 24 10 21 32 35 33 12 15 
30 21 1 9 32 25 0 26 6 33 29 14 3 20 
31 34 35 29 26 1 4 21 18 11 30 8 9 37 
6 17 2 7 39 5 28 16 1 34 35 23 3 18 
35 20 9 17 39 15 13 32 1 38 26 12 3 33 
23 19 1 12 33 30 5 28 14 6 18 20 13 29 
10 8 27 33 29 4 12 24 18 36 2 14 32 20 
24 6 11 38 31 0 1 39 23 30 17 19 35 36 
8 29 13 31 12 9 38 17 19 2 5 34 1 20 
0 20 10 1 33 7 11 16 12 19 3 38 28 31 
32 28 14 12 37 13 35 19 27 11 3 10 15 29 
6 24 0 8 3 35 13 23 22 5 1 33 12 19 
16 7 4 26 39 0 11 17 2 29 25 14 21 1 
2 7 32 22 27 10 4 1 15 21 0 8 11 19 
14 2 33 35 9 38 22 29 3 21 27 18 7 13 
2 27 26 22 25 11 35 3 14 37 33 7 8 23 
32 0 21 2 20 28 30 12 16 15 11 27 10 24 
17 24 36 39 26 28 2 8 3 7 5 29 9 35 
39 8 27 19 2 15 22 0 14 34 4 26 1 31 
3 11 33 28 27 22 29 24 1 8 26 37 15 38 
25 22 10 32 18 24 15 34 16 1 23 0 36 20 
2 10 19 7 24 9 5 1 20 33 31 38 34 22 
31 8 29 28 15 20 37 9 27 26 3 17 22 24 
11 27 16 9 18 28 36 17 1 14 35 2 25 38 
21 1 22 28 7 6 20 8 15 36 27 13 30 37 
8 20 25 31 4 11 36 6 24 37 35 33 39 9 
26 34 8 27 29 6 25 19 21 20 31 32 35 24 
20 11 17 2 9 22 7 19 3 24 32 15 13 30 
20 38 15 35 18 37 10 29 2 36 26 39 7 6 
36 34 13 12 10 23 30 24 22 6 32 37 11 21 
30 16 12 32 31 37 2 0 13 36 4 15 1 35 
5 16 30 9 26 39 8 2 36 10 3 21 35 11 
25 1 31 0 8 28 32 21 19 5 33 13 14 9 
13 22 8 6 26 12 16 14 34 19 21 10 25 31 
3 29 5 25 21 7 30 36 33 15 31 32 16 38 
8 30 2 29 36 26 7 0 14 6 13 15 28 33 
7 34 4 35 36 20 23 5 1 28 22 11 39 24 
27 14 12 26 38 9 17 35 39 29 18 37 21 10 
29 32 0 39 15 24 25 31 1 19 35 30 13 21 
24 20 4 6 15 18 21 25 9 28 2 13 23 5 
13 26 12 39 9 28 10 2 1 25 29 0 7 18 
26 37 18 29 22 7 31 1 25 10 33 30 20 8 
12 25 35 15 17 28 32 19 23 5 33 39 36 14 
19 9 30 29 13 7 6 12 37 21 3 24 36 2 
0 10 2 15 8 1 16 5 27 32 39 3 6 17 
37 35 15 19 31 22 32 12 6 0 5 4 21 16 
37 6 2 8 24 9 34 39 19 17 30 3 33 22 
30 19 4 16 12 28 23 38 36 35 22 11 3 34 
12 3 34 27 36 39 15 28 6 26 17 23 38 18 
7 23 15 5 1 32 36 24 14 13 39 29 35 2 
7 19 32 20 5 33 28 27 12 31 22 0 23 30 
32 20 30 18 22 27 9 13 5 1 3 12 19 28 
16 29 6 31 4 25 39 37 23 5 34 12 35 36 
6 26 21 12 33 1 34 19 13 38 37 10 23 7 
37 15 24 11 26 17 34 10 7 25 28 21 36 33 
29 16 3 32 4 15 30 36 38 34 24 13 23 9 
29 26 30 4 8 17 33 9 15 31 22 14 39 25 
25 18 11 33 35 21 36 34 16 0 27 39 5 29 
1 7 31 23 12 5 29 26 17 3 36 27 32 4 
21 6 34 25 5 1 37 39 35 30 0 31 16 32 
9 4 31 38 26 18 6 23 1 10 20 11 3 34 
26 38 8 14 24 35 20 2 6 36 19 3 21 39 
38 15 13 5 7 24 32 10 34 11 28 22 26 25 
32 19 28 15 5 10 7 31 23 24 8 36 16 20 
20 35 18 5 38 7 2 24 26 1 9 31 19 39 
30 11 22 3 33 4 6 21 16 37 19 36 13 23 
7 0 36 3 23 30 34 4 12 1 5 21 14 26 
27 28 12 23 22 34 17 9 39 1 18 36 37 15 
28 19 20 13 8 39 7 29 18 6 3 34 36 5 
3 0 36 14 25 39 24 18 38 12 8 33 23 9 
18 4 16 5 11 39 10 7 1 23 31 32 21 14 
28 26 30 9 6 3 7 10 36 0 14 29 23 22 
1 39 3 6 23 11 19 29 14 21 36 30 24 25 
35 37 33 4 9 24 36 26 23 14 12 16 10 0 
10 29 31 22 21 23 28 35 34 24 0 15 37 27 
10 1 15 22 17 12 38 35 6 13 33 36 29 11 
19 25 16 7 22 23 12 26 27 9 3 5 21 11 
34 4 39 30 11 22 7 9 32 12 1 18 23 17 
29 0 13 19 16 35 22 27 31 24 1 6 4 26 
20 33 16 5 14 18 37 15 38 8 24 3 32 26 
26 29 17 25 20 4 23 31 22 14 13 1 19 18 
36 5 18 24 0 14 33 9 1 12 27 23 28 37 
19 7 36 39 22 27 16 34 20 24 37 18 5 1 
18 28 39 31 6 25 11 5 12 34 33 7 15 16 
20 25 35 0 4 17 29 33 26 3 39 2 28 12 
25 19 3 22 4 38 30 20 11 35 36 9 17 10 
29 15 2 38 19 12 8 18 30 28 17 35 27 20 
26 23 25 31 27 6 20 19 38 24 39 37 34 7 
27 5 24 13 23 21 32 14 6 35 17 29 10 9 
21 32 7 6 16 23 25 1 35 30 38 10 31 20 
27 9 3 32 22 30 37 1 2 35 6 38 29 33 
22 17 34 39 23 35 18 32 6 1 27 19 24 11 
36 35 21 19 38 18 29 24 39 27 2 15 17 11 
9 3 39 7 32 38 30 18 35 21 31 4 6 13 
35 11 21 14 19 29 10 26 22 4 25 3 5 23 
32 22 12 11 13 6 20 33 38 34 35 39 2 16 
34 16 8 21 11 25 33 13 27 14 30 7 38 2 
0 2 28 6 29 24 12 25 1 9 14 38 18 7 
25 39 16 8 17 32 24 14 18 9 22 31 35 36 
19 7 17 2 14 35 8 28 20 26 3 10 11 22 
24 2 35 34 1 10 26 6 5 13 19 0 9 39 
38 21 26 3 9 29 27 1 14 5 23 16 2 10 
24 0 20 25 19 33 13 27 32 6 18 12 37 14 
30 16 31 2 4 20 22 33 28 39 14 0 38 15 
24 7 10 27 19 30 12 35 21 11 13 29 9 8 
16 2 13 23 38 20 39 30 17 5 7 15 11 21 
21 19 36 7 34 24 10 31 23 12 33 9 39 5 
13 5 14 1 18 0 22 32 23 20 7 29 17 19 
6 38 4 9 31 33 13 10 14 0 23 27 34 11 
5 15 32 24 18 19 9 1 39 30 33 17 34 7 
21 7 23 33 3 34 36 26 0 8 9 38 15 39 
15 8 32 24 22 31 33 5 37 9 34 27 7 39 
24 16 22 11 13 12 29 0 25 8 21 2 19 26 
29 6 4 17 31 28 35 0 38 3 25 11 36 27 
22 31 21 25 38 5 0 7 4 34 8 32 26 19 
23 39 7 22 12 19 33 35 10 36 16 14 2 1 
22 33 25 26 14 34 13 17 38 20 18 30 16 24 
25 9 2 8 13 5 15 21 14 18 31 37 34 6 
37 17 19 6 4 23 13 29 16 25 35 31 20 5 
5 1 6 16 34 10 4 22 3 14 31 35 7 28 
19 28 31 9 22 21 1 32 4 33 12 25 26 8 
9 32 0 10 7 38 23 15 14 8 6 30 25 2 
22 25 6 27 7 36 18 12 14 35 38 0 28 1 
33 19 39 23 25 22 32 12 34 18 27 0 26 15 
6 34 38 18 13 31 27 28 35 16 8 30 5 20 
18 25 19 0 37 15 24 29 22 12 5 33 35 9 
5 11 4 23 14 20 30 15 37 12 8 29 7 18 
29 35 24 28 13 25 27 19 26 15 5 11 7 2 
2 30 8 20 0 38 36 25 26 5 19 9 28 11 
9 12 28 14 13 27 18 37 24 29 19 7 15 4 
14 22 15 28 16 12 36 0 37 33 24 21 27 1 
2 18 35 3 19 21 8 26 24 29 16 10 12 14 
34 17 27 10 26 2 36 21 14 6 29 23 8 22 
20 31 6 26 12 10 39 29 32 34 25 28 19 30 
31 12 14 26 21 35 22 28 30 10 11 13 24 37 
18 23 21 4 8 2 13 35 32 30 16 38 19 28 
21 17 28 8 22 25 6 38 37 34 23 1 32 24 
24 21 10 4 26 15 8 13 30 31 25 35 5 39 
15 12 4 18 34 7 24 2 32 39 29 30 0 23 
34 24 27 6 37 36 10 35 25 39 31 9 33 15 
2 27 8 16 33 31 11 1 23 38 0 39 6 26 
34 24 9 23 38 15 30 5 14 3 19 1 10 0 
24 35 17 22 7 14 12 27 6 38 16 5 13 37 
4 28 25 36 16 11 10 2 6 34 32 3 26 31 
14 35 15 37 25 9 21 34 22 27 18 32 26 6 
4 27 3 32 21 7 30 17 24 0 16 23 13 22 
24 6 15 9 10 37 33 34 31 11 13 4 19 35 
8 25 26 1 5 14 7 34 18 39 24 36 37 15 
39 32 3 9 38 30 33 29 0 21 31 25 2 13 
39 13 3 16 34 31 4 12 17 10 1 29 38 0 
37 38 0 36 22 9 5 1 35 28 10 7 30 34 
26 31 25 29 35 32 38 7 4 9 17 27 3 14 
3 8 12 19 25 10 14 21 26 29 36 16 9 17 
18 13 6 9 11 8 1 21 4 0 20 16 30 23 
27 19 17 21 26 16 24 22 30 37 29 0 23 3 
20 27 15 6 33 8 25 31 30 23 10 9 4 35 
34 17 18 10 24 16 38 6 3 7 14 5 2 9 
3 34 35 9 24 36 21 5 33 20 26 16 8 11 
32 25 38 35 10 8 15 30 19 1 20 24 37 11 
25 27 26 19 33 21 34 9 18 20 17 14 7 23 
33 2 21 26 16 1 18 24 17 28 38 13 27 0 
24 37 10 17 28 31 21 7 3 5 22 32 27 13 
10 38 31 3 35 23 17 18 14 21 2 12 6 24 
28 2 19 33 18 13 38 25 0 10 36 1 6 3 
12 13 4 22 11 30 7 20 16 29 37 18 33 21 
22 5 6 21 28 12 4 10 34 38 31 35 26 20 
31 30 14 34 26 16 37 7 36 29 35 6 8 24 
10 17 20 21 18 35 37 14 36 7 6 31 15 29 
6 29 34 32 28 9 16 1 24 12 19 10 18 22 
18 33 38 15 32 20 39 25 11 12 1 28 6 26 
10 9 17 19 33 22 0 30 23 7 20 28 35 11 
18 37 35 23 10 8 24 22 31 19 14 30 15 17 
15 32 18 4 3 1 9 23 6 17 30 26 27 25 
13 16 0 20 17 24 33 9 12 1 11 28 31 38 
38 0 12 22 35 31 1 28 34 5 7 37 39 8 
31 21 11 29 15 26 19 14 0 9 1 8 28 32 
25 14 29 19 17 7 23 27 18 9 32 39 35 6 
38 25 19 5 15 14 17 9 7 13 11 12 6 22 
24 13 21 3 23 35 20 12 15 2 22 18 16 39 
25 37 2 5 8 7 34 20 31 26 17 6 28 24 
27 12 13 1 7 20 9 4 30 39 15 19 14 34 
34 19 32 29 15 7 33 38 14 28 6 24 39 31 
39 33 8 28 21 26 19 20 16 13 11 23 35 10 
9 19 33 39 5 32 17 34 24 22 11 20 38 30 
39 15 5 7 30 18 37 26 17 21 9 8 35 27 
1 13 23 29 14 31 0 32 7 25 6 28 35 21 
13 28 38 8 34 9 7 4 16 27 36 10 19 29 
11 36 28 3 23 9 15 25 13 37 26 1 33 39 
33 13 35 14 16 2 6 27 17 36 11 25 15 30 
32 30 17 16 29 7 24 39 36 23 0 28 20 3 
4 17 14 33 21 34 3 8 9 13 26 38 19 31 
17 36 33 29 24 23 7 22 18 10 39 13 35 9 
31 26 24 12 13 18 27 34 10 3 6 29 32 37 
23 2 38 31 27 16 22 4 7 26 29 36 34 1 
22 12 20 2 14 10 34 32 18 11 36 26 31 25 
4 38 27 29 35 21 18 2 16 36 7 19 8 3 
21 27 23 39 20 5 16 3 25 34 8 29 33 7 
20 28 27 32 17 16 39 1 11 25 31 5 0 21 
19 6 17 29 34 16 22 8 13 37 38 18 36 11 
14 13 24 16 36 22 4 29 26 23 28 9 1 32 
3 39 13 2 6 10 27 17 18 34 21 5 32 14 
13 37 2 17 33 9 23 34 11 32 0 10 30 28 
16 14 8 39 27 4 2 37 12 36 10 26 0 23 
6 24 12 33 18 39 21 16 1 10 36 26 20 2 
16 37 14 12 20 26 1 38 0 30 27 34 24 11 
34 21 9 13 27 10 11 31 5 29 1 28 25 22 
31 22 24 2 0 37 33 13 21 7 8 26 19 39 
3 33 25 28 15 8 34 0 29 21 30 7 10 5 
10 28 38 4 8 1 14 30 3 18 32 27 7 19 
39 14 0 24 23 33 15 1 8 12 2 13 38 20 
28 15 23 34 21 32 27 35 39 1 20 2 22 10 
20 29 37 25 11 18 31 34 28 9 38 21 8 4 
5 20 23 33 15 36 28 25 37 13 19 9 2 10 
19 21 0 18 13 11 25 9 39 24 6 35 12 28 
27 12 0 6 36 10 8 28 5 22 35 7 26 16 
8 35 3 30 14 5 13 33 38 1 39 12 22 36 
32 37 25 39 33 7 17 18 3 8 36 28 14 19 
12 25 0 21 35 23 39 14 36 19 9 6 28 32 
3 21 20 15 35 29 6 8 26 19 24 33 2 28 
16 9 39 5 7 22 18 31 4 34 26 8 21 33 
29 4 2 27 26 28 30 0 9 12 23 7 17 25 
19 28 34 24 12 35 16 25 11 6 32 21 5 4 
7 30 32 34 27 10 39 12 6 36 25 29 33 21 
19 38 6 17 21 31 5 8 23 27 30 28 9 20 
39 34 2 26 24 21 17 31 16 1 13 32 25 37 
34 19 31 39 8 27 13 7 12 38 30 28 3 5 
22 1 21 15 0 38 32 36 18 23 13 4 25 28 
21 36 3 10 26 24 30 1 29 19 32 7 34 25 
27 5 36 13 9 3 30 11 28 0 7 20 6 10 
33 0 30 39 14 20 18 28 13 15 17 38 5 36 
4 39 20 14 2 11 28 32 19 0 26 17 1 29 
10 20 35 28 13 2 22 5 29 14 36 9 19 3 
39 8 35 23 26 16 6 12 36 3 31 14 22 32 
2 36 29 33 10 34 15 4 18 24 31 17 23 35 
6 11 30 34 28 23 21 4 22 15 2 13 32 38 
26 6 22 21 13 35 30 11 14 1 9 29 19 27 
29 39 31 13 3 1 21 8 19 15 11 28 10 37 
18 22 16 29 4 31 10 21 6 9 30 27 23 5 
38 11 22 21 29 25 32 1 0 2 23 14 12 20 
25 37 18 4 15 3 7 21 2 31 0 34 26 1 
32 19 16 24 6 35 38 17 14 11 28 9 15 18 
36 34 16 4 1 32 35 11 8 25 29 0 28 27 
11 36 18 28 26 31 19 0 34 20 23 12 35 1 
5 21 34 6 7 19 4 10 3 14 36 16 0 25 
31 14 38 17 18 6 32 11 10 12 2 8 16 5 
26 9 6 19 29 11 3 4 16 30 12 0 33 27 
5 35 16 19 0 14 24 25 6 26 32 13 29 27 
3 28 18 33 35 10 9 36 14 1 2 7 16 8 
10 15 28 8 27 3 23 24 33 12 7 21 22 32 
33 11 23 31 0 37 7 14 35 1 5 24 34 2 
21 36 7 12 23 18 3 26 29 15 5 9 0 30 
32 4 20 23 19 37 14 29 7 34 0 24 22 16 
13 6 32 12 25 18 11 14 15 37 35 33 21 16 
30 13 27 4 24 14 38 7 22 12 31 26 6 16 
21 39 1 6 7 17 5 18 30 16 25 10 19 29 
20 35 9 2 31 27 30 12 11 4 39 19 7 5 
16 10 39 22 27 30 29 17 18 14 24 6 4 35 
32 0 24 11 14 34 27 2 13 35 29 5 33 31 
5 4 17 31 6 12 27 24 11 34 2 30 26 15 
3 36 5 13 30 11 4 22 23 14 32 31 15 34 
25 33 17 10 2 21 5 9 14 13 30 15 35 22 
8 39 17 21 18 33 35 24 6 2 36 23 20 27 
13 31 21 30 27 24 33 10 8 9 36 16 32 0 
17 10 5 16 33 20 31 19 25 18 2 9 22 8 
9 6 8 19 25 15 29 13 28 30 12 34 7 35 
18 3 22 9 30 10 32 31 17 39 28 12 21 5 
1 16 2 10 39 37 33 22 30 17 29 26 38 34 
6 0 24 10 31 9 16 20 8 1 3 14 25 35 
8 9 34 6 38 20 32 30 35 16 24 3 33 36 
31 12 9 10 22 7 37 14 19 2 34 8 4 35 
34 6 8 13 37 29 24 32 26 11 38 25 22 4 
14 39 31 26 24 25 29 38 5 0 10 32 37 15 
34 4 3 32 33 17 19 22 6 31 11 20 35 29 
29 20 37 18 30 17 25 31 10 26 11 21 23 2 
21 15 37 6 32 2 22 16 39 35 9 13 4 27 
30 11 15 34 21 9 7 20 3 0 25 8 33 5 
17 36 34 15 30 26 10 23 19 11 39 3 16 28 
5 22 11 37 21 24 7 4 35 6 30 18 17 1 
23 25 15 14 17 29 5 21 24 1 16 2 27 30 
32 23 27 0 10 5 38 21 16 2 33 31 18 25 
11 27 10 35 8 1 3 26 25 2 15 38 9 5 
27 0 12 37 29 11 5 39 21 28 34 25 7 1 
31 4 28 26 18 30 7 24 8 23 25 21 6 34 
23 34 37 24 17 8 18 26 12 7 1 13 21 11 
14 38 21 29 25 1 7 10 4 24 5 6 34 33 
34 38 13 2 10 19 23 35 14 15 37 3 1 26 
5 17 1 11 13 38 6 34 0 20 21 33 36 23 
25 26 1 8 24 39 18 16 29 10 6 36 20 9 
21 33 20 5 26 10 23 17 2 12 14 8 29 31 
22 36 16 12 18 19 29 17 4 24 10 11 13 7 
34 2 31 22 13 14 28 8 20 15 33 25 38 30 
6 3 0 38 29 12 8 10 13 7 24 30 26 2 
5 11 23 0 3 4 39 25 32 31 10 22 20 27 
11 25 1 12 22 4 13 24 38 27 20 30 31 10 
16 10 27 11 1 6 22 4 19 20 0 8 5 12 
2 34 6 8 20 11 35 38 14 24 31 4 18 19 
19 30 1 23 38 0 3 22 27 8 18 5 29 16 
4 27 36 7 14 31 17 34 16 39 3 2 10 6 
39 31 4 25 2 19 18 13 21 27 29 8 3 22 
25 7 17 21 8 30 28 6 0 2 24 26 29 34 
15 7 31 24 25 17 23 32 33 2 5 18 9 34 
2 15 4 16 23 28 11 27 38 8 32 37 30 22 
26 6 0 2 18 31 33 9 21 4 37 27 16 5 
