15 4 16 33 25 34 8 28 7 30 11 9 10 0 
6 9 25 29 7 17 21 38 33 13 35 0 14 26 
29 24 11 16 39 32 26 20 21 22 0 12 18 10 
27 38 18 26 12 0 17 11 37 4 24 13 30 19 
25 30 1 22 39 37 20 34 24 13 11 9 35 0 
37 12 30 28 1 23 35 29 33 36 0 32 24 3 
2 8 34 39 29 4 7 36 19 0 11 25 24 37 
8 5 4 3 33 0 39 37 31 36 32 9 15 6 
11 18 12 2 19 0 4 7 28 36 30 8 34 14 
23 12 2 27 0 20 19 3 30 4 15 17 39 9 
1 16 35 34 14 31 39 26 28 36 18 0 13 32 
12 29 3 23 1 21 22 10 31 15 14 36 0 19 
21 14 5 19 11 31 18 25 16 23 39 0 12 20 
7 10 24 5 26 21 34 20 4 0 14 22 18 9 
1 20 6 18 29 14 27 16 11 17 30 0 28 13 
0 6 22 13 9 12 5 10 7 38 4 2 21 27 
5 24 0 28 37 35 21 10 15 19 36 34 39 8 
1 20 26 17 21 14 36 15 0 33 38 3 25 19 
13 0 12 32 2 8 15 31 5 30 17 39 28 26 
34 33 27 7 3 19 14 28 26 10 39 5 0 4 
0 35 33 27 9 12 23 11 5 39 34 28 1 14 
5 0 11 15 37 36 33 2 28 30 19 12 1 24 
28 22 3 1 0 25 8 29 32 2 10 21 33 31 
24 0 11 6 34 9 10 18 2 3 5 25 20 37 
18 7 6 0 19 3 15 10 12 21 22 5 34 25 
3 29 2 37 1 5 7 9 31 19 0 23 39 20 
10 24 36 2 0 30 9 27 18 16 5 32 20 1 
16 10 34 37 25 1 12 26 0 23 21 24 32 13 
2 1 0 20 23 17 26 22 30 13 34 12 32 28 
14 3 17 23 15 22 6 8 38 31 24 0 29 21 
35 30 36 13 29 0 18 32 11 9 17 28 1 26 
39 11 25 15 22 23 32 12 30 31 0 16 6 2 
1 37 18 31 30 0 19 12 32 8 3 6 4 38 
0 32 31 15 33 29 1 4 22 7 27 34 26 38 
30 17 27 34 19 14 7 2 32 4 0 3 18 29 
3 33 0 26 16 17 22 9 12 31 14 19 29 25 
3 13 15 10 8 7 2 9 25 5 32 28 20 0 
28 30 18 32 4 1 15 38 22 37 20 16 6 0 
3 31 18 27 28 0 12 35 22 1 39 11 17 5 
11 19 27 17 35 21 12 1 25 32 0 4 3 6 
9 17 11 7 35 16 32 39 6 24 27 2 25 0 
28 34 5 29 3 12 18 1 38 22 11 14 36 0 
5 34 16 29 3 7 27 24 25 38 20 0 19 2 
30 21 28 12 16 0 32 33 34 39 10 24 8 2 
2 30 22 25 14 35 17 7 3 15 0 33 19 24 
9 21 27 30 20 32 24 22 6 5 34 35 36 0 
8 28 36 16 33 23 34 1 0 39 17 7 3 21 
38 3 31 12 18 9 13 36 4 7 29 34 21 0 
36 39 4 3 27 5 23 25 6 16 22 0 15 11 
0 24 16 23 13 31 25 33 28 37 30 6 20 10 
13 36 15 31 28 0 5 33 8 21 22 38 27 24 
0 5 11 39 30 38 37 23 17 27 33 36 16 25 
7 12 13 15 30 4 21 23 14 3 0 24 34 31 
28 19 34 0 12 11 38 29 3 39 21 18 24 36 
7 0 25 33 8 12 22 1 29 36 3 18 20 34 
11 8 37 0 18 23 26 16 1 19 17 21 35 33 
9 21 0 12 7 28 15 1 20 39 8 35 23 19 
32 35 7 27 13 0 33 1 28 39 36 30 8 18 
24 3 14 0 15 29 9 21 2 5 22 18 30 28 
38 39 17 18 26 37 7 19 12 20 16 0 36 9 
7 20 0 36 12 2 32 23 34 27 14 3 11 38 
10 20 31 18 4 19 14 15 29 22 12 0 38 24 
9 16 7 31 0 12 17 20 34 30 8 29 33 15 
16 30 9 14 10 28 19 35 33 0 38 27 29 12 
31 23 38 15 20 13 24 6 5 0 39 32 18 27 
10 1 0 26 34 17 4 25 31 13 2 24 21 3 
10 0 18 27 14 21 5 2 4 26 6 3 38 28 
30 35 33 3 9 31 38 11 39 2 0 32 24 18 
28 19 25 26 2 24 0 15 29 7 39 4 1 31 
23 34 35 36 29 16 28 15 13 37 38 0 7 33 
24 13 27 30 1 19 0 11 3 34 35 28 21 4 
17 3 13 24 18 0 38 31 36 2 10 22 28 9 
31 35 10 6 28 8 23 3 24 27 17 21 0 34 
14 10 33 20 5 18 31 39 22 1 38 0 24 37 
26 3 16 19 36 25 39 6 30 0 2 14 28 29 
9 11 3 13 5 15 0 27 14 37 39 24 1 4 
13 38 39 37 6 0 20 25 31 12 29 34 24 10 
0 24 39 29 16 3 20 22 8 33 34 4 11 31 
36 20 17 14 31 37 5 35 21 13 25 38 29 0 
23 0 24 12 37 31 4 35 15 36 25 5 14 6 
20 4 0 1 5 26 10 6 11 23 35 18 7 27 
29 17 6 35 39 0 21 9 14 30 12 36 25 13 
29 21 35 30 28 37 0 4 23 7 17 34 27 39 
27 33 7 37 32 23 3 35 18 0 6 29 12 25 
16 14 0 3 20 19 15 10 17 39 27 24 4 32 
8 25 10 5 13 14 37 18 22 30 35 0 33 28 
37 22 35 7 12 9 39 8 26 18 29 11 32 0 
8 23 10 31 24 3 0 32 33 19 21 22 12 34 
0 14 2 7 20 4 24 28 11 26 33 27 16 17 
16 7 11 20 6 35 0 8 22 1 4 33 12 14 
21 4 18 33 38 32 27 30 8 0 35 31 2 17 
16 32 8 23 0 22 12 26 3 30 36 21 18 11 
13 30 19 2 18 34 0 26 23 7 28 15 9 12 
5 10 4 37 21 34 13 18 0 12 15 2 17 35 
16 39 3 37 2 31 30 22 11 23 26 24 13 0 
37 0 28 9 16 3 31 10 24 21 23 15 36 25 
28 17 6 38 32 9 15 30 37 34 0 23 39 33 
22 2 26 5 11 9 39 0 27 4 25 12 20 15 
7 20 14 10 9 15 32 37 25 23 0 34 36 18 
7 15 5 3 0 33 9 12 19 34 24 36 30 39 
27 38 0 33 17 37 4 19 14 22 25 20 35 10 
3 17 39 30 0 1 37 11 14 25 18 12 5 6 
5 9 19 33 34 6 32 26 11 3 0 36 21 37 
19 22 21 9 7 12 25 24 0 5 18 39 36 35 
31 14 29 0 32 11 12 34 22 13 39 16 30 3 
0 18 30 29 38 15 17 10 31 7 13 6 24 21 
11 28 22 20 16 18 2 4 0 34 15 12 17 37 
3 6 16 31 0 38 10 35 36 8 29 34 20 23 
3 7 32 14 9 20 23 26 1 25 37 0 35 33 
2 21 6 25 24 22 20 35 18 1 9 32 31 0 
6 1 19 7 36 27 0 24 8 13 23 12 20 28 
14 0 27 19 24 5 38 25 37 15 18 13 39 7 
0 18 37 35 32 29 33 30 26 25 39 4 3 12 
12 26 24 27 19 28 13 0 9 33 18 20 29 16 
3 5 4 28 19 37 33 2 29 1 10 27 22 0 
24 23 18 0 4 14 39 13 3 10 32 34 9 12 
28 33 18 0 12 17 22 38 3 20 21 14 19 7 
38 28 8 24 1 18 33 37 15 29 17 0 16 12 
0 9 32 33 34 13 35 19 17 18 22 3 25 1 
1 25 28 2 18 3 11 0 31 20 34 36 38 12 
0 39 10 27 12 17 5 25 29 30 31 6 18 34 
22 0 8 31 5 26 18 37 12 30 39 28 23 6 
38 18 39 21 11 2 0 17 24 33 25 27 19 16 
21 1 26 11 3 8 28 35 9 0 34 31 29 25 
16 38 12 14 10 32 6 7 1 28 5 17 0 34 
22 36 38 39 3 2 30 23 0 6 9 20 8 18 
1 25 21 16 28 0 8 9 30 20 6 33 27 39 
10 2 18 36 27 32 0 23 34 15 38 37 4 13 
22 30 29 2 37 31 3 27 14 21 38 1 10 0 
37 36 2 19 16 14 9 1 3 0 33 35 32 11 
14 25 16 6 35 2 10 12 30 36 0 1 17 26 
1 0 39 13 12 14 38 33 31 29 19 21 3 18 
0 22 32 13 35 15 6 5 28 1 8 37 14 23 
33 6 29 8 14 28 0 15 19 25 2 39 16 37 
36 3 27 7 30 15 8 31 20 18 10 0 9 17 
27 24 1 16 36 26 22 13 30 5 38 20 0 19 
36 32 0 39 4 35 20 31 12 1 37 33 16 23 
30 6 13 26 32 19 33 15 18 0 11 14 20 31 
16 29 11 27 0 12 8 9 22 17 15 2 3 13 
7 29 11 20 25 13 15 27 23 1 5 4 8 0 
5 2 13 14 36 39 32 0 20 35 15 16 9 12 
39 32 7 10 36 22 0 12 1 18 30 3 26 9 
1 0 4 35 34 15 14 26 25 22 21 30 8 10 
20 36 33 23 24 0 31 7 21 13 2 6 27 38 
26 35 7 13 19 1 2 14 6 32 39 4 0 37 
32 20 39 12 36 25 17 7 0 5 8 4 19 28 
39 37 15 0 24 13 1 10 2 19 34 6 7 20 
17 24 20 0 7 30 11 1 3 25 26 34 33 18 
23 12 5 32 0 29 39 17 4 9 20 31 7 24 
32 37 15 19 26 14 0 8 25 9 29 33 27 1 
24 21 4 0 30 36 25 6 20 27 7 9 13 10 
18 27 15 4 5 25 7 11 30 33 8 0 13 24 
1 39 26 8 0 30 3 20 5 19 9 28 10 13 
9 21 2 35 12 0 18 16 8 27 31 15 33 37 
24 0 26 11 14 19 35 6 22 18 34 2 31 1 
17 15 11 16 6 19 13 12 8 26 0 37 28 18 
0 26 10 7 2 23 36 28 13 31 6 11 9 16 
29 14 3 13 36 7 18 0 9 35 22 34 11 19 
3 22 36 17 15 0 38 28 20 7 18 5 34 39 
29 0 23 5 21 17 15 10 3 16 36 25 2 14 
14 28 16 36 2 24 7 38 1 10 23 15 21 0 
31 11 22 25 16 7 32 21 0 26 3 9 12 10 
6 29 18 0 31 35 39 4 8 37 7 36 22 32 
32 23 33 19 24 5 16 1 2 35 27 7 8 0 
35 17 0 25 26 8 32 15 37 6 13 11 34 30 
12 11 0 38 16 21 28 10 9 17 33 29 26 30 
26 28 34 3 32 6 31 21 0 9 24 15 8 35 
12 0 8 3 6 34 18 26 13 1 19 14 24 21 
21 39 23 19 20 24 7 0 34 38 13 11 14 16 
2 37 0 10 24 15 30 34 21 16 12 14 29 9 
5 38 37 9 15 31 22 12 30 0 4 26 2 27 
36 2 23 22 18 0 37 12 17 24 27 1 33 10 
20 30 14 8 22 0 21 31 13 16 17 3 27 15 
30 9 13 15 24 29 19 12 10 22 23 0 20 11 
12 15 5 10 25 30 0 2 37 9 31 3 19 39 
21 37 24 23 36 28 11 0 8 32 34 10 9 3 
17 34 1 24 31 2 20 26 29 25 0 4 39 14 
29 0 16 32 15 11 5 31 2 21 9 37 27 20 
13 0 5 39 37 15 4 27 3 12 26 38 7 14 
6 33 19 0 11 1 36 8 32 13 3 24 20 27 
0 10 7 25 33 12 3 23 1 39 27 26 38 5 
24 29 0 15 7 2 27 11 30 17 16 14 36 18 
30 0 36 26 37 38 3 22 10 17 6 23 27 13 
35 12 2 26 18 0 16 8 39 9 14 21 33 23 
35 24 39 31 10 18 7 27 0 6 11 12 14 1 
24 2 9 0 33 11 30 31 16 23 22 35 8 32 
35 27 31 23 17 32 36 8 0 9 29 14 12 4 
38 39 29 31 0 37 27 14 16 32 26 25 21 12 
0 9 26 23 39 7 8 31 35 6 20 25 4 13 
21 3 39 22 31 0 2 5 29 30 15 16 18 12 
39 14 8 6 21 38 30 24 13 0 1 34 33 19 
22 36 29 39 38 27 16 18 15 34 17 13 1 0 
17 0 30 6 32 27 25 21 35 34 4 36 1 39 
14 15 4 0 10 13 30 22 9 38 1 29 7 31 
3 22 28 33 0 18 1 10 13 37 32 4 19 16 
21 37 0 34 26 19 33 4 2 15 11 23 31 20 
6 16 32 22 31 3 12 26 15 8 5 0 7 27 
12 3 14 15 26 39 36 5 25 0 17 1 28 13 
9 21 25 10 22 19 23 0 30 29 11 12 14 3 
26 30 13 35 5 8 12 6 17 2 10 0 4 16 
1 30 37 22 20 7 12 10 32 0 38 15 5 18 
0 29 4 38 24 16 33 39 17 30 36 12 18 3 
33 39 19 28 37 30 23 32 13 22 34 0 21 31 
36 10 22 29 9 6 39 33 35 25 15 4 23 0 
1 17 12 21 35 16 32 26 27 0 38 20 29 6 
2 24 15 38 37 1 7 11 32 28 10 0 19 20 
22 9 37 14 10 27 0 31 21 12 11 24 3 32 
7 10 35 12 2 27 0 8 39 16 22 31 26 25 
20 1 0 34 4 21 5 15 14 6 33 29 37 13 
10 9 29 32 23 0 1 7 4 25 5 8 6 35 
36 7 3 27 0 38 37 13 30 31 28 26 8 39 
22 16 19 27 30 8 28 0 1 7 18 37 4 10 
4 38 0 3 15 9 28 24 5 37 31 8 29 32 
24 19 33 39 27 21 38 32 28 13 11 12 7 0 
13 8 34 5 1 36 39 23 14 3 31 10 0 30 
18 3 13 11 9 12 2 8 32 5 0 27 38 20 
11 8 13 17 1 15 19 34 6 30 36 14 31 0 
33 31 5 19 11 26 15 23 9 25 13 22 4 0 
18 11 13 3 6 36 32 24 30 27 0 5 2 39 
21 26 37 9 25 39 23 15 35 31 18 1 20 0 
16 35 20 17 10 0 26 21 13 36 24 30 25 7 
11 9 34 12 25 32 24 0 17 3 26 16 37 23 
21 34 14 27 36 20 19 24 0 7 28 5 37 12 
28 26 11 6 32 8 20 23 0 2 17 3 33 4 
18 1 21 0 25 13 33 3 35 6 30 4 37 32 
32 26 16 21 20 11 2 39 37 19 28 0 22 13 
9 37 28 38 16 15 11 33 4 32 25 21 36 0 
27 26 30 11 10 18 33 34 0 7 12 23 16 17 
28 30 22 18 6 24 13 38 39 17 35 33 37 0 
21 32 20 30 22 24 33 39 1 0 6 14 7 13 
4 3 14 28 24 16 31 32 26 17 23 25 11 0 
17 31 4 24 5 20 28 33 6 26 12 21 0 23 
32 19 31 30 0 37 14 39 28 15 27 6 26 11 
1 0 24 19 20 27 36 21 39 18 30 12 17 6 
15 38 11 22 1 28 18 3 37 31 29 0 25 19 
5 0 14 32 18 20 29 37 34 39 22 26 2 19 
34 16 3 8 21 18 35 20 0 27 28 32 11 10 
20 37 26 10 18 19 24 30 13 35 22 16 0 27 
2 5 7 6 0 23 30 36 35 38 4 19 3 24 
9 29 22 38 0 31 33 3 4 26 19 20 34 11 
0 34 5 20 4 39 19 21 11 31 7 25 30 32 
32 8 15 6 0 9 27 18 2 28 38 31 19 24 
31 38 12 37 33 30 25 14 1 3 32 13 0 27 
24 4 13 0 7 11 25 38 22 21 26 37 14 36 
24 37 15 16 30 12 0 32 3 5 1 17 13 35 
31 18 27 11 9 30 10 28 38 1 37 33 14 0 
24 13 34 14 0 9 30 19 38 32 12 15 1 39 
28 21 30 3 29 0 39 4 12 17 1 37 34 8 
25 30 4 0 35 7 20 8 26 32 28 29 38 27 
25 28 17 0 4 18 5 7 8 32 36 33 1 27 
39 33 2 36 6 16 0 4 7 9 29 13 21 14 
12 17 10 23 38 37 19 35 6 0 16 21 28 34 
1 15 29 26 5 14 3 16 11 0 28 24 7 2 
36 18 12 2 1 20 13 26 16 0 5 32 24 15 
36 20 18 0 5 28 17 21 11 22 14 16 9 6 
26 8 11 28 36 24 15 18 16 6 14 35 0 25 
6 17 0 16 32 13 22 11 30 36 29 10 38 2 
1 33 22 8 9 32 5 4 24 39 18 3 0 25 
17 24 26 12 33 35 7 5 0 39 10 6 25 2 
0 16 7 28 22 9 37 21 29 35 11 4 23 38 
22 18 14 15 17 12 2 9 7 20 19 23 0 21 
12 17 11 23 38 33 28 1 39 36 27 0 10 15 
38 13 28 4 2 20 25 7 11 32 0 5 33 21 
2 9 14 8 0 10 5 3 37 28 16 26 34 1 
28 7 26 9 34 23 6 10 30 17 3 12 20 0 
32 9 22 1 38 28 10 34 35 0 6 14 33 2 
35 28 30 17 9 36 37 33 15 26 0 18 1 16 
23 32 27 24 29 11 22 12 0 8 31 39 1 10 
36 15 16 30 17 38 10 23 12 25 26 0 18 2 
38 39 36 17 18 8 5 10 2 23 34 24 0 15 
24 16 35 2 19 39 25 29 0 23 6 17 20 21 
38 32 25 9 3 20 0 36 12 28 15 5 33 35 
21 20 8 24 2 16 27 0 31 5 9 6 37 29 
1 27 12 39 29 2 34 37 0 28 6 4 22 17 
5 0 22 15 25 2 29 26 20 13 23 7 16 31 
5 34 16 15 0 8 35 10 2 3 28 1 12 17 
10 39 18 36 4 0 33 21 1 16 20 8 31 15 
14 16 4 1 32 0 30 38 19 23 20 37 9 36 
29 1 28 4 36 39 18 0 8 25 13 12 32 11 
7 28 20 11 35 10 32 14 4 0 25 24 26 15 
16 13 28 15 27 25 34 5 36 10 0 24 23 4 
32 30 22 6 35 7 12 36 8 0 34 18 11 21 
31 20 13 37 6 26 22 15 27 10 0 5 17 38 
0 15 31 21 36 20 37 14 22 28 23 4 3 38 
34 5 18 12 7 3 37 39 6 29 24 0 30 17 
22 0 32 5 13 30 2 1 29 4 25 28 39 17 
0 11 30 34 4 22 27 36 15 17 3 13 32 28 
38 27 13 24 16 6 10 1 25 37 39 33 3 0 
38 35 17 4 11 1 7 22 27 9 14 12 0 21 
34 11 7 38 1 0 14 30 4 20 31 28 12 29 
17 31 19 18 3 6 16 39 20 12 5 0 22 1 
26 25 32 2 14 0 23 13 12 21 37 38 15 31 
36 35 0 25 33 13 10 28 5 24 15 2 38 26 
20 17 15 32 35 18 19 0 11 27 24 38 1 7 
16 18 15 30 35 5 13 28 3 31 20 14 23 0 
10 8 13 30 20 4 19 17 0 11 24 22 27 28 
10 17 2 3 21 16 26 30 33 9 34 12 6 0 
9 37 18 1 26 8 33 0 17 23 11 7 24 36 
36 27 7 0 10 35 9 24 37 21 16 20 6 33 
17 25 22 30 20 21 23 8 0 37 29 6 12 4 
