21 19 37 15 22 26 16 25 33 17 3 0 9 29 
0 19 24 12 36 3 22 33 35 7 13 34 31 20 
6 33 7 20 12 0 26 34 4 22 18 30 9 5 
27 26 38 21 37 36 3 20 34 7 0 1 6 28 
38 36 26 39 0 35 37 15 4 16 17 14 8 31 
28 14 23 0 26 18 10 38 21 8 20 33 35 11 
17 28 0 16 1 14 11 7 38 22 20 39 9 12 
6 21 23 0 30 16 1 32 29 34 15 11 9 39 
36 20 29 13 7 31 3 14 26 37 0 23 1 15 
16 13 14 5 31 29 3 10 38 22 0 24 39 36 
3 21 0 32 34 23 7 10 12 19 17 37 6 27 
30 6 0 9 1 28 33 32 26 23 35 5 25 37 
27 6 22 9 24 34 19 36 26 0 15 29 30 21 
11 30 19 32 0 17 22 25 4 1 37 20 36 35 
13 11 8 23 30 9 0 37 6 36 34 39 1 26 
21 27 14 9 13 29 3 18 0 34 23 32 24 2 
1 28 38 3 0 5 39 15 2 13 27 30 29 12 
1 2 23 4 32 17 15 12 27 31 20 29 0 35 
28 10 7 0 26 18 11 3 19 8 25 36 4 9 
29 17 27 12 37 14 38 11 0 33 36 5 21 3 
13 21 9 3 32 8 30 22 35 0 27 29 5 6 
8 22 30 6 3 19 0 25 31 9 2 15 17 5 
16 32 25 26 14 31 36 30 0 7 8 4 3 12 
34 32 26 0 22 38 3 17 19 28 33 31 8 23 
13 6 1 30 8 12 36 2 10 21 3 34 38 0 
0 10 29 22 33 25 35 9 11 13 31 12 3 23 
31 8 25 37 2 0 29 5 18 30 10 24 9 22 
37 14 30 18 2 17 29 39 21 19 25 35 0 32 
30 3 0 19 20 17 12 33 32 7 39 9 4 34 
17 4 32 10 28 0 33 18 6 2 14 27 7 3 
30 22 29 0 2 16 32 9 13 18 11 36 14 19 
4 8 27 25 30 0 26 36 5 11 13 18 16 10 
26 36 19 16 6 13 25 0 8 28 29 20 2 21 
9 20 14 30 1 35 37 34 22 0 7 6 23 26 
21 20 29 30 14 9 8 7 28 27 3 32 37 0 
14 27 4 21 2 12 23 17 15 31 0 10 36 5 
29 26 36 1 6 24 7 17 9 11 15 19 0 33 
5 38 12 1 17 0 39 6 33 15 4 27 16 19 
10 25 13 26 8 7 30 21 18 16 31 12 0 29 
35 0 8 5 13 37 26 17 27 38 23 11 18 1 
24 29 3 10 0 30 31 9 8 16 39 6 4 15 
30 16 31 37 0 12 8 25 38 5 32 29 26 15 
34 9 14 19 24 6 22 2 28 8 23 3 0 5 
21 0 12 31 10 14 36 27 32 4 34 7 28 3 
19 12 27 21 17 8 1 25 3 37 0 32 39 7 
30 19 23 1 38 4 3 15 0 29 28 12 6 26 
24 30 18 1 0 10 36 27 17 7 12 4 16 34 
31 29 18 12 5 37 0 23 19 3 14 1 26 30 
32 36 4 23 12 31 21 18 11 35 28 0 27 37 
21 7 20 24 31 30 0 16 25 36 9 19 10 8 
20 6 4 5 34 12 30 23 29 28 7 0 10 24 
25 9 29 31 15 10 6 16 0 1 36 32 26 27 
0 4 29 13 37 28 27 15 25 19 35 21 23 22 
21 15 11 24 31 35 20 9 16 39 0 27 19 7 
37 10 26 23 13 15 20 28 34 24 30 0 17 32 
17 28 13 32 21 16 10 27 19 0 4 36 9 35 
0 14 22 31 13 16 37 20 27 21 24 9 34 25 
4 15 9 16 24 21 12 0 28 22 18 13 11 35 
9 30 8 39 20 26 7 33 18 14 0 3 17 27 
34 5 26 9 25 32 15 10 16 19 0 38 13 30 
14 36 25 2 15 11 7 31 5 16 0 12 30 18 
14 0 21 1 27 22 29 31 36 3 33 2 35 18 
11 12 5 39 1 24 3 17 8 37 14 13 36 0 
0 26 8 9 15 30 16 4 21 29 2 35 22 18 
8 31 25 32 15 6 26 5 7 34 12 0 16 39 
15 27 35 38 24 0 17 22 13 39 19 7 34 2 
14 15 5 26 6 24 16 36 35 4 0 25 23 19 
38 7 35 4 30 29 20 0 12 36 11 5 37 3 
26 2 8 21 0 27 33 14 29 34 37 36 31 7 
17 14 0 15 11 18 9 28 2 35 25 37 24 12 
13 19 39 37 11 15 6 0 8 18 22 30 14 24 
30 24 0 16 25 38 29 21 11 28 2 7 20 4 
35 12 2 37 0 36 16 10 14 1 32 8 22 39 
15 34 35 16 36 39 3 18 31 32 0 17 14 37 
0 1 8 16 15 30 24 18 38 3 5 37 29 32 
35 33 20 1 25 9 4 2 0 26 14 23 24 8 
14 39 0 19 17 22 35 9 1 21 12 34 8 36 
19 6 0 29 16 24 22 15 13 17 37 21 26 32 
36 11 17 34 5 0 35 7 25 21 1 20 9 28 
34 23 25 0 29 22 14 16 26 13 18 19 24 3 
6 33 8 20 4 16 19 26 18 2 32 25 9 0 
18 3 38 14 33 26 25 7 19 0 24 35 1 36 
34 32 20 11 16 25 14 13 21 1 28 23 0 18 
10 24 18 0 20 23 19 8 34 36 30 26 12 6 
36 6 29 31 30 26 23 25 0 18 13 17 9 7 
22 20 8 32 0 38 7 16 12 4 33 21 31 23 
34 28 21 12 6 7 29 0 25 3 26 33 36 22 
29 34 24 35 8 39 0 36 18 38 10 14 20 15 
0 9 33 11 37 7 27 25 17 23 15 28 8 34 
15 17 35 28 34 0 27 23 10 25 6 11 33 36 
0 11 16 7 21 17 36 1 2 35 28 39 32 27 
34 12 5 38 28 23 20 36 32 30 13 0 19 31 
29 31 22 28 4 16 34 13 20 0 35 7 37 30 
27 21 13 33 6 23 28 2 0 16 4 39 25 17 
18 12 0 38 7 6 8 11 27 26 28 33 16 25 
5 19 12 8 18 3 31 0 16 23 9 26 20 37 
30 33 14 19 22 28 21 32 10 29 37 0 36 16 
23 12 7 11 30 18 0 35 21 38 24 34 22 14 
3 10 26 34 2 27 0 38 36 35 6 16 25 9 
9 15 21 39 28 1 4 6 37 0 14 22 10 25 
13 1 36 21 23 34 19 16 18 27 20 26 0 38 
21 19 27 3 25 11 1 4 17 0 23 15 31 33 
1 28 36 13 30 20 34 31 4 12 26 15 0 18 
24 11 16 28 25 34 39 18 0 20 33 5 1 26 
4 32 18 15 37 19 20 28 21 34 0 10 24 26 
7 8 29 13 26 15 16 10 5 17 9 0 34 36 
1 3 28 23 7 21 4 16 12 15 18 20 0 8 
15 17 14 18 19 21 24 0 36 8 1 12 25 20 
36 19 37 32 5 34 0 28 22 31 35 13 4 20 
13 5 0 10 22 27 32 18 17 15 2 23 21 38 
4 11 0 23 13 12 21 7 1 14 20 31 16 24 
11 35 15 0 9 38 20 36 6 3 12 33 13 19 
0 6 13 8 16 27 3 22 10 25 29 19 14 9 
21 33 11 17 34 10 0 28 5 19 26 13 6 36 
31 0 35 23 6 20 1 2 34 12 33 3 5 4 
24 32 17 20 26 35 1 5 2 0 34 12 29 27 
10 36 18 9 5 37 32 1 11 15 23 0 25 35 
16 26 38 32 19 31 0 8 15 33 25 18 24 11 
10 9 38 11 4 29 37 35 36 16 22 39 0 8 
10 3 32 0 7 19 22 39 31 25 23 18 26 29 
23 7 6 29 27 10 2 33 36 34 28 24 0 22 
22 14 25 10 26 29 6 34 7 37 21 0 33 2 
27 0 14 7 11 8 16 34 30 21 23 19 31 15 
31 28 19 8 16 0 35 21 36 17 4 9 33 14 
21 36 0 1 33 30 9 34 25 29 18 37 27 19 
4 25 23 5 33 32 15 6 34 36 3 18 37 0 
19 17 0 16 33 38 7 32 22 30 9 34 1 24 
29 20 3 38 28 9 11 0 8 16 37 14 6 35 
14 26 2 23 13 9 25 16 0 6 17 1 12 11 
33 8 36 27 21 9 26 14 0 17 5 13 32 37 
28 29 11 30 26 24 7 17 3 21 34 16 0 25 
39 26 36 29 4 6 34 17 5 35 30 7 9 0 
32 26 36 37 21 34 19 29 24 14 20 12 0 27 
36 23 38 11 31 18 12 0 28 3 9 1 22 17 
9 34 31 22 10 17 1 6 30 25 5 0 7 11 
20 33 18 0 2 16 13 5 34 31 15 4 38 1 
3 39 34 35 21 24 16 27 15 2 38 0 23 10 
9 8 0 18 5 11 36 16 1 23 28 7 35 38 
0 31 12 14 21 3 13 9 33 15 6 27 18 26 
34 32 27 19 37 38 33 21 8 15 25 0 7 14 
30 24 32 36 2 0 6 14 1 25 23 8 17 27 
0 34 33 32 18 11 21 23 37 9 17 6 10 1 
3 35 24 39 2 19 28 14 15 16 17 0 32 29 
12 9 0 23 22 31 19 30 5 21 35 11 38 1 
0 1 38 17 30 21 13 26 37 10 25 5 19 15 
21 24 23 4 17 16 19 25 15 39 1 26 14 0 
23 31 5 15 21 6 22 12 36 4 0 34 29 13 
10 17 37 30 6 0 20 28 29 34 7 14 19 15 
10 7 22 9 16 0 18 3 27 11 38 26 6 17 
15 10 11 7 12 35 36 1 31 16 0 32 26 28 
20 27 32 3 14 9 12 26 0 5 11 37 30 36 
31 39 4 24 0 33 27 28 3 1 2 22 32 17 
27 4 37 26 9 6 31 32 29 14 34 23 18 0 
13 23 34 28 11 20 15 0 10 24 33 19 29 27 
10 1 34 37 29 3 32 6 35 33 9 25 21 0 
17 18 30 31 29 4 1 5 21 14 32 13 3 0 
24 17 25 29 28 18 0 13 10 23 19 34 3 7 
23 15 0 12 25 1 28 22 5 18 35 17 37 19 
3 33 7 27 31 18 20 28 30 5 19 0 21 25 
5 19 1 32 18 30 2 34 0 22 8 13 37 38 
32 16 38 35 39 2 25 21 7 28 1 5 27 0 
36 31 24 0 35 10 39 32 28 17 6 12 25 18 
3 18 37 8 10 15 22 11 1 0 28 27 29 4 
39 18 16 31 22 3 0 13 20 36 23 35 1 11 
6 33 15 2 25 26 0 10 16 5 32 20 19 18 
17 21 12 18 7 1 29 16 5 39 31 22 15 0 
33 20 0 29 10 8 19 25 2 26 16 24 22 37 
36 21 1 34 14 6 37 31 19 27 11 33 0 2 
6 15 23 33 20 3 36 31 21 37 7 19 0 35 
30 35 23 18 1 7 25 38 5 3 14 0 16 36 
13 20 12 30 22 10 28 0 23 38 16 9 8 33 
38 27 28 22 35 0 31 23 25 4 37 7 39 24 
26 12 36 20 38 9 33 19 24 30 18 39 0 22 
39 8 7 0 10 1 6 4 28 21 11 37 14 18 
16 32 14 22 24 33 6 39 20 0 3 35 18 8 
18 24 17 19 7 15 10 32 29 30 39 27 0 2 
27 33 0 17 26 16 36 18 11 19 15 30 37 3 
16 3 11 15 27 26 14 7 22 1 30 37 39 0 
10 0 31 22 1 3 21 5 26 13 15 20 19 37 
8 31 7 23 15 19 3 6 22 24 9 13 37 0 
15 17 22 0 9 33 10 8 16 39 30 1 37 13 
0 20 29 13 21 16 1 14 4 18 19 39 31 35 
17 12 14 7 19 5 35 0 34 10 3 36 13 32 
37 22 25 20 39 34 32 29 21 38 8 0 13 9 
14 15 32 5 35 23 25 37 7 8 31 0 22 34 
0 39 9 5 20 7 22 6 31 27 21 15 23 37 
0 22 30 36 3 15 11 19 26 37 28 18 1 10 
19 0 24 4 14 2 15 25 23 32 35 20 13 31 
0 4 5 9 19 24 36 26 18 13 39 3 14 34 
1 28 22 23 2 8 13 24 14 35 27 0 33 10 
23 39 19 18 29 20 15 5 6 9 22 0 33 11 
7 6 4 14 11 15 25 29 39 8 0 9 24 34 
8 11 15 36 23 6 20 9 1 7 27 0 28 24 
0 14 27 39 37 33 16 18 35 17 13 7 4 26 
12 15 28 21 6 9 29 0 14 8 30 2 4 31 
25 35 26 1 8 23 36 39 0 32 5 16 18 13 
34 4 37 20 13 3 14 11 26 0 10 12 8 28 
6 22 38 18 16 34 0 28 3 7 5 10 26 32 
9 1 16 19 36 38 3 34 10 33 11 2 0 25 
15 0 36 3 11 20 27 29 30 7 18 17 23 21 
8 30 9 0 21 16 1 15 38 33 17 18 39 11 
26 9 35 0 23 28 20 13 33 30 24 32 15 31 
31 4 30 6 7 38 12 23 29 0 24 36 25 19 
34 23 33 28 1 38 7 0 15 29 25 2 3 4 
23 10 19 11 29 0 32 24 26 18 33 4 38 25 
39 16 37 8 14 29 19 22 2 25 6 0 18 7 
10 25 28 12 38 0 3 36 15 39 35 22 30 9 
0 11 7 6 9 17 2 23 8 12 25 24 1 34 
26 0 20 4 36 38 24 19 5 29 32 8 23 31 
7 4 39 23 15 0 31 9 3 19 20 1 36 26 
13 0 39 24 16 35 23 14 8 21 18 1 20 7 
0 10 16 35 5 7 25 6 15 3 30 22 38 2 
6 26 30 39 15 14 33 9 11 17 4 0 25 21 
10 33 37 30 17 26 20 4 19 39 11 0 12 23 
26 14 9 0 24 30 23 8 15 29 12 4 36 33 
37 39 8 3 38 19 13 1 30 12 25 14 22 0 
21 39 18 34 35 2 24 31 37 30 0 27 10 19 
33 21 12 19 32 37 13 9 28 18 4 17 22 0 
14 5 36 0 34 2 25 30 23 24 1 9 6 29 
31 27 26 17 14 13 28 2 4 12 30 0 35 22 
22 23 21 13 8 12 9 25 35 17 0 19 38 36 
13 36 0 6 29 32 12 19 14 20 38 4 22 27 
28 14 13 6 3 18 36 30 17 8 31 7 0 27 
32 28 36 22 2 21 12 4 7 13 8 25 0 30 
28 12 25 10 6 14 0 9 39 11 31 21 16 5 
8 17 38 9 21 39 0 2 22 27 10 24 37 3 
30 20 29 13 3 4 21 17 39 6 9 0 7 25 
0 31 27 4 15 16 11 30 13 25 28 21 29 8 
15 12 30 34 32 0 36 20 10 2 38 39 37 21 
2 6 5 21 32 7 0 22 36 25 19 23 17 34 
17 18 12 0 28 34 32 4 19 36 14 16 35 7 
22 6 30 21 37 12 0 5 1 16 7 34 2 10 
30 31 33 6 15 20 22 13 0 21 18 19 17 9 
16 20 6 37 11 32 0 36 18 33 23 22 19 31 
2 31 28 12 34 0 7 24 18 25 11 6 37 15 
16 38 20 22 0 25 33 23 9 8 21 18 17 10 
28 29 18 17 13 33 27 15 8 37 36 39 0 2 
4 5 29 20 31 28 0 19 2 32 26 10 9 39 
7 29 12 36 4 24 33 17 39 3 22 21 30 0 
26 24 12 8 31 0 1 23 29 25 3 28 9 19 
0 23 26 2 4 24 18 32 14 10 21 9 38 22 
14 16 35 5 20 38 0 1 29 34 15 23 4 30 
0 30 4 14 18 9 1 37 39 31 2 11 6 38 
21 23 12 36 3 7 10 0 30 16 14 6 13 31 
0 17 24 32 26 9 4 29 37 6 34 1 11 13 
31 36 3 14 20 39 21 29 2 13 32 25 19 0 
13 30 7 15 25 11 26 16 0 39 31 17 3 27 
16 12 2 39 20 13 15 35 0 34 19 30 22 18 
29 6 28 30 36 37 33 0 9 1 10 4 20 14 
23 32 15 27 30 17 21 22 14 3 0 4 5 26 
9 6 14 29 0 39 32 30 20 15 21 33 12 25 
23 14 0 28 29 17 39 31 16 27 32 5 38 6 
24 9 7 37 35 0 14 10 33 11 25 1 8 39 
12 22 14 37 20 1 34 27 33 7 0 36 16 10 
8 22 7 11 33 30 38 35 27 39 0 36 37 6 
3 1 25 19 0 33 8 24 20 32 15 21 10 12 
4 18 20 27 0 35 12 28 33 32 34 19 8 2 
0 36 5 12 23 32 22 33 1 27 19 11 16 37 
0 5 17 31 32 10 20 11 25 28 23 12 16 6 
16 9 27 14 18 39 19 21 5 3 31 0 33 30 
9 6 7 0 33 38 27 37 34 18 26 36 25 12 
35 10 0 18 24 13 2 11 28 25 12 6 4 14 
38 25 15 2 24 14 19 26 1 31 32 16 23 0 
27 38 9 14 12 17 2 39 0 33 13 35 36 31 
26 0 24 38 37 8 29 11 21 4 36 16 19 35 
18 0 12 1 4 3 19 25 7 22 37 15 23 31 
24 22 17 13 4 32 5 12 38 23 0 18 3 26 
0 36 21 5 1 3 25 16 37 19 8 31 29 30 
35 6 37 12 13 9 21 28 18 38 4 31 14 0 
25 32 31 35 16 38 24 0 29 17 10 27 37 34 
10 14 5 21 37 20 33 24 9 34 17 23 0 27 
24 37 30 11 2 23 17 18 29 35 13 0 20 7 
16 29 18 0 38 21 12 2 28 32 19 5 8 15 
32 28 23 0 34 38 18 9 2 36 21 19 6 5 
0 5 27 32 30 16 19 38 9 26 21 8 25 39 
33 4 19 6 8 5 7 0 26 10 16 29 30 31 
23 33 36 0 4 17 28 13 31 27 19 7 9 2 
19 31 10 29 25 14 38 0 27 33 12 34 6 17 
9 30 1 8 29 15 0 22 35 36 28 24 25 20 
20 24 37 11 4 22 0 35 16 15 2 21 28 6 
16 11 32 0 33 29 8 7 20 13 21 14 24 22 
13 30 37 34 11 6 38 23 17 24 0 22 39 8 
0 24 4 33 8 25 6 14 12 35 30 20 38 32 
35 12 19 0 14 29 37 15 33 32 27 9 6 34 
21 20 0 19 9 17 12 29 8 1 16 26 4 5 
38 39 18 13 22 29 33 24 25 0 11 4 2 5 
7 1 33 13 26 0 16 5 25 30 3 20 24 34 
10 5 18 14 9 38 37 34 15 0 7 19 11 23 
31 33 2 0 24 6 26 7 23 35 5 22 1 18 
3 6 21 22 31 17 2 32 14 7 10 29 33 0 
36 31 30 5 39 8 21 4 32 2 9 17 28 0 
7 9 0 38 8 13 36 1 20 18 26 6 22 24 
9 22 19 20 28 11 27 13 29 0 24 38 25 12 
31 11 38 22 0 32 19 29 13 23 30 6 4 7 
28 19 30 38 0 23 7 35 14 21 5 33 29 2 
11 12 0 20 34 21 27 19 4 35 5 37 2 15 
34 2 32 17 25 23 19 21 14 4 3 12 0 7 
11 24 32 10 0 22 25 6 35 3 33 37 21 38 
11 0 5 22 39 34 33 32 14 12 23 19 9 13 
3 19 29 4 2 28 27 33 37 11 15 30 0 6 
1 15 22 13 6 33 39 34 0 8 37 19 7 36 
33 1 39 9 0 11 15 37 21 20 27 32 24 34 
26 13 3 34 2 29 30 19 22 10 23 25 0 28 
23 34 36 5 24 35 12 20 19 25 8 11 14 0 
12 31 10 0 30 1 8 39 15 25 14 23 33 9 
2 29 9 21 14 22 31 15 0 18 39 11 24 8 
24 21 22 38 18 39 0 11 3 27 17 31 15 23 
32 24 34 0 36 18 29 12 16 10 2 19 6 5 
36 17 1 29 37 0 19 7 20 31 26 33 28 5 
32 16 21 31 3 17 8 39 18 27 34 12 20 0 
16 35 37 0 4 7 1 8 3 34 6 15 12 24 
10 0 27 19 6 18 9 37 34 5 36 24 28 20 
27 35 5 38 11 13 6 33 0 29 39 12 24 14 
30 22 18 7 0 35 15 10 24 26 5 38 27 4 
3 8 39 10 0 5 36 16 20 34 27 33 17 21 
5 0 25 19 34 22 8 36 10 39 14 26 15 9 
38 3 22 21 1 9 24 23 36 29 5 6 0 18 
33 9 19 28 17 8 6 15 4 0 39 37 3 27 
20 19 0 26 3 35 14 7 22 15 25 10 29 6 
38 16 35 10 23 14 33 19 22 36 24 28 37 0 
31 21 0 23 6 33 28 7 18 10 14 36 20 9 
0 38 26 39 31 35 4 5 20 28 13 3 11 19 
35 3 30 39 1 27 22 16 23 4 10 31 25 0 
9 4 1 0 34 31 8 2 6 30 27 33 13 7 
8 9 31 5 17 2 36 0 32 35 25 11 6 4 
5 15 37 0 13 29 7 20 22 33 35 26 9 17 
17 15 29 19 31 2 38 37 12 0 28 6 7 20 
12 18 24 37 2 11 0 8 32 21 30 4 26 38 
20 34 22 14 8 0 33 5 23 17 13 21 32 10 
19 3 33 0 30 24 21 39 28 1 22 18 10 16 
22 7 32 26 39 36 20 29 25 1 23 5 35 0 
2 8 1 16 4 35 31 0 22 18 25 28 15 3 
21 19 13 2 23 7 14 16 15 0 3 8 34 28 
5 23 39 14 2 37 36 0 28 7 26 34 22 18 
17 11 0 32 23 33 5 37 24 21 38 2 25 14 
10 15 3 36 26 0 2 17 4 8 32 24 37 7 
3 34 37 14 35 8 26 32 1 18 21 28 5 0 
34 4 30 8 29 38 0 18 28 26 39 32 21 3 
26 16 39 30 0 34 13 4 31 21 29 27 24 7 
7 23 10 9 0 12 6 13 20 11 32 8 2 14 
20 30 11 3 13 0 5 39 2 25 23 9 22 15 
34 22 10 1 14 17 2 0 29 15 32 36 12 28 
39 12 4 10 29 8 13 1 6 0 25 34 18 24 
1 25 0 38 15 36 34 8 18 14 13 10 6 11 
21 5 12 26 0 24 31 19 34 20 2 35 3 17 
34 20 1 6 39 19 17 14 36 0 26 25 15 30 
3 35 22 36 7 16 9 20 18 28 0 34 27 21 
14 3 20 15 29 18 39 17 6 32 0 38 8 19 
17 39 37 3 34 24 21 8 19 35 22 18 0 1 
1 10 39 4 0 34 5 2 23 36 28 16 24 26 
37 17 2 0 11 38 28 16 12 24 29 22 5 18 
26 27 0 9 8 1 31 25 18 28 13 34 17 24 
9 0 7 19 2 15 37 31 13 8 29 10 22 34 
34 6 2 9 24 11 19 30 35 0 33 4 1 13 
22 0 18 5 17 21 36 27 26 8 10 32 11 31 
5 24 16 15 39 38 25 0 11 31 27 14 6 17 
35 27 37 22 26 0 17 39 33 12 38 29 7 31 
25 24 39 8 5 22 27 38 12 4 10 15 0 17 
4 7 16 0 26 5 24 37 10 39 2 11 27 9 
14 12 16 5 39 24 29 33 34 0 11 36 10 37 
1 4 0 22 7 20 24 35 5 21 39 36 6 14 
17 0 29 24 32 11 20 31 37 27 8 13 2 9 
10 15 5 39 22 34 19 37 3 18 38 16 31 0 
1 35 27 32 24 10 6 2 25 17 0 33 34 18 
14 31 0 11 20 21 7 26 27 17 23 32 34 1 
15 6 0 14 11 23 3 28 18 8 1 10 39 20 
34 37 30 11 13 0 14 15 9 20 23 33 21 5 
37 23 38 36 18 0 39 26 22 15 14 25 2 31 
15 20 31 36 27 25 8 28 29 18 9 30 0 37 
15 21 38 0 31 35 5 27 20 13 14 11 9 17 
10 17 19 9 29 6 2 13 26 16 11 4 8 0 
28 37 8 30 4 23 7 14 18 0 9 20 6 36 
26 20 2 6 1 11 0 25 10 3 15 8 7 36 
24 20 9 17 25 10 23 28 4 26 0 14 30 34 
32 18 1 23 7 28 33 14 0 26 27 10 30 15 
25 14 22 26 1 20 18 39 0 37 9 34 28 31 
7 3 14 0 15 32 18 25 34 35 9 2 31 23 
0 35 14 12 24 19 11 22 31 25 27 1 15 29 
35 31 22 26 0 9 8 17 36 2 18 32 13 38 
28 37 36 39 3 1 35 0 32 13 24 7 34 6 
31 34 18 23 20 13 30 14 35 37 0 22 25 10 
4 2 26 0 24 12 1 32 3 33 39 6 30 15 
30 0 16 8 36 37 35 21 32 4 17 23 11 28 
23 1 32 35 0 24 3 2 10 28 31 19 8 13 
16 4 35 30 23 5 7 33 0 14 27 17 18 13 
31 27 26 5 11 18 21 13 2 32 28 1 0 14 
16 8 4 31 2 12 13 36 37 3 9 0 5 11 
26 0 11 12 10 4 16 14 24 7 5 39 13 19 
35 0 31 9 20 4 38 6 39 23 11 16 19 36 
9 22 38 16 7 8 17 26 6 29 4 2 12 0 
0 30 16 15 9 27 6 28 7 8 5 14 13 39 
37 27 34 9 28 36 0 25 10 21 19 31 30 22 
16 13 24 28 11 17 22 20 9 0 36 1 35 18 
16 38 4 0 2 22 18 35 34 3 29 26 6 36 
10 13 16 27 39 23 35 36 17 6 9 0 14 22 
36 16 17 38 10 18 22 2 34 14 35 9 0 24 
25 27 23 35 10 14 34 30 0 7 18 24 17 12 
37 23 34 21 38 1 12 26 9 18 0 13 3 17 
17 39 22 29 5 0 33 32 15 38 23 20 19 3 
20 8 5 32 24 13 19 3 11 31 1 36 18 0 
35 0 28 30 31 14 23 11 7 8 17 10 25 22 
11 33 24 30 0 36 1 37 31 21 16 25 4 19 
32 21 18 34 33 35 24 4 30 0 16 23 13 11 
4 18 8 1 34 15 21 26 16 5 33 3 0 22 
23 0 1 6 26 8 9 30 14 38 10 25 21 28 
23 0 31 17 38 22 14 21 25 1 30 16 2 9 
2 18 39 30 32 0 3 23 34 1 15 5 6 26 
0 12 8 17 6 22 5 4 33 23 35 2 38 26 
39 0 25 10 33 18 7 13 29 20 38 31 36 22 
35 38 33 13 0 23 11 39 8 16 3 34 1 24 
6 34 35 13 15 31 24 17 30 3 0 21 18 8 
38 15 35 8 33 14 25 22 28 0 4 30 6 32 
17 16 30 29 13 26 15 9 2 0 27 37 11 28 
29 22 0 36 14 15 32 23 31 11 9 7 26 2 
10 12 1 9 3 16 28 24 5 20 6 32 11 0 
24 27 35 30 2 0 36 14 5 6 3 23 31 7 
9 29 7 11 24 10 1 31 8 0 28 13 2 17 
35 34 20 19 0 27 15 14 3 32 29 9 10 18 
15 29 13 26 14 17 7 8 5 0 32 39 3 36 
10 27 0 22 35 36 15 9 23 2 26 25 21 3 
21 36 4 13 26 8 34 14 6 0 28 19 22 24 
2 37 21 19 24 13 7 35 27 33 0 10 9 39 
26 31 32 23 17 36 3 2 34 21 24 29 19 0 
32 21 1 26 29 24 39 36 35 23 11 17 0 2 
25 0 17 29 10 23 8 7 37 13 2 21 5 12 
26 1 21 38 35 37 39 0 28 30 20 7 23 17 
6 2 29 12 25 24 15 13 26 36 30 14 20 0 
36 39 18 11 9 5 22 6 38 35 0 3 37 10 
9 13 25 30 16 31 3 29 37 1 23 21 36 0 
18 11 37 0 36 10 6 15 22 20 35 3 4 9 
21 3 24 25 11 0 5 19 16 12 31 17 20 32 
39 25 10 38 18 37 6 28 4 23 3 0 1 13 
36 22 13 14 17 21 0 31 12 32 23 27 18 8 
27 26 35 11 25 6 17 31 29 0 10 23 36 32 
11 37 27 18 4 36 0 10 20 29 24 7 5 30 
0 3 28 23 29 37 17 11 7 22 4 34 33 16 
21 15 30 25 31 10 11 2 1 18 38 26 0 33 
11 13 1 28 24 23 16 39 33 3 15 0 5 27 
7 35 13 21 10 1 29 14 0 11 8 22 28 4 
32 1 27 35 26 5 8 38 7 21 0 20 16 13 
36 30 2 16 20 0 13 11 38 23 15 12 17 8 
21 7 18 13 23 28 6 0 12 37 2 16 3 33 
38 9 21 33 25 32 18 26 15 22 0 19 1 17 
16 18 29 15 3 33 10 27 17 21 7 19 34 0 
2 24 5 0 9 36 39 38 20 8 18 14 15 23 
0 13 9 15 14 7 33 29 34 39 28 2 26 5 
17 16 0 23 38 8 12 3 15 27 10 36 31 13 
1 2 6 10 20 12 39 37 0 4 5 30 3 18 
2 16 33 0 19 31 20 1 38 26 11 25 3 30 
28 4 12 18 0 38 5 39 24 7 22 9 29 26 
19 21 11 28 8 37 18 30 29 25 32 17 0 34 
5 0 23 9 27 31 22 28 30 16 3 4 20 29 
12 30 6 9 21 20 5 13 16 25 11 0 31 22 
18 8 29 38 5 37 28 23 22 24 21 32 0 12 
3 25 14 4 6 34 23 13 29 19 0 9 22 24 
2 29 36 19 1 27 18 0 3 21 34 28 14 9 
0 35 18 24 13 9 6 32 37 2 19 11 31 14 
5 9 29 24 12 39 33 10 21 18 19 25 0 3 
32 11 2 0 27 22 7 29 34 12 20 39 4 18 
9 28 21 19 5 35 29 23 3 26 0 17 31 20 
0 18 35 4 38 15 20 6 25 17 26 2 28 3 
30 32 25 37 28 0 10 20 4 13 5 15 27 24 
5 31 0 37 33 25 1 9 13 27 36 6 23 20 
13 5 27 30 39 18 9 38 34 17 0 1 25 6 
0 25 38 22 9 17 8 24 19 20 2 6 12 33 
14 38 28 22 0 24 20 16 3 15 27 5 23 6 
23 3 0 4 13 25 26 22 18 21 7 2 28 33 
23 2 25 35 10 6 34 21 20 1 11 29 0 9 
18 0 30 34 23 6 25 32 31 29 36 35 33 13 
11 6 0 13 2 9 15 10 4 3 12 19 31 37 
27 5 3 31 12 36 4 39 29 2 17 14 1 0 
5 14 13 12 2 32 18 21 10 22 36 29 0 1 
34 3 21 14 24 1 37 36 25 4 18 30 5 0 
6 5 0 34 12 38 3 17 8 20 14 15 1 36 
35 32 0 3 10 25 6 39 9 19 4 38 13 24 
36 13 0 34 27 26 32 37 19 29 28 17 5 4 
20 17 13 3 11 36 31 4 38 1 5 0 22 10 
30 27 0 26 20 13 5 31 3 32 6 11 36 15 
4 36 7 17 13 0 24 15 8 9 12 28 11 37 
20 19 21 28 9 32 39 12 14 37 23 30 24 0 
22 0 4 34 32 13 27 17 29 10 23 25 33 8 
9 20 18 39 28 1 5 0 27 21 10 24 6 17 
33 8 2 10 23 35 7 39 19 0 28 31 36 24 
31 7 21 0 1 36 39 20 35 10 6 28 38 2 
27 34 38 31 18 39 7 13 19 20 0 14 2 15 
6 26 32 29 4 10 31 2 0 21 9 36 24 13 
13 30 31 8 24 22 37 25 0 18 12 17 9 34 
4 27 17 11 0 20 16 35 33 18 10 13 22 29 
12 5 17 35 34 3 37 11 9 0 13 25 4 6 
15 32 20 0 30 39 11 37 34 17 10 27 14 26 
27 13 30 23 7 4 26 36 25 39 24 0 3 17 
18 19 31 28 15 8 23 37 0 7 27 20 5 13 
27 11 31 6 9 34 0 10 8 15 39 29 17 14 
1 23 4 33 13 11 15 37 7 10 35 0 19 21 
35 13 18 30 38 0 22 21 26 31 15 16 12 1 
20 3 0 17 9 30 4 1 5 15 29 21 27 25 
0 9 13 36 5 21 1 7 2 33 17 18 39 25 
17 32 22 20 16 26 5 11 35 24 31 2 25 0 
2 38 33 4 34 19 30 25 32 6 14 0 24 21 
33 36 30 38 25 21 0 24 23 17 35 11 19 27 
