33 20 23 14 35 18 16 5 17 9 27 48 34 7 
18 46 1 39 36 43 28 34 44 5 45 40 41 30 
9 4 16 0 43 35 2 47 5 12 24 6 22 49 
20 13 10 8 14 4 23 32 30 17 7 43 38 25 
21 24 44 41 1 4 46 39 19 37 16 26 3 15 
12 4 43 40 10 44 5 46 22 49 27 35 33 42 
23 41 37 21 35 43 49 7 22 0 14 36 28 29 
16 28 43 40 30 39 26 18 22 41 32 25 48 34 
35 1 42 5 8 49 16 25 38 31 46 9 34 30 
45 30 32 3 39 27 49 6 41 34 33 40 8 37 
35 46 24 2 26 20 8 43 11 3 19 18 42 1 
20 33 6 17 15 8 48 23 13 46 45 2 22 47 
41 43 8 28 39 42 9 18 23 40 29 21 26 11 
42 16 24 47 20 35 10 14 49 46 34 45 36 23 
8 24 20 16 30 19 35 10 23 47 43 28 45 12 
43 41 26 44 21 28 25 36 14 38 19 22 46 49 
33 31 32 10 15 46 11 47 25 36 1 39 29 18 
47 28 49 15 6 17 32 19 10 20 35 23 46 31 
44 1 35 30 8 12 37 25 47 20 23 7 32 33 
38 24 30 33 43 1 18 39 35 4 16 45 8 11 
3 0 5 13 23 34 2 36 10 26 7 28 29 4 
32 21 2 34 12 45 42 17 4 15 35 13 27 8 
47 26 30 48 29 27 39 6 22 1 4 45 21 40 
35 9 18 23 45 3 44 39 28 32 29 6 42 27 
1 25 0 29 18 17 26 40 2 43 30 3 46 31 
11 21 26 36 27 22 24 38 17 37 39 7 35 49 
32 37 26 46 6 15 29 44 45 11 18 30 7 41 
40 43 0 24 45 11 7 41 19 15 22 4 38 34 
36 11 14 42 29 23 31 8 12 43 9 22 21 30 
20 5 17 29 9 30 4 33 19 32 41 23 28 21 
3 4 15 29 26 34 33 12 5 17 9 22 2 13 
20 25 14 3 36 13 7 45 9 27 19 4 46 44 
34 33 5 48 42 13 6 16 21 40 30 17 19 35 
21 0 9 17 18 4 29 26 15 1 37 10 47 32 
20 42 41 27 6 26 9 40 15 21 24 16 8 43 
1 46 21 18 13 15 40 7 14 8 27 48 31 4 
14 18 30 35 17 40 21 27 6 23 48 41 22 2 
28 18 45 36 0 13 34 23 26 25 6 8 2 9 
14 37 42 34 2 21 13 10 11 22 17 6 4 30 
31 27 4 3 21 45 19 12 39 48 16 10 24 46 
2 15 0 42 40 45 13 19 41 39 25 16 27 21 
37 16 2 27 11 33 40 8 44 10 26 1 4 45 
3 19 46 12 7 45 39 6 40 48 2 22 33 38 
37 48 29 16 5 8 40 27 36 1 30 49 43 7 
19 26 7 43 44 29 4 12 23 9 8 31 38 1 
29 32 0 42 10 26 5 40 31 24 7 41 49 13 
23 31 21 38 22 2 20 32 33 36 43 4 12 19 
40 11 33 3 26 2 10 41 28 31 27 22 17 35 
14 20 9 6 21 47 39 28 31 36 26 17 2 38 
4 40 25 10 49 36 47 46 11 16 33 22 21 6 
48 29 0 8 2 27 18 12 30 5 39 20 23 36 
12 14 6 1 34 44 35 22 29 21 37 24 36 10 
30 33 10 18 25 0 9 26 16 40 3 19 48 4 
12 18 6 5 35 41 46 39 2 42 8 9 11 20 
34 11 33 30 48 13 0 45 8 21 28 4 6 35 
27 42 24 48 49 46 16 23 2 13 25 29 43 31 
32 9 5 45 23 1 44 16 17 36 40 10 39 19 
25 17 34 16 40 33 44 42 39 9 6 21 7 1 
24 25 22 21 8 44 28 30 23 39 38 0 35 26 
0 30 7 21 8 17 4 15 12 37 6 38 1 19 
11 34 19 37 8 21 48 26 35 25 16 1 47 38 
6 3 18 31 23 21 7 26 13 1 37 42 25 8 
12 13 36 3 1 49 39 15 5 34 9 46 44 25 
44 41 11 29 37 15 2 18 16 27 8 9 47 17 
46 20 45 18 29 10 35 9 0 7 44 12 38 5 
1 12 36 0 49 41 22 32 45 19 48 5 7 33 
12 8 22 43 39 14 32 35 31 47 36 2 4 5 
4 46 17 27 23 39 1 11 37 22 41 2 44 21 
2 24 9 40 16 31 5 22 1 27 30 12 18 25 
11 45 34 2 16 37 28 41 48 3 32 20 47 29 
37 27 14 44 18 2 26 23 16 3 30 10 24 29 
48 35 4 43 33 13 39 14 12 7 27 2 8 19 
1 18 0 49 4 42 15 25 11 16 24 3 20 46 
28 21 31 15 11 39 44 25 8 7 13 0 18 26 
38 25 19 8 5 49 1 40 26 47 10 2 4 12 
29 10 43 31 4 48 3 49 33 32 12 37 26 41 
16 34 35 18 49 33 29 46 45 44 39 47 31 14 
28 24 16 6 20 45 19 1 30 15 12 48 43 42 
39 40 25 47 38 21 7 35 1 15 17 28 11 16 
37 38 8 0 39 44 24 34 18 16 1 11 5 14 
48 15 9 39 43 47 10 18 17 19 24 44 27 13 
31 19 41 32 17 16 47 11 5 24 6 28 13 37 
49 19 45 3 10 40 38 48 16 28 23 9 34 33 
34 35 45 9 23 43 21 49 37 16 6 41 33 39 
0 18 20 47 46 35 32 45 11 40 17 30 26 36 
44 47 12 25 13 9 43 45 35 46 14 34 10 29 
17 9 8 44 7 35 28 13 43 6 2 30 3 36 
5 16 37 38 9 45 34 17 0 46 21 26 4 11 
11 21 25 17 15 23 30 39 41 44 5 45 27 47 
2 37 3 14 39 38 7 36 11 26 22 40 21 42 
29 26 17 15 18 39 14 48 5 25 27 36 4 13 
19 41 32 26 13 40 8 2 22 18 30 11 47 1 
26 42 15 8 17 12 47 29 3 49 7 35 16 19 
28 32 13 24 44 26 0 12 9 39 47 31 14 2 
41 21 12 36 16 37 24 19 33 11 34 26 20 2 
28 26 21 10 5 23 6 16 19 33 46 45 48 47 
24 13 37 8 12 26 16 35 33 22 28 32 38 44 
3 21 20 31 30 43 39 41 28 1 37 4 12 32 
21 26 13 9 6 41 19 31 8 35 27 16 34 12 
7 17 25 46 5 24 9 15 33 45 47 19 1 30 
8 33 30 3 12 44 27 38 29 47 37 46 17 24 
26 20 18 46 19 39 2 37 38 9 49 6 34 8 
26 19 16 32 15 45 29 12 21 9 46 5 40 27 
20 21 7 28 46 29 33 1 43 42 39 11 8 14 
33 45 37 6 38 28 13 44 5 21 3 26 35 46 
32 39 7 12 24 23 18 2 19 27 48 0 20 37 
19 21 43 38 6 39 44 29 13 40 32 14 26 34 
21 25 20 46 36 35 40 31 17 37 41 11 30 26 
1 29 40 48 27 3 2 13 43 4 8 22 23 28 
42 46 5 40 23 31 7 18 17 43 9 39 0 12 
25 1 35 10 27 13 12 5 6 36 17 45 30 23 
45 3 18 4 1 29 46 20 21 39 11 2 36 49 
18 11 0 39 30 38 7 10 15 9 4 45 32 35 
18 17 13 44 10 16 4 32 31 37 11 30 24 20 
47 17 22 13 7 27 8 19 49 38 35 41 12 32 
45 28 20 37 14 2 42 10 49 38 46 34 0 29 
18 0 20 31 21 40 41 25 38 43 4 33 15 35 
38 46 43 45 34 19 9 21 22 28 6 32 30 47 
8 34 30 49 38 33 20 19 39 40 14 2 28 42 
30 28 26 13 49 46 6 12 40 43 17 32 4 31 
8 43 13 19 0 7 2 39 38 27 47 41 36 21 
19 12 37 31 23 24 20 35 10 48 15 3 4 40 
18 26 5 27 8 43 35 45 1 41 31 20 4 0 
35 5 29 39 28 16 10 4 36 7 40 27 26 43 
15 30 31 49 1 9 27 22 39 38 47 26 17 7 
0 48 27 42 28 47 24 2 33 43 26 17 23 10 
14 23 25 40 19 42 0 31 7 32 35 5 49 10 
25 17 11 28 8 0 5 35 20 23 33 30 14 39 
17 3 39 13 27 25 2 46 11 43 15 23 20 28 
49 21 7 0 17 26 39 40 44 47 20 1 30 6 
44 46 37 21 26 19 33 22 40 28 32 11 1 14 
38 37 48 28 6 20 17 10 32 30 24 31 13 12 
24 6 28 19 9 1 0 27 34 10 46 44 11 2 
13 6 45 4 34 38 19 35 30 46 7 28 10 26 
7 23 16 2 21 45 48 30 37 10 5 18 15 29 
13 40 1 45 24 30 12 0 25 14 2 3 44 46 
16 1 10 15 18 49 3 35 20 39 27 17 42 19 
9 23 30 44 18 38 29 47 16 31 3 19 10 42 
5 8 31 35 27 21 16 25 11 28 6 4 24 18 
16 22 12 44 33 48 14 10 6 29 7 49 41 26 
5 36 47 4 20 25 19 12 32 23 34 3 6 16 
29 7 39 8 20 32 21 34 30 48 16 6 44 35 
22 38 5 42 30 15 32 25 20 10 23 1 37 36 
9 29 32 31 21 36 17 39 0 22 5 43 34 19 
18 5 15 16 9 45 24 38 19 32 3 42 49 47 
44 4 16 17 48 2 42 25 37 13 45 21 23 26 
11 46 1 16 25 15 20 0 45 22 32 38 17 35 
33 12 10 19 30 17 5 25 27 41 29 39 34 21 
6 43 10 15 21 38 22 32 39 2 30 8 24 45 
27 20 40 19 43 16 9 24 0 30 47 11 45 48 
48 46 38 44 26 21 18 3 0 20 42 2 32 5 
9 10 42 16 38 39 19 32 45 49 24 18 1 30 
34 6 23 22 21 35 45 29 9 27 31 48 47 37 
37 5 30 39 1 7 25 10 33 27 8 36 40 26 
24 29 43 27 0 31 48 40 26 36 45 15 33 47 
7 40 18 48 44 29 23 43 27 26 21 32 4 33 
31 4 6 22 41 27 42 47 33 48 17 25 39 35 
45 16 42 0 19 34 39 2 38 15 43 49 22 10 
16 26 25 34 31 39 32 27 46 28 2 6 42 5 
48 8 49 14 20 43 31 25 36 41 21 12 39 10 
12 29 39 26 48 43 41 25 8 19 33 11 24 0 
3 34 30 32 46 37 47 49 9 11 6 44 15 24 
17 1 16 15 43 11 13 28 6 38 27 49 39 5 
14 0 3 4 37 28 49 42 31 39 29 41 18 25 
18 13 16 17 5 38 27 22 14 28 46 1 11 49 
23 47 46 1 39 6 42 32 31 40 7 20 26 38 
26 44 12 25 21 28 13 15 40 47 41 6 0 2 
6 8 14 27 1 28 39 49 37 22 48 19 17 20 
16 17 42 36 40 33 6 45 24 46 22 14 32 35 
39 4 46 44 49 29 24 14 28 20 32 27 15 36 
19 4 39 9 1 10 47 36 27 41 37 34 32 0 
37 41 46 15 9 43 19 21 17 0 1 32 36 49 
47 31 13 46 23 11 41 8 29 22 15 21 38 6 
27 40 2 1 41 21 39 45 7 13 32 49 30 42 
46 5 4 23 30 3 16 39 33 11 43 21 22 37 
48 7 5 25 45 18 33 22 21 6 16 3 15 37 
3 36 49 19 42 46 48 26 38 45 40 32 43 27 
44 15 33 12 20 14 18 19 30 48 2 27 17 24 
5 4 0 41 18 3 15 39 10 48 22 40 49 35 
0 32 49 31 41 2 26 30 17 29 25 46 48 16 
38 5 44 18 39 48 9 33 36 42 40 19 16 49 
5 37 3 39 33 28 30 8 46 44 43 12 10 29 
49 44 0 31 6 22 45 25 21 34 24 36 39 42 
32 25 6 16 26 3 38 41 45 22 46 44 31 17 
7 28 20 6 26 23 3 27 18 10 31 36 4 49 
3 8 39 48 5 45 37 26 19 35 32 29 12 21 
36 30 2 24 20 23 35 48 33 21 8 9 16 22 
44 39 34 47 46 14 42 13 41 40 25 32 3 23 
24 37 23 1 0 25 38 12 10 8 42 5 3 6 
12 18 28 22 13 41 35 9 0 19 45 1 46 40 
5 11 21 3 7 37 48 4 23 1 17 14 6 36 
16 41 34 48 45 20 24 2 17 44 22 27 7 0 
30 43 25 41 31 17 36 24 27 12 44 29 40 23 
28 36 1 14 30 43 44 13 47 12 22 4 17 24 
29 47 27 21 15 26 40 20 4 10 31 6 48 44 
42 26 47 10 1 32 20 49 23 7 0 43 38 11 
19 23 18 49 7 22 9 29 3 40 12 1 4 37 
7 18 34 8 0 23 32 45 26 22 47 6 31 17 
36 44 25 47 32 42 7 1 10 29 0 39 2 31 
9 38 47 37 5 30 35 0 34 7 46 21 11 2 
21 2 16 5 25 12 42 48 1 17 11 45 18 14 
37 20 23 47 49 41 11 32 30 5 46 7 15 0 
20 38 26 5 8 13 6 37 21 35 10 32 27 43 
14 43 46 13 47 12 11 23 45 49 22 4 1 8 
6 13 7 1 21 2 15 19 11 48 40 24 14 35 
35 34 19 43 36 46 14 13 26 42 31 6 48 28 
21 48 42 36 28 44 38 24 0 39 16 47 32 29 
10 47 37 29 41 12 38 19 49 23 21 9 32 7 
18 12 0 24 41 19 37 14 5 30 31 40 10 35 
40 41 12 36 29 26 14 1 35 16 44 25 46 3 
30 24 18 32 20 31 14 5 13 19 47 40 33 11 
34 4 20 45 43 5 38 12 40 42 8 48 17 15 
46 18 13 40 49 27 15 41 9 17 0 32 47 30 
7 28 35 45 0 5 18 32 31 47 2 1 44 48 
15 25 10 48 3 39 33 7 17 21 46 12 11 1 
14 48 15 11 6 45 16 22 25 36 49 4 13 7 
25 7 9 19 46 11 41 32 3 47 39 12 5 17 
9 27 40 13 19 6 37 21 10 47 28 36 3 11 
37 34 15 27 22 18 46 26 20 17 10 38 6 29 
8 41 31 3 43 40 35 14 24 11 28 15 32 4 
25 37 16 43 0 12 11 13 30 48 21 18 32 27 
23 47 2 25 3 22 16 46 38 36 35 15 37 26 
40 7 30 47 14 8 3 35 2 31 29 23 36 37 
17 47 9 30 43 20 37 44 24 29 33 35 11 48 
30 21 31 9 18 4 42 3 28 23 27 15 37 39 
28 5 26 0 17 34 41 46 29 43 8 32 23 14 
20 41 45 28 36 39 27 37 31 34 2 22 5 13 
11 6 22 26 15 2 3 7 4 23 37 8 36 21 
18 39 0 12 3 47 27 28 35 37 40 49 1 10 
36 8 7 30 3 43 31 11 22 46 2 5 40 48 
11 7 38 44 29 37 33 21 27 2 12 31 41 26 
27 46 32 36 37 19 31 14 11 5 25 21 16 47 
33 39 24 11 40 23 9 35 10 36 32 17 37 8 
48 6 1 22 30 46 39 23 49 21 15 5 4 32 
25 37 0 22 15 27 9 45 2 4 18 43 29 23 
48 15 19 49 40 41 16 7 10 14 24 38 5 29 
19 5 31 35 45 36 1 3 21 30 8 7 48 20 
18 22 24 28 2 37 35 17 49 36 26 15 12 43 
0 8 16 32 36 19 48 39 33 22 40 45 30 14 
29 33 18 17 15 47 3 39 37 32 30 19 44 34 
21 20 13 34 35 24 31 25 12 41 23 39 2 15 
36 24 10 22 13 45 9 0 40 31 35 6 2 26 
40 5 37 4 31 46 21 2 26 24 17 33 11 15 
42 6 16 14 48 33 36 43 2 1 4 37 45 46 
42 35 28 47 30 1 11 33 34 6 16 20 21 31 
27 34 8 47 9 19 44 17 40 43 33 49 16 13 
35 39 36 15 26 32 8 12 49 45 13 43 22 27 
33 41 21 6 45 4 7 1 23 2 35 48 25 15 
20 43 49 45 19 46 2 15 36 40 33 5 7 3 
26 33 6 13 47 23 24 45 8 4 42 49 35 16 
24 8 0 12 32 39 41 36 45 37 4 35 34 33 
31 6 19 14 29 8 20 18 25 22 4 3 15 49 
47 30 17 7 44 19 39 3 38 40 15 31 48 2 
25 49 28 48 43 11 47 2 5 39 23 15 12 9 
5 7 8 12 14 21 49 2 41 32 36 45 44 43 
41 31 23 3 46 35 34 2 12 48 47 6 4 10 
12 5 43 9 1 30 10 8 42 18 6 49 41 45 
22 26 4 33 25 34 21 41 24 1 7 16 18 38 
46 37 40 39 21 22 17 23 13 3 15 14 4 16 
32 12 10 15 26 48 5 42 22 20 3 36 38 35 
6 0 31 11 34 14 48 10 35 40 42 45 1 17 
12 5 29 24 1 41 30 42 39 44 25 45 8 46 
10 5 6 31 22 11 16 3 12 25 21 8 48 27 
1 30 4 3 16 34 9 37 8 38 41 14 11 28 
34 7 11 30 8 14 23 0 27 12 18 9 5 29 
32 17 25 34 9 49 30 31 38 42 39 4 13 18 
16 5 13 10 46 29 1 28 0 17 9 45 25 47 
49 35 42 46 23 30 2 5 26 7 15 39 45 24 
32 2 18 25 41 48 3 29 12 20 23 28 14 40 
29 9 36 10 3 31 41 47 33 40 26 46 34 2 
32 27 42 22 29 21 41 3 5 7 18 0 31 40 
46 3 17 21 43 37 25 24 48 18 29 9 1 49 
32 2 17 22 30 25 40 26 15 19 28 44 16 21 
4 28 6 7 41 33 49 48 47 29 13 15 40 31 
47 40 6 41 18 49 42 0 14 19 38 21 16 26 
25 21 49 42 3 43 5 41 28 18 1 4 2 48 
3 44 21 29 42 1 23 41 46 18 27 0 31 5 
35 41 19 24 31 36 42 47 43 38 29 49 0 15 
7 36 17 23 2 26 15 46 1 14 29 35 42 37 
4 15 3 45 0 33 26 20 37 13 48 5 40 44 
10 20 2 1 14 45 38 21 18 41 39 23 29 31 
38 21 17 22 30 0 28 24 32 45 27 20 35 37 
4 15 13 43 38 28 10 41 18 42 5 31 0 35 
29 11 44 49 23 12 15 17 26 28 16 32 33 47 
2 44 34 24 30 47 1 48 33 15 40 12 17 45 
3 10 16 32 49 7 47 12 40 33 45 31 11 36 
2 22 0 40 47 46 26 8 41 1 38 39 43 42 
10 41 38 29 22 20 31 6 45 46 2 1 13 30 
2 25 19 42 34 38 39 18 15 22 23 48 46 27 
13 5 40 30 43 44 35 10 14 47 48 16 31 33 
46 1 20 6 49 32 41 19 30 35 44 25 47 0 
26 37 40 32 21 23 1 9 18 25 45 28 2 3 
8 14 6 47 45 33 7 16 9 3 22 21 11 20 
13 28 21 9 35 38 15 46 23 12 2 25 6 29 
47 12 26 5 2 39 46 11 19 49 16 18 6 4 
27 12 23 4 19 9 29 2 40 31 45 25 10 18 
4 24 49 17 9 8 16 34 7 19 26 14 25 20 
32 48 36 12 8 29 7 20 35 1 0 18 31 41 
15 11 17 44 20 4 34 9 6 47 5 32 33 27 
5 19 14 7 26 15 0 21 27 49 46 3 39 33 
24 14 9 23 30 43 7 34 46 28 37 42 36 41 
15 2 31 14 43 1 26 41 7 4 11 39 34 3 
13 25 31 11 47 35 7 40 33 34 49 32 18 9 
17 13 46 32 8 1 10 0 20 42 38 9 35 33 
41 39 5 7 33 45 19 18 17 24 16 23 30 43 
36 16 11 3 37 49 33 12 10 28 19 6 21 14 
2 18 6 40 16 20 25 48 21 42 4 34 8 47 
16 36 48 19 35 27 26 32 46 42 21 23 34 18 
36 31 10 42 7 13 22 49 14 43 39 19 40 35 
43 5 27 45 47 48 38 12 11 15 33 19 25 0 
16 21 35 0 42 18 11 46 44 34 15 2 28 5 
23 0 16 40 14 46 12 15 22 49 7 13 4 11 
42 36 30 39 2 22 13 38 40 49 5 46 37 48 
48 33 5 17 4 36 29 44 1 15 6 43 0 41 
33 36 13 37 46 25 17 21 42 10 15 31 40 20 
20 41 28 48 14 45 27 1 8 17 2 22 34 5 
11 28 30 35 42 18 22 10 29 5 40 26 9 37 
7 29 11 26 3 43 5 36 14 16 22 4 37 38 
19 42 20 28 5 18 10 29 15 39 9 34 45 25 
30 33 15 1 34 4 12 29 31 6 18 27 43 42 
48 36 31 27 39 11 41 4 25 13 49 15 29 44 
38 43 29 2 32 42 34 0 12 9 35 8 3 31 
17 27 8 28 46 22 0 6 30 12 1 44 13 34 
4 13 48 16 36 12 8 44 14 27 21 37 38 30 
43 30 40 18 4 47 8 6 7 28 19 37 27 31 
46 2 8 30 45 32 4 47 6 33 1 23 15 13 
6 22 2 30 42 41 35 23 10 32 49 19 21 31 
4 31 28 46 22 34 8 44 41 0 13 48 26 32 
17 42 31 8 38 33 39 18 30 41 48 40 4 14 
36 42 1 28 40 18 15 24 21 31 38 26 22 45 
20 47 44 45 22 3 46 29 11 40 48 28 43 49 
21 17 10 20 15 9 40 4 24 34 49 44 5 41 
10 46 28 23 6 5 15 42 24 27 22 20 2 34 
25 9 3 33 6 17 12 4 5 28 48 0 31 47 
48 39 30 19 44 49 2 36 18 32 9 43 20 14 
16 14 21 32 27 49 47 5 38 13 41 34 45 18 
30 11 28 38 32 15 31 4 10 21 19 35 29 9 
42 4 24 38 43 15 3 22 23 26 7 21 16 41 
6 0 33 46 27 35 31 28 14 29 43 15 7 34 
8 42 46 7 29 47 28 6 18 48 19 49 36 41 
46 40 19 36 38 25 35 4 3 28 30 16 0 7 
4 49 48 41 47 34 36 37 33 3 32 15 5 21 
34 5 4 45 8 46 12 31 9 37 29 15 3 42 
24 37 12 23 32 43 49 9 30 41 20 0 5 6 
36 20 9 21 10 25 18 0 30 37 42 48 17 33 
6 1 38 16 0 2 49 45 40 41 28 32 13 47 
19 31 49 32 33 35 40 0 11 44 46 5 48 42 
7 11 46 22 17 39 0 38 41 4 24 49 48 2 
22 19 16 27 36 34 2 3 5 10 8 49 41 44 
39 20 4 8 24 40 11 32 21 13 17 3 14 10 
36 0 35 2 18 27 40 43 6 24 48 34 25 19 
14 22 26 46 35 15 39 1 45 31 18 33 19 34 
10 42 38 4 26 13 43 8 30 47 5 14 3 18 
41 6 38 19 13 45 16 32 39 37 47 48 8 14 
11 40 25 8 24 37 35 27 17 15 36 14 30 19 
2 43 26 19 40 11 48 1 34 8 21 17 45 25 
48 7 36 0 6 20 40 33 34 15 42 12 35 45 
19 44 43 46 27 4 41 12 10 37 29 49 31 38 
30 14 5 19 16 17 6 43 22 13 1 21 18 46 
36 44 19 34 38 11 22 6 41 10 17 9 25 45 
12 37 1 28 14 11 34 29 6 32 17 24 42 0 
16 3 32 9 4 12 13 45 7 35 8 48 18 47 
48 38 17 16 11 20 23 46 34 21 1 43 15 32 
44 25 46 37 6 5 42 31 18 23 9 14 40 38 
11 31 1 39 8 13 27 45 40 22 37 43 33 16 
26 38 33 43 4 31 6 2 7 46 11 32 48 19 
40 42 37 16 10 44 21 9 1 17 26 7 18 47 
25 43 44 22 36 40 12 8 33 37 0 30 13 46 
7 18 24 42 14 5 33 31 32 27 25 48 9 20 
36 19 35 18 25 46 48 12 8 33 7 38 13 39 
21 44 32 45 23 19 42 12 0 34 17 14 22 43 
36 13 5 7 0 35 19 30 49 43 39 45 2 46 
32 17 14 1 47 3 8 4 0 39 24 31 38 42 
22 38 44 46 23 11 19 47 35 21 24 10 26 17 
35 0 5 29 22 15 4 20 43 31 24 23 2 45 
20 38 19 40 24 47 14 28 25 5 36 31 39 35 
26 34 41 39 1 31 38 21 13 14 7 5 2 4 
40 26 8 23 5 39 6 44 12 41 15 16 24 47 
47 5 14 40 13 31 2 32 8 30 37 45 26 18 
4 1 18 48 5 35 3 17 19 14 11 8 28 9 
46 6 12 10 4 43 15 25 21 42 24 17 3 37 
6 4 26 35 24 27 0 15 3 9 16 30 11 23 
35 13 31 11 49 1 3 24 21 26 20 28 44 15 
45 12 0 48 16 9 47 34 46 49 37 10 36 21 
44 8 19 17 16 26 35 37 2 10 1 24 36 13 
49 37 16 8 2 40 13 11 46 30 32 35 19 24 
25 31 17 42 10 11 2 48 27 37 21 22 16 0 
1 12 22 17 44 40 0 30 46 34 39 43 38 16 
39 34 7 47 15 19 43 32 21 35 37 25 1 0 
13 27 7 40 0 38 48 33 26 15 2 30 8 29 
4 1 12 13 18 43 42 7 46 26 44 21 3 37 
8 39 25 12 37 36 45 19 6 10 4 11 1 33 
16 47 43 17 48 46 7 8 25 31 39 2 19 32 
22 32 24 46 3 33 15 37 0 28 9 36 11 31 
27 31 40 49 12 11 35 8 0 43 22 13 6 37 
47 36 11 30 35 17 37 9 46 27 16 10 41 29 
48 40 4 24 30 33 22 47 17 10 20 44 13 18 
35 0 21 27 11 22 25 14 12 19 20 38 37 5 
22 35 32 20 9 24 13 41 49 3 27 26 17 10 
30 11 40 35 16 32 20 17 49 24 38 44 31 33 
43 35 41 4 1 12 6 29 45 42 14 33 19 8 
18 35 9 48 17 38 22 26 15 14 40 34 24 28 
48 8 37 29 36 20 9 27 42 45 0 28 7 10 
29 35 8 15 10 39 44 3 21 27 18 23 2 47 
34 24 39 38 22 28 36 35 30 19 40 31 33 17 
1 18 20 33 16 22 43 19 11 30 6 45 46 8 
22 21 37 17 30 48 42 24 47 8 10 13 33 18 
36 38 16 42 49 8 47 12 1 17 15 48 35 10 
47 40 18 16 33 30 21 44 27 1 7 49 35 3 
48 26 47 3 41 24 15 10 32 23 44 18 34 7 
27 39 33 10 30 40 18 29 22 32 23 25 48 20 
20 25 45 48 36 19 13 49 11 38 1 5 12 3 
40 6 46 1 24 45 12 19 18 49 38 48 14 25 
11 32 10 47 22 38 8 6 17 13 42 31 41 39 
26 12 39 3 8 0 46 30 37 38 48 35 28 18 
41 45 27 29 10 34 21 18 38 4 31 46 14 37 
40 12 22 27 33 36 34 18 17 9 21 3 46 48 
31 0 44 25 42 4 11 38 19 14 43 35 47 41 
36 3 18 10 9 19 41 35 31 2 27 12 29 26 
18 30 15 43 5 45 21 6 1 27 42 12 11 41 
7 49 20 23 32 39 44 33 13 34 17 18 41 12 
8 42 5 40 35 44 20 18 1 24 28 23 6 21 
25 38 19 9 13 43 27 32 41 14 6 46 39 3 
27 12 24 1 35 37 40 43 0 10 14 15 22 26 
10 25 46 40 35 36 47 12 43 34 5 42 0 6 
5 14 15 38 39 21 25 29 20 34 0 1 43 26 
25 3 23 2 21 4 1 13 8 44 0 36 20 48 
20 18 31 44 40 26 35 29 14 32 8 22 3 0 
40 2 20 16 14 21 27 43 4 7 15 42 12 8 
32 1 30 19 11 21 35 28 15 4 24 25 16 9 
16 10 2 33 14 7 27 34 49 4 18 29 36 32 
27 5 45 22 23 3 49 28 26 18 8 11 0 7 
23 41 34 20 48 0 39 40 19 43 22 45 13 15 
21 28 14 26 19 48 49 30 17 36 13 3 5 44 
3 45 14 28 22 35 20 11 19 9 42 34 12 6 
18 24 10 39 34 1 30 43 44 13 32 38 19 40 
45 38 44 21 40 35 36 48 29 10 12 28 25 31 
17 3 32 9 41 11 34 36 42 23 6 30 35 39 
3 46 11 38 13 32 2 40 20 28 1 21 7 19 
28 43 9 29 13 38 42 16 33 41 44 23 26 47 
42 8 9 45 11 40 12 10 36 43 30 1 5 23 
8 48 38 44 27 21 41 11 45 46 29 37 34 28 
6 20 1 41 14 35 10 27 4 25 19 42 46 2 
19 31 39 32 35 8 23 10 22 17 46 30 47 26 
32 29 21 26 1 17 20 36 33 12 9 6 7 45 
19 9 5 11 16 20 10 29 13 42 3 0 48 27 
22 37 39 25 13 41 8 14 27 3 11 7 2 34 
29 18 19 35 11 20 31 3 4 21 47 2 30 26 
20 9 31 16 40 5 1 15 38 25 34 45 8 49 
35 13 23 9 20 6 10 11 1 0 29 38 30 48 
34 31 21 36 42 18 44 37 4 16 23 49 10 24 
5 31 1 47 39 40 4 20 45 6 0 17 29 3 
15 23 21 34 20 41 33 4 35 27 7 29 37 13 
4 9 8 10 16 37 28 30 22 23 0 14 3 38 
37 29 13 28 45 35 30 11 10 39 25 24 46 48 
36 38 1 12 49 43 3 40 6 29 34 10 30 14 
6 19 17 18 27 4 12 30 42 8 37 32 36 20 
35 21 24 46 8 34 37 23 30 49 44 41 0 25 
46 28 33 49 39 36 27 48 4 19 8 45 14 35 
42 36 43 19 35 8 49 14 17 6 3 27 5 20 
41 3 24 30 16 11 15 21 5 36 2 8 18 48 
7 43 28 42 48 31 27 24 18 11 10 13 20 9 
45 13 33 19 48 3 11 0 38 43 7 20 21 4 
24 11 18 43 10 46 16 0 19 36 33 14 1 47 
11 9 7 27 14 20 24 32 31 49 35 18 23 41 
7 22 5 34 23 27 2 10 31 9 43 40 12 33 
41 31 35 1 18 24 33 10 8 32 3 17 42 20 
34 41 2 29 20 19 44 39 36 0 1 33 37 22 
47 14 18 5 44 19 23 15 31 30 3 24 17 7 
33 34 23 13 0 39 15 35 12 1 22 32 47 30 
11 40 46 30 5 35 10 27 6 17 16 0 7 15 
34 1 15 5 23 4 39 19 11 8 44 3 17 20 
0 19 39 11 21 37 33 18 32 6 14 29 20 23 
46 38 18 11 24 16 40 32 43 21 25 33 19 28 
36 7 28 22 40 44 42 41 3 39 15 25 9 18 
29 21 26 25 8 46 14 3 35 44 1 38 19 17 
45 20 9 44 27 6 22 21 23 17 43 39 3 49 
46 8 12 45 22 20 27 5 39 7 3 24 17 49 
18 46 34 39 13 21 9 12 43 32 8 22 35 33 
33 23 14 5 15 25 36 16 22 37 10 1 11 30 
46 18 16 15 21 47 48 37 20 31 13 30 22 10 
8 45 0 46 49 47 30 48 24 7 9 28 18 27 
0 8 18 32 1 41 5 29 35 9 10 22 33 25 
4 25 23 38 35 6 26 19 3 12 43 44 22 39 
49 28 29 14 35 41 45 0 15 43 39 4 24 40 
11 35 27 38 17 23 29 40 13 15 8 12 47 24 
32 39 3 38 15 0 14 21 7 12 44 36 27 22 
9 46 19 32 5 34 38 1 23 16 35 8 13 24 
41 17 43 36 13 8 18 15 46 14 0 16 31 2 
7 3 25 0 34 8 48 33 42 41 23 40 11 16 
4 17 43 39 32 0 20 14 12 5 23 21 46 13 
33 9 37 18 36 42 49 26 22 0 23 17 19 4 
27 12 14 45 5 38 13 6 16 37 47 25 23 22 
24 11 41 25 20 42 2 8 48 47 22 10 37 35 
7 41 48 35 28 3 5 30 36 43 40 38 21 10 
30 27 22 38 16 10 17 23 7 11 29 14 25 20 
26 7 47 44 36 49 9 30 39 13 11 40 34 21 
13 31 48 10 43 19 38 25 9 21 6 33 11 12 
41 9 16 44 7 21 17 18 37 3 15 27 4 26 
38 7 31 19 28 20 33 32 36 23 22 8 4 0 
23 40 46 1 34 44 35 33 15 7 22 41 39 3 
12 3 42 11 8 29 21 26 47 6 40 20 5 30 
47 6 4 5 3 41 7 28 30 15 34 42 1 33 
9 43 49 33 11 0 41 36 6 16 13 38 27 31 
11 17 0 23 20 35 31 5 15 49 6 37 16 32 
21 45 35 7 37 43 38 49 23 20 46 8 16 5 
26 14 18 33 15 40 1 12 27 41 16 0 6 43 
28 37 13 36 31 48 38 9 44 3 22 42 0 11 
35 13 2 19 40 23 9 16 43 42 21 46 37 10 
48 38 42 17 39 23 43 45 33 44 0 35 20 13 
49 20 34 2 7 5 9 27 21 12 36 23 42 25 
41 15 4 12 43 31 11 21 36 42 20 33 37 28 
46 14 28 33 9 4 10 8 41 48 39 31 22 21 
37 42 20 11 35 32 27 26 41 7 15 4 17 48 
27 42 9 30 26 15 17 0 46 28 1 33 10 38 
36 10 21 43 9 17 48 32 42 44 14 25 12 39 
26 7 3 17 15 29 12 43 34 24 16 9 14 47 
44 12 27 35 4 40 32 37 38 23 48 6 31 33 
39 15 22 6 17 41 2 31 46 16 40 23 35 45 
24 37 46 0 4 29 42 25 23 45 5 8 14 13 
38 10 46 0 8 35 39 45 30 33 6 5 16 7 
17 12 48 16 2 37 0 4 10 31 9 38 24 36 
11 9 44 0 42 13 40 29 24 30 8 45 5 15 
15 3 46 31 12 35 43 16 17 21 8 23 33 26 
0 20 4 29 22 12 21 1 31 25 13 30 49 33 
30 37 17 36 25 13 0 26 1 3 11 16 47 42 
8 44 42 20 10 46 25 9 11 38 24 12 16 23 
36 34 9 46 23 18 49 4 30 10 44 26 45 47 
5 35 3 37 32 19 25 43 40 6 20 46 36 45 
28 12 24 14 3 48 32 23 22 49 41 17 6 2 
47 16 27 40 29 24 2 17 9 13 38 22 12 21 
39 38 32 22 5 49 31 46 30 16 1 41 27 48 
0 27 32 15 34 8 47 20 6 42 40 14 16 18 
23 45 39 40 16 15 7 22 33 8 5 41 30 0 
41 3 9 8 5 49 46 27 31 0 10 25 45 38 
19 37 43 31 9 12 42 46 45 4 28 26 0 14 
26 4 23 13 32 31 11 9 10 22 14 3 45 40 
18 4 47 30 8 34 28 29 10 5 39 33 37 23 
8 31 3 13 30 4 24 7 10 26 34 43 39 23 
16 2 21 15 28 12 42 32 33 25 6 27 44 30 
8 26 2 34 30 4 5 14 44 11 45 20 9 19 
19 34 26 3 1 38 8 18 32 45 23 33 24 44 
26 0 28 21 17 42 43 44 11 37 31 35 29 12 
47 38 21 33 16 2 41 48 0 43 24 49 22 15 
3 40 11 37 33 19 28 15 34 27 46 32 45 0 
11 35 25 18 36 37 33 6 1 40 13 42 45 38 
15 49 36 47 22 7 11 2 13 27 38 4 23 26 
18 6 46 40 20 13 3 41 12 44 42 15 34 2 
37 31 29 17 26 44 45 42 43 24 36 39 10 3 
8 21 14 41 46 47 39 9 6 15 37 2 24 38 
8 26 33 9 0 44 3 42 4 7 30 21 45 19 
3 5 19 15 8 46 34 24 26 33 21 6 37 44 
46 15 26 7 19 30 4 25 10 22 5 42 13 0 
36 12 31 8 24 46 44 21 9 41 30 45 20 19 
33 48 42 28 11 49 23 10 4 24 5 0 35 38 
27 44 33 26 39 20 36 18 13 22 45 16 28 46 
6 48 26 17 40 49 30 8 7 41 43 45 4 3 
43 10 37 5 39 29 49 30 46 20 17 22 24 0 
16 48 0 2 23 12 32 40 11 19 34 7 39 26 
23 36 28 1 33 37 16 21 10 39 0 20 7 48 
35 41 44 1 38 37 33 15 8 34 36 30 46 45 
22 34 38 18 32 37 44 5 27 47 16 35 12 11 
23 20 6 19 16 3 13 46 18 29 15 14 36 25 
8 25 4 14 20 11 33 6 3 7 34 10 45 38 
19 25 34 17 1 24 3 18 12 8 11 43 31 38 
30 12 10 2 39 23 13 31 28 0 17 18 36 22 
22 19 43 12 47 1 16 45 35 23 27 6 17 29 
38 21 17 45 32 7 49 8 0 47 2 16 26 3 
40 23 5 13 21 37 17 8 29 49 14 41 22 4 
30 38 20 7 44 26 39 13 5 4 37 41 43 6 
27 12 47 0 26 14 36 18 16 38 45 43 49 35 
40 9 10 27 39 28 6 43 4 0 1 42 46 20 
34 27 6 33 43 28 7 1 4 44 37 22 45 13 
1 7 4 8 40 36 26 18 16 29 27 44 14 49 
31 27 24 45 17 8 3 43 40 13 48 1 22 15 
39 13 23 9 0 35 28 7 26 30 29 8 38 27 
30 34 6 37 17 38 7 16 15 28 47 31 39 27 
36 40 28 41 46 21 23 4 32 13 11 29 20 12 
15 26 48 21 35 16 22 46 6 27 1 42 4 44 
19 4 46 48 17 26 41 27 3 31 45 23 43 30 
21 48 34 31 4 18 8 2 17 5 25 9 35 28 
13 23 21 37 19 41 49 27 5 29 43 20 8 22 
18 10 26 34 23 2 36 32 49 43 46 47 42 15 
7 31 0 18 35 43 26 48 6 33 15 40 32 16 
43 21 11 45 23 27 46 1 31 39 29 32 4 16 
36 9 5 28 1 4 19 6 33 38 43 37 42 32 
13 36 33 10 0 45 19 20 32 39 30 22 26 1 
36 20 31 32 3 27 2 43 35 5 7 25 14 44 
15 29 18 14 49 28 37 48 16 13 17 26 1 21 
39 5 19 23 2 41 16 45 13 49 33 15 44 38 
36 7 2 24 8 27 11 30 9 23 21 5 14 49 
2 33 17 29 32 26 37 15 11 35 8 1 20 48 
46 6 23 1 38 13 24 30 47 39 26 49 48 44 
43 34 16 49 31 21 26 1 14 8 18 6 2 40 
26 12 32 8 30 31 15 17 10 33 14 9 6 20 
6 7 15 13 4 48 42 19 5 28 35 26 8 43 
22 47 20 0 10 9 2 16 41 15 36 34 49 38 
43 30 12 8 42 5 46 9 34 39 37 23 26 7 
18 21 49 2 30 4 34 40 32 31 14 37 6 8 
29 34 27 39 18 12 30 13 28 21 1 48 15 43 
25 12 33 40 6 47 14 13 2 1 22 32 30 21 
35 9 29 22 13 40 44 12 18 15 34 47 28 45 
17 43 38 9 44 31 19 1 37 7 40 23 3 25 
46 43 30 24 36 34 2 29 5 40 3 12 10 31 
38 27 13 32 10 16 23 33 37 21 6 22 20 29 
1 15 14 41 13 11 28 21 18 9 20 39 4 27 
42 5 6 33 30 36 47 31 40 13 3 7 20 44 
0 12 10 3 19 21 14 24 6 2 22 43 9 46 
38 36 6 42 33 14 29 28 0 31 3 9 20 25 
24 47 15 22 10 0 1 46 33 26 3 35 27 38 
16 14 31 11 35 37 38 25 44 10 22 48 13 42 
8 3 45 14 13 39 30 2 35 11 47 0 24 6 
7 27 19 18 9 12 15 41 21 11 38 24 26 17 
8 1 20 27 6 45 24 18 25 47 12 33 26 31 
41 32 6 49 48 46 36 13 34 14 24 2 12 31 
38 32 18 13 2 42 5 34 11 30 29 6 41 1 
44 41 24 3 34 4 21 8 26 47 20 11 48 22 
18 39 26 45 16 19 5 17 22 38 25 44 11 4 
24 42 39 47 34 13 12 48 19 0 41 9 44 5 
7 44 15 38 39 48 19 24 42 40 1 23 18 25 
38 9 19 35 30 28 39 45 31 10 14 27 7 20 
21 39 24 14 46 26 13 6 47 15 45 4 0 37 
28 22 38 18 36 35 47 2 39 3 44 43 49 27 
10 9 45 33 38 27 22 34 21 44 30 19 16 15 
22 32 48 44 41 35 12 47 5 3 7 46 29 15 
30 11 33 34 48 20 19 32 46 4 5 6 1 47 
30 24 26 29 15 31 40 22 45 33 23 10 13 35 
6 38 43 9 45 35 4 32 16 41 11 22 3 8 
27 26 2 22 39 5 29 36 31 41 32 15 9 40 
9 12 33 43 10 0 30 13 35 25 2 17 4 21 
41 10 39 19 25 42 6 16 21 38 30 12 17 37 
4 33 18 8 25 7 9 15 46 13 35 14 32 31 
25 30 22 8 44 1 9 42 5 32 46 15 48 19 
24 21 45 34 31 15 29 30 36 47 2 10 23 42 
0 16 48 41 26 44 35 45 39 19 25 17 10 23 
0 36 40 16 19 37 3 44 23 33 10 13 31 12 
11 47 49 38 1 8 28 32 21 14 20 37 13 40 
48 5 28 7 6 29 8 32 22 35 25 27 2 42 
28 12 36 0 13 32 34 38 49 21 30 1 45 8 
11 36 2 48 31 42 29 7 14 35 46 9 24 49 
4 7 49 16 48 34 5 13 3 26 46 33 18 6 
21 34 49 2 31 33 36 7 39 37 42 40 48 11 
5 18 36 28 19 27 32 25 34 33 9 40 21 26 
1 27 29 35 41 38 15 37 2 10 25 9 11 7 
31 12 42 16 17 14 6 21 28 15 49 32 34 9 
7 26 0 49 30 22 29 42 48 23 32 27 4 11 
41 22 48 32 40 21 5 46 33 15 6 43 11 35 
36 30 21 5 26 2 17 7 3 48 40 6 12 28 
26 23 43 17 4 34 19 32 47 42 31 12 44 28 
24 12 46 2 5 45 26 14 38 28 32 37 20 4 
23 26 10 37 30 44 18 34 4 49 35 29 27 47 
31 27 17 44 37 16 25 22 30 12 11 10 36 8 
10 24 16 4 17 18 12 1 34 49 14 29 37 21 
8 32 4 10 49 6 14 42 20 41 43 5 39 22 
1 12 36 22 17 16 25 13 14 5 7 4 26 8 
49 43 37 35 0 27 4 2 48 34 36 18 47 11 
10 38 16 36 48 21 11 24 43 5 4 1 29 39 
12 4 11 3 0 41 35 8 33 5 9 15 26 38 
14 36 22 44 46 0 5 42 45 27 40 16 4 9 
29 34 4 12 45 18 37 13 39 31 27 17 5 49 
6 13 20 45 49 35 46 24 47 26 8 9 23 17 
23 46 2 26 30 34 28 17 42 20 24 4 40 25 
4 18 20 21 12 0 49 2 13 14 27 45 41 24 
17 49 18 4 11 46 15 8 43 5 6 28 16 20 
48 27 5 36 29 44 43 20 40 19 46 0 11 1 
33 22 23 30 17 12 46 31 2 35 6 15 40 4 
17 40 48 44 8 49 10 30 20 18 2 0 42 29 
25 18 2 6 35 39 37 19 9 32 27 12 33 36 
14 29 28 19 18 6 39 44 38 22 4 0 24 25 
23 21 32 36 14 27 9 6 43 30 25 2 49 41 
7 38 45 21 4 9 43 19 16 48 0 15 1 6 
35 14 24 33 36 27 29 39 7 44 6 16 40 42 
44 33 16 43 46 27 42 25 4 45 32 38 49 48 
44 49 7 47 40 17 1 14 41 6 0 11 29 43 
14 35 31 3 25 36 18 16 29 46 2 20 44 43 
29 39 26 35 24 30 48 3 0 36 18 5 40 17 
32 30 36 7 33 14 4 21 12 35 11 45 16 37 
18 35 20 47 2 37 26 39 30 42 14 49 3 29 
30 24 15 23 42 46 45 9 48 28 38 8 39 14 
33 20 38 21 32 44 15 43 17 35 27 40 5 4 
15 35 0 21 40 42 39 29 20 17 27 43 47 11 
14 44 7 30 2 23 43 26 18 42 31 16 10 12 
26 35 31 27 6 37 44 29 7 19 38 42 4 23 
35 10 48 14 7 24 1 30 45 26 44 6 34 29 
3 42 12 32 19 31 40 17 28 18 15 6 0 1 
43 38 41 36 25 5 6 1 28 18 31 16 48 26 
18 43 12 10 8 34 4 15 46 7 19 2 28 1 
13 34 20 41 3 28 1 44 39 45 0 12 17 21 
16 27 49 44 21 45 22 36 46 32 25 31 3 41 
8 25 1 30 40 43 39 31 38 27 34 5 3 0 
45 46 16 32 31 28 6 41 29 22 21 2 18 20 
48 22 12 45 10 41 13 49 38 1 21 19 3 23 
42 40 13 14 6 8 44 0 34 12 4 24 26 46 
15 7 23 4 33 29 34 37 13 10 1 42 26 19 
28 39 5 24 47 9 38 40 29 37 45 31 43 3 
10 40 35 48 49 17 44 3 22 37 32 28 45 19 
4 26 46 14 16 8 37 32 23 22 24 18 27 19 
35 1 17 36 40 45 47 14 42 7 19 32 49 9 
22 1 38 8 31 9 4 10 46 36 16 30 49 33 
27 10 43 2 26 28 15 48 30 33 29 39 9 17 
3 46 4 12 25 45 29 34 15 14 37 8 22 28 
27 11 45 43 10 6 33 17 16 2 21 24 14 31 
10 18 49 29 17 40 9 11 41 44 13 31 38 43 
42 26 34 37 7 16 23 6 35 2 4 30 36 29 
18 45 1 20 11 0 36 34 19 39 8 7 37 33 
47 28 41 39 38 45 29 18 2 19 1 0 26 32 
12 26 29 19 1 27 24 38 32 13 10 30 33 5 
30 18 31 12 10 20 43 3 23 27 26 14 5 47 
14 18 34 26 29 20 16 37 39 23 24 25 7 27 
48 47 46 4 21 1 10 45 39 36 11 31 25 38 
2 12 33 47 15 48 28 11 21 10 29 30 23 4 
11 5 7 18 8 36 40 21 26 48 0 28 30 27 
0 37 30 3 12 35 26 43 27 13 17 20 33 21 
2 46 44 22 27 13 12 1 19 24 10 9 11 42 
25 22 10 39 16 24 1 17 15 38 48 19 43 37 
26 10 32 11 1 33 13 5 37 18 17 36 38 23 
44 5 38 33 42 41 3 48 22 1 4 31 29 14 
21 32 23 47 29 37 38 28 45 48 31 4 19 34 
17 14 29 42 45 47 9 26 28 21 16 19 1 32 
4 30 5 29 25 6 2 20 19 44 14 27 31 13 
12 8 33 19 41 17 38 34 1 29 13 2 23 22 
15 32 33 24 48 43 37 26 16 17 46 30 10 5 
24 44 13 34 6 9 38 20 43 39 17 23 4 48 
18 25 42 17 16 9 30 0 10 24 6 37 19 11 
31 46 2 4 41 42 10 15 23 34 29 47 38 19 
47 8 13 31 28 44 22 38 12 30 42 2 26 4 
28 41 27 25 37 47 30 0 33 7 22 46 45 12 
4 43 12 16 33 42 26 8 37 28 44 40 0 14 
8 49 35 10 45 29 5 7 24 13 26 23 16 19 
44 49 15 5 35 2 28 22 7 12 9 4 13 42 
20 13 27 49 40 8 38 28 30 11 36 43 41 2 
29 43 18 32 45 5 40 2 12 24 38 17 33 14 
4 40 24 8 15 7 2 39 32 45 3 43 44 25 
19 8 26 30 13 41 22 16 39 9 42 40 4 1 
7 47 45 24 30 36 2 37 26 0 35 1 43 20 
24 32 43 12 29 0 42 22 44 6 48 33 11 49 
0 5 11 39 13 27 38 42 10 3 7 21 15 24 
49 9 1 3 12 33 40 15 17 27 19 14 28 7 
29 22 2 37 0 14 16 19 46 12 40 38 48 7 
41 10 46 33 16 12 25 21 45 38 4 44 17 28 
34 0 16 22 26 31 27 1 40 42 48 46 4 41 
41 20 11 21 6 47 25 5 40 8 46 4 12 27 
30 16 45 39 11 49 1 10 31 26 34 2 12 25 
14 37 22 49 21 44 24 31 47 43 4 0 36 8 
4 38 13 48 32 14 2 28 3 6 21 23 0 45 
38 12 16 10 40 2 43 32 30 29 42 26 17 47 
1 13 6 37 12 25 32 20 19 4 36 34 10 29 
29 24 33 5 6 19 3 35 32 31 27 18 7 49 
25 48 43 11 27 26 46 35 40 38 6 10 36 29 
8 25 33 47 16 1 26 42 30 7 17 9 36 29 
20 0 46 9 30 21 4 44 39 23 49 32 37 26 
36 18 23 26 30 21 34 22 48 11 5 10 6 14 
43 47 8 42 15 37 11 2 16 40 34 12 27 24 
12 8 2 0 21 9 23 33 31 34 10 11 19 26 
0 20 31 25 9 14 48 2 37 33 12 21 28 43 
11 14 21 20 37 0 13 44 47 49 25 42 5 48 
8 3 45 15 24 16 47 6 17 43 7 36 34 25 
27 20 44 17 18 12 0 33 19 3 38 11 36 35 
32 5 34 2 6 9 0 11 22 19 45 39 14 35 
13 10 21 2 36 30 47 48 1 5 25 3 39 22 
6 8 7 21 49 3 2 22 38 48 11 45 35 36 
35 2 0 9 11 43 38 49 8 14 42 32 31 41 
35 34 45 16 19 2 14 30 22 11 13 49 47 3 
23 41 47 37 21 16 24 0 28 12 4 25 43 6 
16 18 3 14 12 42 47 34 28 26 8 27 10 6 
24 6 46 32 40 19 20 25 15 47 35 21 17 28 
28 31 14 17 37 6 44 49 24 47 41 27 10 0 
10 43 18 15 39 8 21 40 29 34 6 9 30 4 
27 28 12 37 42 40 17 31 26 19 33 43 47 21 
32 29 48 17 13 28 6 11 22 18 24 9 19 14 
46 14 21 0 36 11 13 38 7 31 49 34 19 41 
17 34 36 25 5 26 33 1 18 40 43 4 35 8 
17 21 37 12 16 36 32 30 40 18 41 31 42 47 
34 15 0 26 32 5 11 45 21 2 38 9 4 35 
10 27 19 18 17 31 15 32 3 1 6 36 29 4 
34 40 13 4 18 6 7 41 37 30 27 32 2 48 
44 47 41 49 4 17 5 26 36 38 21 3 37 6 
2 14 4 28 21 36 16 17 33 44 27 11 22 26 
17 8 42 35 12 49 44 14 3 48 5 31 26 27 
39 22 32 34 1 30 28 27 37 35 49 8 44 48 
9 33 29 16 44 2 4 3 10 19 45 34 30 43 
4 39 13 0 12 34 33 16 11 22 5 45 49 43 
43 33 39 8 40 34 6 23 3 20 15 1 48 22 
1 40 25 18 24 16 14 46 11 2 6 32 31 27 
8 25 43 16 7 49 45 12 10 28 35 46 23 20 
46 15 47 22 42 44 3 2 4 13 17 10 9 27 
24 39 32 18 20 23 38 44 37 21 27 4 16 9 
30 15 24 17 16 39 10 34 6 4 36 46 42 27 
6 18 9 43 0 16 26 49 20 13 45 37 36 28 
31 47 21 32 5 19 34 42 0 9 6 1 11 33 
47 37 13 40 30 20 12 26 4 27 7 24 42 17 
47 11 31 18 45 28 16 2 37 22 29 26 44 15 
33 40 7 9 34 4 6 2 21 3 46 41 10 8 
4 37 23 41 14 19 28 33 40 25 45 44 39 35 
36 38 17 3 22 6 41 29 42 9 4 7 47 12 
9 30 3 26 10 27 29 1 33 25 48 45 21 38 
21 29 8 18 5 12 46 11 23 27 40 14 2 47 
40 9 47 30 18 46 15 24 5 21 7 2 41 36 
29 7 9 16 14 43 42 18 5 15 31 12 6 28 
27 30 40 12 17 44 37 22 23 2 25 47 15 20 
15 8 37 4 42 25 18 32 14 23 44 26 29 47 
44 5 7 40 30 35 43 23 36 18 24 22 11 0 
47 1 15 37 23 4 34 27 33 29 38 2 8 11 
39 38 2 40 22 46 48 6 29 5 32 8 9 0 
26 40 23 37 30 24 18 46 19 21 6 29 49 2 
23 11 39 20 21 6 7 45 46 2 16 48 8 17 
6 1 46 16 45 25 14 27 32 8 20 23 35 0 
33 25 30 38 20 45 34 0 16 14 22 44 23 27 
33 35 7 13 26 36 1 21 17 8 23 22 45 6 
7 37 5 14 4 18 22 33 44 36 20 32 40 35 
0 47 28 22 24 46 27 32 37 41 31 19 11 34 
8 13 12 22 5 37 42 33 46 19 44 25 41 18 
1 11 49 46 33 30 5 39 10 34 42 31 48 25 
34 45 29 33 32 37 11 13 47 6 16 14 17 24 
25 32 19 46 29 44 40 27 14 17 20 41 31 7 
33 39 14 36 35 6 31 5 17 9 26 43 7 11 
10 16 40 23 30 42 4 3 43 36 32 49 37 6 
10 25 40 15 6 42 26 24 39 33 4 49 27 44 
45 44 8 40 29 46 43 5 13 22 16 7 41 28 
33 13 5 19 45 26 36 27 4 2 1 39 48 10 
24 39 25 10 29 0 6 45 48 17 28 9 43 4 
6 44 10 31 9 22 36 43 5 39 14 38 25 15 
23 9 18 34 44 11 38 29 6 3 8 39 30 22 
2 6 48 16 47 20 37 18 45 3 14 44 26 38 
1 45 13 32 26 36 0 27 39 41 20 19 33 31 
46 25 41 35 22 47 18 3 28 49 12 23 42 40 
26 23 2 46 43 15 32 28 13 18 16 35 4 14 
25 15 35 32 38 41 1 42 5 46 49 13 9 48 
14 19 26 29 12 43 47 27 32 0 15 24 8 5 
22 42 1 13 31 41 0 11 40 49 35 10 23 45 
5 35 33 13 49 38 28 24 18 37 0 26 20 4 
17 31 10 23 14 46 12 30 2 18 6 38 45 36 
10 41 49 12 31 37 26 32 34 7 11 38 14 46 
39 6 26 47 35 22 37 48 18 11 34 20 42 36 
28 18 41 29 36 21 27 22 47 17 13 8 11 39 
41 31 42 37 0 43 7 28 29 38 17 26 1 32 
25 39 37 10 19 9 38 13 49 31 24 41 23 32 
39 36 35 0 48 46 33 47 23 5 32 19 28 7 
0 31 30 33 11 29 46 38 16 40 27 49 48 28 
27 8 30 5 4 26 33 13 10 11 3 25 41 49 
41 7 35 14 30 4 25 32 17 19 27 42 20 29 
33 0 16 8 47 25 29 40 2 21 23 17 31 45 
30 37 47 31 4 49 0 15 6 11 24 2 14 21 
8 22 19 33 12 42 25 5 44 41 30 32 24 31 
13 30 26 20 3 10 49 22 1 23 5 29 39 38 
11 20 27 8 23 39 37 4 21 34 1 47 15 13 
49 18 25 26 42 44 20 29 40 31 24 5 35 46 
29 39 9 21 44 40 48 0 47 5 41 31 20 28 
46 10 28 16 49 45 22 11 21 20 34 44 39 0 
1 3 45 44 38 6 13 49 39 22 10 37 9 11 
1 14 21 29 6 32 24 3 10 12 18 13 2 20 
42 17 20 32 33 5 26 4 31 23 7 0 47 24 
23 30 25 16 48 49 24 19 32 33 6 12 10 4 
31 45 8 3 13 47 35 17 48 19 37 28 42 30 
31 12 26 0 14 33 39 17 23 44 37 43 38 18 
26 23 38 29 2 22 15 44 47 1 18 9 6 48 
28 44 37 30 40 24 21 20 17 19 1 11 45 22 
3 14 4 23 16 11 12 10 46 22 15 48 7 19 
12 40 44 0 30 33 49 24 8 38 19 6 11 23 
11 9 17 32 33 24 26 38 34 5 8 18 48 3 
22 1 16 24 8 25 20 3 19 23 14 18 32 15 
4 3 25 44 36 22 8 28 5 21 11 26 18 43 
30 20 6 22 48 41 1 16 8 34 29 5 4 45 
0 5 44 19 6 35 14 30 8 37 4 27 38 7 
13 17 38 46 9 19 22 3 18 11 48 1 41 44 
39 37 22 23 30 45 2 8 26 34 1 6 44 7 
15 18 6 44 20 34 16 38 14 46 43 10 27 29 
42 11 7 17 2 38 32 45 37 13 35 36 16 28 
33 29 4 5 46 24 49 34 11 8 32 31 3 36 
40 27 20 21 8 46 3 33 37 31 6 45 29 2 
16 19 17 35 9 47 48 43 49 46 24 4 41 12 
32 16 49 10 4 35 19 22 21 8 14 42 39 47 
15 39 18 28 42 38 3 44 41 27 13 26 11 4 
5 43 13 41 25 49 40 32 8 31 26 6 37 24 
44 33 14 39 8 47 16 35 6 4 7 21 46 3 
20 9 37 11 4 39 8 13 15 46 34 38 41 10 
7 43 16 25 49 9 45 8 14 27 18 36 21 17 
15 30 8 12 47 34 35 20 43 25 16 14 9 38 
47 18 12 45 5 15 13 4 0 3 39 32 24 38 
49 0 26 11 24 38 5 13 18 12 1 15 29 40 
23 10 46 5 39 42 1 44 11 22 33 41 24 36 
24 21 45 47 5 31 12 7 34 19 49 27 25 26 
9 11 10 47 22 13 40 4 15 12 14 34 41 21 
8 14 22 7 43 23 17 29 25 32 9 21 48 39 
12 37 33 31 10 13 40 5 38 22 0 1 47 28 
18 10 26 20 12 30 4 21 36 6 19 37 34 11 
33 25 24 16 23 30 20 37 32 22 4 42 46 15 
7 39 21 25 34 32 37 5 10 31 23 12 30 20 
42 31 24 48 9 22 40 26 7 10 5 4 16 12 
40 7 11 37 30 43 48 39 38 42 21 28 4 3 
3 39 12 22 17 43 9 38 21 7 41 11 45 28 
0 24 34 18 43 31 27 39 28 10 6 42 15 16 
4 15 47 20 44 45 39 21 19 11 37 28 9 24 
1 3 16 13 18 15 43 20 2 44 39 26 11 5 
2 4 31 10 30 37 39 24 38 19 34 32 8 0 
32 20 33 35 3 5 48 29 15 4 34 8 40 18 
37 14 44 41 49 39 48 12 11 46 45 21 22 7 
34 4 10 32 45 23 30 0 35 36 7 38 5 48 
18 4 33 11 36 27 30 48 8 37 39 17 20 14 
1 27 19 28 18 37 21 4 2 32 3 34 49 17 
7 27 2 48 38 25 8 10 37 32 11 14 46 43 
14 28 5 1 11 36 47 21 24 34 27 6 16 23 
45 40 15 2 0 43 12 19 3 10 4 26 16 14 
46 1 22 38 14 32 8 0 31 7 49 41 18 2 
44 14 20 28 30 29 33 42 43 24 7 18 1 45 
11 27 0 6 3 45 48 42 1 44 5 9 36 21 
23 14 9 31 30 10 37 24 21 13 1 34 38 8 
19 36 31 24 42 13 6 12 20 37 26 39 16 32 
23 6 16 25 15 37 20 36 1 38 47 9 21 32 
20 44 11 7 33 40 10 21 49 32 38 39 26 16 
23 44 47 10 5 7 34 33 45 17 32 8 41 20 
15 7 17 27 26 35 0 33 8 34 1 23 10 41 
30 37 22 41 32 15 35 7 42 43 34 48 14 27 
42 11 24 46 13 34 3 8 21 41 39 23 18 49 
35 14 39 32 1 42 46 24 18 2 6 40 11 12 
40 22 1 42 39 20 37 29 31 25 17 14 23 16 
10 33 19 22 7 2 49 35 3 46 30 45 9 0 
18 16 27 37 45 1 9 36 40 34 13 32 5 24 
24 34 1 42 32 28 15 39 26 21 35 2 31 47 
49 29 24 48 5 25 12 7 38 13 15 4 46 41 
4 3 27 1 46 16 47 26 15 41 21 14 32 36 
48 5 9 25 10 17 45 15 12 47 32 44 33 20 
36 28 1 47 32 15 27 26 6 23 35 45 33 21 
10 5 38 35 18 44 33 0 37 21 14 45 30 24 
35 20 32 36 17 3 28 42 10 24 11 38 49 12 
17 28 41 5 18 47 37 46 35 22 40 12 2 16 
17 20 12 45 25 7 32 15 30 3 19 47 49 26 
32 22 36 13 2 31 14 35 20 9 37 40 18 45 
30 47 3 40 42 38 48 20 27 0 11 37 16 35 
35 20 36 34 49 11 39 9 24 44 43 32 45 37 
4 11 18 22 41 0 23 21 48 32 27 6 29 36 
45 7 40 48 10 32 8 19 26 17 35 23 25 30 
18 40 45 37 41 30 29 26 35 0 44 20 21 6 
18 27 3 42 9 40 44 8 45 28 4 13 6 7 
1 4 37 14 13 48 11 32 27 5 10 41 12 16 
38 0 45 19 49 14 48 20 9 12 23 11 18 10 
41 34 1 9 40 39 45 46 0 17 22 37 21 24 
6 35 37 30 47 34 49 26 9 40 2 5 3 21 
39 24 31 3 37 30 4 27 11 40 14 18 38 7 
40 9 38 19 15 4 25 3 32 45 12 11 43 44 
45 41 32 44 21 0 36 39 29 23 35 26 22 38 
22 18 29 30 41 38 49 25 40 32 33 27 39 7 
29 16 3 27 47 1 42 46 26 10 28 30 49 25 
29 39 4 16 45 2 3 41 11 23 28 48 19 8 
27 24 30 21 40 3 41 35 34 15 39 29 10 18 
27 21 45 8 42 25 10 32 36 12 9 23 28 46 
11 37 42 20 22 35 15 39 8 23 41 12 27 13 
45 38 49 8 9 10 44 48 35 11 37 7 27 46 
16 41 9 12 29 43 40 28 11 8 31 10 35 0 
9 6 24 33 8 39 45 34 30 26 46 13 29 11 
1 40 36 29 31 20 49 15 39 42 6 4 37 23 
29 1 17 21 24 3 46 22 47 4 36 40 11 5 
19 40 36 4 1 28 37 31 47 10 38 43 21 29 
24 43 2 6 18 28 5 20 13 9 46 45 19 27 
20 43 41 37 30 22 0 13 18 15 31 24 1 35 
4 29 28 24 13 44 6 41 22 17 12 11 16 0 
43 2 13 0 41 28 26 16 4 12 20 17 24 48 
9 30 19 12 5 3 48 29 25 22 16 27 39 38 
43 12 14 16 45 5 23 37 26 46 8 18 27 36 
8 36 44 25 4 18 31 10 32 28 16 1 48 38 
17 26 23 33 25 48 28 39 24 11 8 5 36 20 
42 41 12 2 43 21 14 29 9 40 15 32 30 36 
38 13 18 19 41 9 46 40 28 44 17 3 8 1 
30 25 13 23 49 45 40 34 21 16 39 26 35 42 
17 28 18 16 27 3 4 41 43 6 30 33 39 32 
25 23 28 1 8 4 7 5 34 19 48 6 39 46 
17 33 37 25 29 16 47 30 28 48 41 15 36 46 
21 10 0 47 15 22 20 31 17 11 23 5 3 38 
4 44 32 39 49 38 41 8 29 42 24 9 46 37 
13 21 4 46 0 30 23 33 18 25 38 31 42 49 
37 22 43 1 46 13 49 29 30 44 47 5 41 26 
17 11 23 46 14 16 31 24 48 47 2 43 18 6 
49 7 12 1 40 0 32 21 17 4 34 8 3 42 
16 26 6 3 2 14 39 32 7 13 15 11 8 43 
5 43 15 41 6 8 1 31 18 49 23 46 29 21 
2 47 39 28 32 0 46 42 9 8 17 24 22 21 
5 9 34 37 17 11 25 38 26 6 4 1 23 33 
6 17 32 30 31 33 19 45 28 36 15 23 22 16 
5 11 37 49 43 44 9 2 45 0 12 14 20 16 
23 45 47 38 24 48 7 12 9 40 15 42 32 14 
5 37 24 39 41 11 44 3 20 34 30 8 19 29 
9 8 25 48 35 40 3 18 42 23 14 32 45 21 
35 16 43 12 36 21 17 7 13 46 10 2 31 39 
6 16 14 3 25 29 31 2 24 7 12 15 41 30 
33 7 16 40 6 5 44 13 34 2 0 30 26 19 
38 48 21 19 31 16 47 24 26 45 5 4 17 44 
37 44 2 33 17 9 1 11 5 41 7 34 15 10 
16 10 6 32 11 46 38 19 47 18 15 42 22 27 
4 14 31 27 48 8 43 38 32 5 35 22 46 6 
17 31 37 21 29 49 9 33 7 36 16 6 48 3 
23 3 19 16 21 38 35 33 46 5 4 9 10 34 
45 20 42 26 29 33 31 6 8 38 19 9 28 48 
5 6 44 10 14 43 12 40 47 28 1 19 20 31 
28 44 37 22 31 49 41 6 33 48 38 7 27 16 
5 6 0 43 11 1 27 46 45 36 40 30 32 9 
34 6 48 38 49 37 17 27 29 3 23 7 22 42 
12 38 8 1 26 5 28 34 32 42 37 22 43 6 
19 12 44 17 21 13 48 6 49 42 15 4 10 14 
10 42 35 12 41 5 30 31 19 25 38 34 6 24 
12 8 26 43 24 14 1 29 37 48 23 41 36 32 
