24 30 14 9 39 2 10 26 20 1 25 27 0 38 
10 16 35 30 8 27 31 0 38 28 11 7 5 9 
26 29 37 9 18 19 11 4 16 32 0 24 15 17 
35 13 14 3 11 12 16 24 32 26 28 0 34 25 
30 9 3 5 33 23 34 20 19 37 15 32 2 0 
24 15 13 5 34 28 37 16 23 0 39 4 8 32 
29 9 6 16 28 0 18 24 8 36 7 17 5 35 
30 28 9 0 3 5 10 37 22 17 15 7 26 34 
24 9 6 4 30 33 35 5 0 22 18 11 21 13 
18 17 26 1 9 3 0 33 8 36 39 37 21 6 
24 6 4 36 23 27 32 21 1 8 28 14 19 0 
0 16 30 6 31 1 26 5 4 20 12 34 2 32 
22 35 38 34 32 21 18 19 25 3 37 0 27 33 
8 28 34 31 6 12 0 21 15 10 29 37 38 23 
1 15 31 12 38 32 3 34 0 8 24 29 14 6 
15 35 0 27 23 10 30 17 19 29 3 20 18 36 
32 24 38 18 39 31 13 0 8 36 33 16 27 19 
6 26 22 5 2 25 20 9 21 7 29 3 17 0 
7 20 29 28 27 0 2 32 9 4 11 3 33 1 
3 8 39 0 26 6 21 28 9 4 14 38 25 13 
8 9 34 37 27 11 17 1 0 7 18 10 38 24 
31 0 8 5 2 35 27 24 34 21 12 26 15 16 
10 30 11 36 0 23 6 35 12 28 34 18 21 1 
32 38 0 13 3 6 26 37 20 35 22 12 9 24 
9 22 21 38 16 17 0 26 36 20 4 18 2 19 
15 37 28 39 7 0 17 1 38 8 2 29 19 10 
9 20 11 1 0 16 5 37 28 27 38 22 30 23 
23 36 17 2 32 6 20 21 26 7 16 0 19 15 
35 36 16 20 29 0 28 17 30 24 10 15 31 39 
38 1 15 24 6 11 0 12 29 33 26 8 34 32 
32 0 2 19 1 34 30 29 20 27 31 5 8 18 
4 1 0 29 14 24 37 9 35 6 21 3 30 19 
13 17 1 9 15 2 28 26 31 33 16 30 0 36 
22 0 10 34 19 30 21 28 31 35 29 36 26 16 
33 12 34 38 6 0 15 27 30 13 7 19 5 21 
34 36 37 0 5 2 30 24 15 17 19 3 9 38 
1 17 8 11 13 27 32 25 29 0 6 21 12 31 
0 12 18 8 34 30 21 26 17 7 29 31 35 36 
29 8 0 17 13 26 25 21 12 36 11 3 18 5 
22 10 28 32 33 1 19 18 14 0 36 38 16 37 
30 35 9 7 15 37 29 5 28 33 0 38 25 17 
15 31 38 0 14 20 26 39 2 28 29 30 35 4 
0 39 37 19 16 3 21 13 4 8 30 10 22 9 
29 34 1 0 9 39 7 12 33 26 21 35 30 22 
24 27 32 21 35 36 18 17 9 38 6 0 4 11 
5 37 10 13 1 30 32 27 14 12 22 0 9 33 
24 8 37 0 23 33 38 39 2 25 4 11 30 10 
1 39 17 10 31 5 38 23 29 0 26 3 34 28 
38 25 27 26 30 19 23 37 0 5 35 24 11 14 
7 39 11 0 5 29 30 25 17 37 13 28 36 19 
24 20 39 36 7 23 35 16 0 31 21 1 9 22 
2 17 32 0 1 29 3 33 25 38 36 10 27 37 
21 18 10 38 0 3 36 1 28 24 12 20 26 13 
6 5 13 26 27 30 11 0 33 8 10 36 3 38 
25 21 8 5 12 17 3 35 18 32 1 0 4 22 
27 6 13 32 33 23 12 2 1 24 0 34 15 17 
27 3 25 39 28 24 10 36 17 11 0 2 4 18 
7 28 25 26 38 0 36 21 32 39 22 27 17 18 
0 37 31 30 5 21 39 17 22 27 2 25 8 6 
4 28 8 0 26 20 16 30 37 29 3 12 39 31 
30 12 17 18 0 38 24 13 2 16 28 9 23 19 
17 29 34 6 37 25 10 33 22 8 35 0 30 2 
0 17 9 14 23 34 16 18 2 28 3 6 11 27 
28 6 20 12 26 8 17 27 4 10 7 0 2 39 
19 36 22 0 21 17 15 3 7 25 6 29 5 27 
6 11 0 33 29 8 36 1 15 25 30 19 7 35 
6 20 5 26 38 32 8 39 25 21 35 30 28 0 
16 38 35 0 20 37 8 32 30 31 21 39 14 2 
28 27 20 2 9 17 30 34 7 33 39 0 12 3 
16 27 25 6 0 20 32 18 5 14 36 21 30 34 
18 28 27 25 1 38 10 23 3 17 20 6 0 16 
31 18 33 39 34 36 37 10 28 0 6 8 24 35 
24 36 28 0 15 17 2 27 19 21 8 35 26 1 
23 13 10 20 28 34 22 29 39 2 25 17 27 0 
27 17 28 2 39 19 33 3 11 29 0 16 23 6 
1 10 21 0 24 15 4 29 22 3 28 25 33 39 
10 17 8 37 23 7 0 32 27 16 28 9 33 22 
22 25 9 6 4 37 31 5 12 30 24 0 32 26 
9 10 35 5 27 18 2 0 38 34 28 15 20 29 
34 15 30 8 18 0 17 1 2 5 23 7 4 31 
16 28 19 7 0 36 10 29 22 14 37 21 20 6 
12 1 29 19 0 18 5 2 28 8 23 30 9 13 
10 28 33 1 18 0 38 39 16 9 32 14 13 27 
9 0 22 21 15 8 19 24 16 4 3 5 30 10 
33 26 13 0 25 39 23 38 18 15 28 16 21 9 
13 37 3 14 39 25 38 1 26 0 21 23 33 4 
16 21 2 33 26 20 1 0 27 8 25 7 6 12 
39 27 33 12 38 0 7 4 23 24 1 25 2 36 
19 32 8 10 21 28 14 5 20 25 17 33 6 0 
7 21 39 29 25 27 0 3 9 13 8 28 11 19 
14 35 10 5 20 36 0 26 31 25 9 22 34 4 
15 33 14 20 1 38 0 30 12 13 3 37 32 7 
16 11 2 32 31 0 6 4 13 30 35 5 36 14 
38 11 23 1 18 0 36 20 39 31 15 28 12 14 
0 15 20 16 13 21 23 18 27 24 7 39 25 32 
30 15 0 34 1 37 7 33 35 19 20 5 28 29 
20 29 15 9 7 37 11 24 26 0 3 19 17 12 
2 5 0 39 6 9 32 8 4 37 25 19 29 34 
22 11 24 27 0 18 12 15 21 7 28 4 32 13 
24 16 30 0 7 1 19 39 37 2 8 5 6 33 
29 8 17 21 0 28 14 3 27 26 10 38 30 19 
16 28 4 3 0 37 18 33 6 39 7 29 14 8 
11 38 4 20 16 14 32 25 36 6 0 34 17 12 
18 19 0 39 24 1 31 36 14 38 12 16 37 34 
13 17 14 22 15 0 8 36 11 31 24 12 35 4 
36 6 25 19 27 12 3 20 14 22 31 24 32 0 
2 14 24 29 4 12 31 17 36 16 34 8 30 0 
31 15 35 0 26 33 36 9 7 25 6 2 34 27 
25 21 22 6 2 12 24 9 0 34 39 20 8 32 
35 20 27 14 9 2 29 24 0 32 38 4 13 18 
23 36 29 14 33 0 38 4 8 34 5 17 19 15 
13 12 5 7 3 27 30 15 1 26 19 33 0 34 
22 18 36 4 6 8 32 9 37 21 5 0 11 27 
18 4 35 24 27 37 26 21 31 36 30 0 14 5 
2 14 33 0 19 23 5 26 28 24 18 6 22 30 
0 8 18 26 9 3 35 38 5 39 24 16 28 27 
32 12 28 22 2 18 0 17 4 34 8 10 20 25 
12 30 0 29 1 4 31 36 13 11 7 38 27 14 
37 31 22 12 0 23 20 19 8 7 32 26 33 2 
15 0 12 22 5 6 19 26 21 14 16 32 17 3 
4 2 27 21 33 30 20 32 37 36 0 28 29 17 
18 38 17 11 26 7 33 10 1 0 20 36 8 6 
3 17 33 19 22 1 16 25 5 31 27 14 7 0 
31 7 28 0 39 37 30 2 3 26 14 11 33 23 
30 31 6 11 16 35 19 14 2 28 36 0 4 21 
15 36 22 34 19 29 9 6 25 28 3 0 20 27 
0 27 24 9 35 13 1 29 38 30 6 16 33 4 
33 17 28 19 23 36 34 18 0 25 7 12 29 6 
1 15 12 0 13 23 5 19 10 21 35 29 34 20 
22 21 8 37 27 2 30 12 33 31 6 14 0 35 
21 39 2 6 26 37 28 32 29 12 13 7 17 0 
19 25 2 24 20 32 9 1 0 11 28 5 6 27 
36 27 18 5 16 0 37 35 23 33 38 15 31 21 
28 18 14 3 39 25 4 2 26 31 0 33 30 13 
8 19 22 20 11 3 17 36 21 0 23 39 28 6 
26 34 0 9 25 20 1 7 28 31 4 35 39 14 
8 0 15 39 34 33 24 9 30 35 5 28 7 18 
9 0 11 17 19 5 31 22 24 28 20 10 37 1 
10 1 4 26 22 29 19 7 17 6 20 36 0 2 
36 0 32 8 25 34 9 29 22 28 24 2 20 35 
16 8 18 30 33 14 0 29 26 23 17 13 11 12 
31 13 34 36 6 8 10 22 37 19 4 0 3 5 
29 2 8 0 17 30 31 4 22 25 5 37 3 19 
2 29 35 9 26 23 16 0 31 38 24 8 28 5 
32 23 28 35 5 16 0 18 26 14 8 24 33 13 
32 30 29 18 20 14 35 23 39 21 28 16 17 0 
26 15 34 6 1 24 37 4 3 5 21 0 25 14 
16 37 1 15 24 18 11 0 27 7 13 33 5 20 
17 8 22 15 39 14 27 32 12 23 1 24 0 20 
38 4 34 32 30 19 6 1 39 27 26 0 9 29 
3 5 19 2 1 4 27 12 38 0 37 36 8 9 
4 15 5 34 0 32 36 25 24 13 11 16 37 10 
20 23 11 28 38 19 0 21 39 26 36 17 15 1 
35 0 27 23 28 18 24 12 7 10 13 3 8 14 
2 19 0 31 7 1 4 15 20 3 12 16 23 36 
32 20 5 31 30 4 26 24 0 17 39 36 13 23 
17 0 4 26 31 7 34 18 21 23 10 20 3 25 
20 21 7 33 9 32 27 19 0 13 15 1 16 18 
18 14 38 6 39 9 34 3 8 7 35 0 28 20 
25 11 36 0 34 6 3 14 1 20 2 28 15 16 
29 16 28 15 25 14 34 18 20 6 0 1 27 26 
17 33 29 24 28 3 13 12 18 31 39 6 0 21 
17 19 25 21 14 16 7 11 9 0 3 32 10 12 
36 29 26 6 35 11 7 12 32 20 21 18 14 0 
35 36 6 11 15 0 13 29 5 32 12 19 30 16 
37 35 39 0 22 6 24 8 5 32 3 9 29 12 
18 28 31 23 33 25 0 34 20 39 7 32 14 37 
8 39 3 37 0 5 28 6 33 26 36 2 29 27 
31 29 30 28 18 9 13 5 33 0 27 4 7 37 
13 3 33 29 17 32 26 0 21 35 14 18 22 5 
37 17 2 29 9 0 1 13 3 31 35 12 21 32 
30 29 22 36 8 35 28 32 12 5 16 37 0 7 
21 0 1 38 29 32 5 33 14 27 34 9 26 31 
17 10 26 5 12 31 6 11 15 37 0 28 18 4 
22 33 18 13 12 7 0 4 28 24 35 20 39 6 
29 9 36 24 15 33 4 18 35 20 14 37 6 0 
9 22 0 2 7 5 16 39 36 37 38 26 18 25 
26 39 0 37 33 2 13 21 27 1 11 24 4 18 
28 0 38 14 13 39 1 4 35 22 17 24 37 34 
19 12 25 20 31 37 33 5 3 29 7 0 17 34 
20 0 15 9 14 13 32 11 39 16 31 12 8 34 
29 31 0 8 28 26 16 1 19 38 15 14 22 33 
14 28 1 9 0 24 27 4 13 3 25 35 22 33 
25 1 2 4 10 34 23 19 29 35 11 0 6 3 
23 31 7 14 4 11 0 6 20 37 2 25 39 33 
37 0 38 32 21 12 4 36 24 15 27 25 22 26 
0 22 35 24 8 25 31 6 34 18 39 30 37 1 
20 12 11 22 30 0 37 33 32 34 38 13 36 5 
11 7 0 5 17 18 3 32 26 10 12 33 4 30 
30 1 13 35 38 37 31 5 28 0 2 16 24 17 
25 12 17 20 18 0 36 5 4 13 2 24 39 34 
0 30 6 4 19 14 16 38 7 1 35 17 36 12 
38 15 10 16 34 0 23 18 11 21 39 7 3 32 
21 23 5 32 37 7 0 15 25 19 8 3 30 1 
8 35 33 37 0 16 9 14 7 21 3 5 39 20 
35 16 4 14 20 1 2 11 3 39 25 0 9 23 
32 7 29 12 2 31 28 9 10 27 0 17 22 15 
27 13 0 29 26 37 10 20 4 23 5 38 1 33 
24 31 3 17 27 39 28 21 13 26 33 0 34 19 
5 25 35 38 20 29 9 32 6 0 37 36 2 18 
8 15 32 14 2 16 0 31 10 28 4 21 34 9 
21 6 18 19 0 23 33 31 27 17 36 14 5 12 
13 12 17 32 16 29 36 15 34 7 0 19 22 21 
39 38 21 27 8 0 13 4 28 34 36 30 25 2 
7 36 23 34 27 2 18 15 9 35 29 0 8 3 
3 12 13 4 2 9 27 36 10 38 0 16 32 19 
34 23 14 9 0 25 21 2 6 13 39 19 29 4 
11 18 8 36 0 26 37 10 34 35 29 15 16 28 
10 33 36 7 13 4 0 23 5 37 28 20 9 6 
20 0 30 12 21 27 19 37 6 16 10 33 4 17 
38 5 32 9 19 21 37 28 24 34 11 12 6 0 
9 21 26 23 32 5 19 6 3 10 0 33 35 38 
0 27 3 10 14 13 17 28 15 24 34 26 9 22 
21 37 38 10 31 17 22 35 33 28 14 13 24 0 
35 21 18 36 34 19 31 30 22 33 26 39 0 16 
13 21 0 19 35 30 26 11 8 25 36 18 10 14 
32 3 24 4 9 15 26 5 0 33 35 12 31 6 
10 5 26 39 9 4 17 14 0 29 11 7 28 27 
3 0 16 28 5 20 14 18 34 21 29 4 39 23 
33 27 31 4 5 10 9 0 3 39 13 37 23 28 
13 22 18 6 8 37 10 27 0 4 1 17 32 34 
0 9 8 32 18 22 24 1 28 6 21 31 5 2 
6 19 33 13 18 24 10 23 31 8 36 0 12 15 
13 11 25 24 7 4 9 33 0 15 37 36 18 6 
29 32 23 13 12 4 35 34 24 0 33 38 28 11 
33 8 2 22 29 23 6 0 39 28 17 4 10 11 
10 37 5 21 29 24 26 0 14 35 12 13 18 22 
23 31 0 4 2 10 39 14 9 16 34 21 8 22 
4 11 0 17 12 14 34 39 20 1 21 3 23 31 
0 30 22 38 19 37 18 39 5 26 3 23 34 16 
35 9 25 5 20 0 21 29 38 33 7 11 31 3 
19 6 3 26 20 25 22 5 0 21 34 1 7 11 
19 1 36 35 7 9 22 11 32 15 2 0 14 10 
19 33 31 9 37 2 3 16 23 10 0 28 22 34 
36 9 27 33 0 3 1 10 37 25 11 8 6 26 
36 30 39 12 21 26 6 10 4 0 13 35 31 5 
7 26 9 0 24 21 10 12 19 11 33 2 4 23 
3 22 19 26 2 35 0 24 29 17 12 39 36 18 
9 23 3 32 6 16 21 7 18 8 25 34 0 27 
23 0 14 12 8 19 20 37 33 25 31 36 3 13 
11 17 26 24 14 33 39 0 1 30 34 15 7 27 
29 8 7 10 18 3 38 2 39 24 28 0 23 4 
11 0 6 32 27 10 7 8 2 29 18 26 37 36 
8 38 5 37 39 25 21 32 22 36 0 13 28 18 
17 35 33 7 5 20 15 34 24 0 1 8 2 3 
23 37 13 3 11 8 5 29 16 7 2 18 0 22 
25 33 14 37 0 8 38 13 39 6 19 18 9 20 
31 35 23 6 5 24 32 30 26 21 1 4 0 25 
17 35 8 27 9 3 11 33 16 34 0 12 7 10 
15 25 11 21 29 33 1 39 3 26 16 7 8 0 
14 29 8 38 23 12 36 18 34 2 30 27 16 0 
34 1 27 9 0 30 39 26 36 28 2 16 25 5 
39 17 38 26 0 3 21 35 12 28 7 13 4 23 
17 38 19 12 7 37 9 0 31 18 28 24 2 32 
3 16 26 28 7 2 37 1 38 12 18 0 34 24 
36 29 14 31 30 9 20 8 17 28 0 5 2 26 
15 0 1 6 25 36 32 27 21 8 23 7 17 16 
18 22 14 15 0 10 34 24 23 3 33 28 38 8 
16 33 24 9 4 32 21 27 37 0 7 5 36 18 
35 32 6 25 27 15 20 18 0 24 14 17 26 19 
15 34 26 11 27 5 19 36 0 31 21 32 1 33 
12 20 4 0 39 13 21 28 14 35 2 25 10 33 
10 3 12 16 33 30 31 4 13 37 24 1 23 0 
35 21 16 32 5 9 2 37 36 38 20 0 10 23 
29 13 24 2 34 22 0 38 12 14 1 10 16 20 
12 7 2 30 37 6 34 0 35 8 4 28 33 21 
25 39 4 35 30 24 6 9 17 0 7 16 37 27 
15 39 3 4 0 28 23 30 35 16 25 21 6 29 
0 34 39 29 3 8 22 37 11 18 19 33 4 27 
0 21 39 12 22 17 37 5 4 38 2 8 30 34 
4 3 26 35 5 19 28 37 0 36 24 16 13 8 
5 25 39 17 0 31 6 2 18 27 12 22 33 38 
6 0 37 39 32 15 11 34 26 5 24 38 12 7 
13 7 21 38 29 35 9 16 0 26 4 10 5 24 
17 5 13 3 0 14 10 34 11 20 2 22 39 4 
24 16 8 26 4 21 22 11 3 36 32 0 23 20 
26 16 18 31 11 39 14 0 36 13 28 3 33 17 
22 35 27 29 28 4 12 5 17 7 24 20 33 0 
26 21 5 36 8 27 31 14 3 0 39 28 29 9 
36 0 17 3 38 12 24 32 31 30 6 20 15 13 
33 31 11 32 21 3 15 9 4 13 0 7 18 5 
7 2 23 3 39 13 29 21 10 37 30 27 9 0 
38 11 22 14 8 0 31 13 10 18 6 3 16 29 
37 26 29 31 36 18 8 2 25 0 13 1 38 35 
32 27 7 10 0 30 33 9 11 16 13 23 31 5 
32 30 5 20 26 39 16 10 25 36 31 38 0 11 
7 31 12 1 4 24 33 0 37 35 13 28 20 19 
17 0 7 2 9 20 39 11 24 13 12 38 3 19 
18 38 10 29 19 0 3 36 13 27 31 30 22 20 
13 21 36 11 0 32 27 1 28 29 15 7 18 19 
30 27 0 32 6 34 3 1 17 39 4 2 14 22 
8 31 0 19 24 21 38 9 13 4 17 1 14 37 
20 19 38 35 17 1 31 14 7 18 32 36 0 22 
24 4 17 10 2 18 13 0 22 26 23 14 25 37 
35 4 3 37 27 21 0 32 9 19 6 16 30 38 
15 16 29 0 14 2 23 11 13 33 26 9 1 36 
7 19 9 26 35 14 20 32 27 24 23 31 34 0 
17 28 34 9 20 25 32 27 30 37 15 0 4 33 
38 17 11 18 0 16 22 9 4 34 30 37 7 1 
38 0 20 28 37 36 26 34 19 30 18 5 10 24 
9 21 0 28 3 5 39 10 26 24 12 35 22 16 
27 39 36 33 30 28 19 9 0 23 22 11 10 25 
38 35 15 26 0 7 14 3 33 37 30 13 6 11 
15 26 34 25 24 3 2 17 31 30 27 29 36 0 
22 30 13 14 15 8 36 29 21 0 9 33 38 25 
6 0 27 7 11 38 17 33 25 15 35 30 20 29 
1 4 33 14 34 6 35 30 32 15 29 13 26 0 
0 17 22 7 39 32 25 37 21 4 20 35 13 30 
5 29 6 0 26 19 11 7 36 38 8 3 15 1 
29 5 22 0 25 1 36 7 31 21 34 32 12 8 
2 0 21 32 24 20 7 12 34 16 38 3 6 17 
23 9 39 0 25 26 5 17 1 20 13 35 3 2 
18 23 15 5 14 20 21 0 16 19 35 31 2 32 
3 27 28 4 23 7 5 26 12 0 21 18 38 2 
0 33 31 12 3 35 8 1 30 22 26 18 25 15 
19 18 28 25 14 22 27 0 36 37 9 13 32 6 
39 38 17 16 34 32 21 1 4 28 24 14 9 0 
21 31 37 11 22 28 4 0 36 18 2 10 35 5 
0 28 32 19 9 21 36 5 7 18 1 2 33 8 
37 31 10 20 17 4 24 27 16 23 15 0 9 8 
8 22 9 30 4 34 1 29 37 11 25 0 28 2 
31 39 12 18 23 19 24 36 0 2 27 34 8 17 
0 24 31 25 21 7 35 23 39 38 1 6 33 16 
14 28 39 2 13 38 8 25 37 0 16 5 21 35 
16 10 20 6 23 5 27 0 31 1 2 11 32 12 
12 4 25 33 0 27 16 10 8 15 6 37 13 5 
38 0 23 19 9 25 28 14 27 34 30 15 39 32 
29 0 32 10 18 16 14 3 15 34 7 13 2 23 
10 35 19 28 0 2 16 22 29 7 24 32 27 34 
0 24 5 19 29 25 11 12 30 20 31 37 1 33 
0 7 35 17 11 23 33 24 16 26 2 15 27 14 
25 12 1 37 30 14 15 0 11 5 16 3 21 10 
28 17 33 0 26 15 38 2 1 20 7 25 13 10 
36 7 27 17 14 30 39 28 6 32 0 13 10 12 
27 11 13 2 14 37 33 35 25 39 0 22 26 8 
24 11 1 0 35 28 19 16 2 34 39 31 9 33 
32 38 39 6 25 29 26 14 0 12 19 13 27 28 
15 32 0 2 5 34 10 35 20 23 28 27 37 4 
10 17 16 0 5 12 36 32 35 28 7 29 14 26 
2 32 0 33 20 29 19 37 34 6 14 15 11 16 
28 27 13 25 0 38 4 15 11 22 6 2 35 3 
28 3 34 33 26 35 0 18 14 24 31 27 1 9 
30 13 18 3 11 33 39 26 36 1 32 0 25 34 
22 26 0 14 12 13 24 7 36 38 27 17 4 25 
12 1 21 10 33 5 0 29 20 7 36 30 17 38 
38 23 32 19 17 11 39 35 0 15 33 34 30 18 
23 24 16 0 33 5 21 17 25 28 31 29 26 3 
16 25 2 28 18 24 32 20 17 10 0 36 30 21 
29 9 35 33 37 30 23 10 12 36 39 0 17 16 
1 37 6 0 17 2 5 7 28 4 13 39 8 18 
39 10 37 0 38 21 17 13 36 28 27 2 24 9 
15 30 3 29 31 2 0 13 23 19 20 4 11 17 
18 1 8 28 12 16 17 9 22 20 0 13 36 25 
37 29 3 1 30 15 19 31 0 27 11 17 35 20 
27 22 39 13 5 35 9 11 36 23 34 38 18 0 
16 11 6 0 33 5 29 8 19 23 27 2 39 9 
30 0 16 1 13 15 17 27 31 12 32 38 4 29 
37 21 9 27 17 23 28 25 0 18 20 38 34 15 
28 21 34 16 0 12 38 33 13 35 15 19 36 17 
0 35 28 39 25 10 12 1 22 6 2 7 19 29 
39 24 19 4 13 27 14 33 0 16 20 11 28 17 
25 12 0 7 2 38 29 24 1 21 27 9 14 31 
3 19 0 28 21 38 14 10 31 2 13 15 4 9 
3 33 20 25 13 18 32 0 11 34 24 17 4 37 
7 14 16 2 3 10 4 20 0 36 33 19 17 18 
10 3 20 35 26 0 12 1 37 23 27 28 38 39 
2 21 13 26 12 34 7 0 1 33 19 10 31 18 
24 7 8 4 38 0 12 22 3 6 26 16 28 23 
29 38 26 3 14 23 34 8 0 7 13 1 24 20 
4 18 12 22 16 31 30 26 0 39 37 20 8 36 
32 5 35 27 2 8 29 0 30 19 21 3 24 20 
29 35 38 0 33 13 39 27 26 7 24 11 18 12 
5 11 32 36 35 37 0 39 7 23 27 33 1 19 
12 33 15 3 21 7 32 13 11 34 14 24 5 0 
3 19 18 31 15 7 29 0 27 33 26 22 13 11 
1 10 36 8 15 23 0 31 2 28 26 11 24 22 
5 20 27 22 15 12 8 35 16 25 0 29 10 3 
31 32 27 36 24 26 34 18 7 39 1 3 38 0 
38 19 27 36 9 31 34 18 37 13 12 26 0 4 
39 18 24 0 1 15 36 19 28 3 14 13 32 26 
26 19 21 10 30 34 39 16 3 38 36 35 0 1 
7 31 36 3 12 11 38 39 17 22 18 13 2 0 
5 34 14 26 21 18 10 22 19 13 3 9 0 16 
4 25 18 0 29 24 23 17 32 13 1 2 7 3 
0 2 11 28 29 13 32 3 31 17 36 15 27 38 
5 27 3 24 17 10 14 21 31 9 7 0 39 18 
36 35 0 16 14 28 15 32 8 26 33 34 19 24 
11 23 0 3 13 6 1 35 18 27 8 4 26 9 
23 22 29 28 30 0 11 18 34 24 1 32 35 21 
13 12 24 4 3 25 39 18 34 28 5 10 32 0 
4 8 24 17 1 38 28 20 3 16 29 10 23 0 
29 23 0 18 14 10 30 11 25 13 27 28 8 32 
0 4 18 28 1 24 34 36 12 22 6 8 37 39 
23 4 28 16 14 5 24 17 26 37 39 0 36 27 
20 4 34 22 0 5 32 33 24 15 3 25 35 1 
30 16 3 21 27 37 7 11 0 2 23 18 17 33 
0 10 31 20 14 13 30 19 36 3 16 33 18 12 
7 2 17 12 18 27 3 23 6 38 34 0 20 9 
12 36 25 4 31 0 26 33 19 13 14 34 39 20 
16 0 24 5 18 35 2 6 36 7 9 31 22 32 
