13 14 10 2 16 23 21 0 25 3 1 18 17 8 
23 15 9 29 25 10 27 3 21 0 20 24 28 2 
11 8 0 16 17 9 22 2 21 6 7 27 13 25 
22 11 24 21 7 2 0 25 8 3 27 13 16 29 
23 12 5 4 19 22 24 13 6 15 28 21 0 29 
18 8 11 23 2 9 21 0 27 28 12 5 13 19 
14 0 11 16 20 2 27 21 6 1 28 13 12 4 
0 5 24 29 15 14 1 23 12 4 3 16 18 22 
24 6 5 2 28 19 0 10 23 18 13 17 9 22 
24 7 20 4 16 9 22 0 12 3 10 25 6 19 
12 23 21 20 16 7 0 1 28 17 5 6 24 4 
18 11 4 2 28 0 23 15 20 3 22 27 17 25 
9 25 8 10 28 7 14 16 24 19 18 5 0 6 
16 28 11 1 6 12 15 29 20 0 8 7 2 9 
12 21 24 0 4 28 6 13 19 25 27 16 7 5 
17 1 28 18 26 19 27 29 23 9 21 6 0 16 
5 1 28 29 17 4 0 27 13 2 21 19 26 23 
23 19 22 1 25 16 28 13 0 7 12 26 6 18 
20 25 22 27 1 16 19 28 21 29 23 13 11 0 
8 25 12 22 0 4 27 13 2 7 24 5 14 9 
9 3 23 6 16 26 1 8 0 5 20 28 7 12 
8 12 16 29 13 0 6 9 2 17 25 5 18 3 
11 10 0 18 5 16 3 4 1 22 21 27 9 24 
4 27 22 10 8 6 19 0 29 15 2 25 17 20 
19 25 20 0 28 24 8 16 9 23 17 22 5 10 
11 9 28 0 1 22 15 2 14 16 27 10 26 4 
0 21 24 27 20 2 4 9 12 6 13 18 17 8 
20 11 7 25 16 21 0 13 23 6 28 27 12 22 
5 22 27 18 23 4 10 17 21 14 1 19 0 24 
13 7 1 22 9 15 28 14 16 20 10 17 0 11 
29 16 19 1 13 6 0 18 12 7 26 5 2 17 
25 19 20 23 10 14 17 27 6 0 7 18 3 4 
16 18 1 15 20 7 29 14 23 22 17 3 11 0 
23 15 17 7 0 8 5 22 9 28 16 26 18 10 
24 8 6 18 28 13 27 1 16 12 25 0 19 26 
6 24 13 19 0 2 23 1 25 28 22 14 20 27 
18 24 21 23 26 22 2 0 7 9 16 25 27 12 
17 6 14 11 0 10 22 19 21 18 27 26 3 29 
25 15 6 21 17 8 0 14 18 19 4 16 22 27 
6 26 23 2 28 11 12 29 16 14 24 25 3 0 
10 6 15 27 28 20 5 14 9 25 4 0 26 3 
23 19 6 10 24 0 22 2 27 11 7 5 8 20 
29 9 3 4 10 7 5 18 6 19 0 16 15 28 
9 29 20 0 10 18 27 15 24 17 13 1 16 23 
0 11 7 27 17 20 8 4 16 14 22 21 28 13 
25 18 9 0 4 5 11 19 27 15 23 29 1 22 
10 11 3 18 24 0 20 21 15 2 16 28 17 26 
2 17 14 26 0 10 15 28 13 16 1 24 23 9 
1 23 24 4 20 14 17 10 8 18 7 12 0 6 
22 5 0 29 10 28 6 7 11 27 24 12 16 17 
24 5 21 11 25 28 3 0 20 4 9 17 18 16 
22 29 19 2 3 8 15 0 26 17 24 20 23 18 
14 19 1 24 22 16 23 4 29 3 28 27 18 0 
8 16 25 27 1 24 15 5 9 6 0 12 22 28 
6 7 24 16 10 17 1 20 11 4 14 27 0 22 
17 25 27 12 16 10 22 0 18 8 3 4 9 23 
16 7 20 3 12 0 8 13 1 10 14 27 5 19 
24 25 12 0 15 20 8 1 7 17 21 27 18 11 
3 16 6 23 29 7 25 26 1 27 0 28 18 19 
9 24 26 14 8 28 23 20 0 22 16 2 18 7 
14 3 15 6 10 17 26 0 1 23 11 4 28 27 
20 27 25 19 8 0 23 5 9 2 15 7 13 6 
1 20 29 21 7 23 6 16 0 25 9 15 12 5 
4 0 1 16 26 28 27 6 18 11 10 20 14 12 
25 20 11 19 14 5 29 7 18 0 23 21 1 24 
18 17 14 21 6 28 19 0 23 20 9 12 29 15 
2 9 3 6 7 21 1 23 22 10 19 11 0 28 
10 13 2 7 21 17 1 18 26 0 14 22 15 5 
16 6 18 0 14 12 1 22 24 9 4 23 2 26 
20 24 16 19 12 27 7 14 8 5 9 0 10 6 
27 0 9 21 3 18 17 7 25 4 6 1 26 16 
14 21 27 11 17 0 23 5 26 3 6 22 15 7 
20 13 29 18 6 22 25 19 0 21 9 11 4 1 
23 5 10 0 20 3 22 12 21 27 19 26 15 11 
7 19 21 9 11 17 12 0 13 23 5 26 27 1 
18 20 13 5 7 15 17 0 14 29 10 21 25 16 
15 27 6 3 24 2 13 23 17 4 8 28 11 0 
0 17 1 20 29 18 5 2 12 21 25 16 13 10 
17 25 12 18 26 0 1 24 10 19 8 2 3 6 
0 11 3 2 8 28 29 12 18 17 25 20 24 9 
26 25 23 10 12 18 14 9 19 27 22 15 3 0 
17 12 20 16 11 18 15 0 3 6 25 27 24 23 
23 16 0 2 1 17 22 10 5 4 28 21 15 13 
0 2 11 8 6 29 21 13 18 22 9 5 7 4 
3 2 18 10 6 27 17 24 22 0 25 5 9 29 
5 18 14 15 20 2 28 23 0 29 26 27 17 4 
2 0 25 17 1 14 4 19 10 26 6 8 3 13 
23 21 20 24 18 8 29 0 25 3 19 16 22 9 
24 28 23 11 8 17 19 25 0 5 9 20 10 21 
13 27 1 15 26 5 23 11 12 22 20 6 24 0 
27 18 12 11 2 21 13 29 23 19 0 8 4 3 
18 7 4 23 6 27 28 1 0 14 10 24 13 5 
22 13 28 27 6 19 20 2 3 0 12 1 21 29 
1 24 7 21 2 15 10 17 28 16 12 6 5 0 
28 24 0 7 16 17 4 1 8 23 3 6 5 12 
18 13 4 19 8 24 3 0 29 6 11 25 28 15 
11 19 15 21 24 0 17 28 13 8 29 25 1 6 
28 0 10 6 23 7 8 13 14 24 17 15 21 12 
24 21 12 5 6 27 18 29 0 13 20 9 8 7 
25 0 20 3 16 13 28 17 15 1 29 22 5 19 
