16 8 13 7 3 10 6 19 18 1 14 11 5 9 
11 15 0 18 16 6 2 12 17 8 5 19 4 14 
11 10 6 13 18 0 4 1 17 16 2 12 3 7 
8 10 4 2 18 11 5 3 9 13 17 7 14 15 
17 15 0 3 11 16 14 12 9 18 4 2 6 13 
3 13 12 2 18 1 8 9 7 17 6 16 10 19 
5 13 11 4 8 3 14 7 12 2 19 6 18 16 
1 7 12 19 3 11 16 18 9 8 17 6 0 13 
6 12 9 11 13 15 1 7 8 3 5 0 2 19 
3 2 0 15 16 4 18 6 17 19 9 11 14 7 
19 13 3 10 8 0 12 11 18 5 2 4 17 7 
19 9 0 7 8 4 5 15 18 17 16 13 11 12 
10 17 14 6 7 18 5 4 11 3 9 1 15 8 
6 0 10 13 3 2 12 8 16 17 11 7 15 1 
10 8 3 14 0 18 16 13 2 4 5 17 7 12 
0 1 14 7 16 15 12 13 18 4 11 10 5 17 
16 17 3 14 5 4 8 9 13 7 2 11 6 0 
8 9 5 6 10 0 7 14 15 4 19 2 11 3 
0 9 8 14 16 10 5 4 18 17 7 6 2 19 
10 3 0 12 6 4 8 2 19 9 16 17 11 13 
4 1 9 11 8 2 18 17 7 12 6 14 3 13 
1 2 17 15 4 19 11 14 5 3 13 9 18 16 
12 4 2 13 15 16 18 1 7 9 11 17 5 8 
11 10 1 0 5 3 7 17 8 18 2 9 4 6 
12 6 5 19 3 4 7 0 13 18 14 16 1 11 
9 18 7 12 16 6 1 13 14 4 5 17 11 19 
14 15 2 18 19 5 9 8 6 13 12 11 7 17 
9 11 19 15 14 0 17 7 13 4 8 1 5 3 
1 12 18 17 19 8 16 7 0 2 4 3 6 14 
16 6 14 18 7 15 5 19 10 0 8 13 3 17 
13 19 10 14 3 9 2 4 18 7 11 1 5 15 
10 6 5 16 13 11 7 3 2 14 1 18 19 8 
4 14 15 7 11 6 12 1 17 18 19 3 8 5 
16 15 2 11 4 3 17 5 19 7 0 18 14 6 
15 18 11 19 4 10 8 14 12 1 16 5 7 2 
14 2 5 11 4 3 15 13 9 0 19 1 10 6 
14 4 10 18 19 17 6 0 12 3 13 9 5 8 
19 14 8 7 12 13 3 16 9 0 6 11 1 18 
0 4 2 14 15 16 6 12 8 10 19 18 1 9 
16 17 13 6 19 3 0 1 4 15 12 8 18 9 
6 11 5 1 18 7 12 14 19 15 17 13 0 8 
10 6 1 15 16 3 17 13 7 14 5 8 12 19 
14 7 8 19 5 18 16 17 10 3 1 2 9 15 
8 11 3 5 15 6 19 1 12 10 13 4 16 2 
13 16 5 17 11 12 18 3 14 1 0 8 6 15 
2 9 10 5 8 18 1 14 7 0 15 12 17 13 
3 8 1 12 18 7 2 9 19 0 15 16 5 10 
15 5 4 1 3 10 12 2 13 11 0 6 18 17 
6 3 16 8 0 1 9 15 10 7 19 5 13 18 
11 6 2 19 14 1 4 3 5 8 13 16 0 7 
11 5 8 1 10 19 7 3 18 2 17 12 14 0 
9 7 19 14 15 2 0 1 10 12 17 18 11 8 
5 14 13 10 6 2 1 12 3 15 7 0 4 9 
2 5 10 13 12 18 6 1 3 15 11 16 8 19 
4 13 0 2 17 14 19 1 6 12 7 3 8 18 
14 16 2 19 5 10 18 11 9 4 12 3 0 1 
13 2 18 4 17 15 3 5 8 9 0 6 16 19 
10 9 19 8 0 2 12 5 16 14 4 13 11 7 
8 19 6 0 3 7 15 12 16 13 1 9 18 2 
15 12 11 18 6 10 2 19 16 13 14 17 7 5 
11 13 9 17 6 16 2 19 14 18 10 12 15 3 
6 9 16 1 4 19 17 13 15 2 5 18 7 14 
16 18 15 3 17 8 11 13 7 14 12 19 4 1 
19 18 7 11 16 9 5 3 13 6 10 0 1 15 
14 18 8 3 5 10 6 12 1 11 13 15 19 2 
5 3 6 11 19 17 13 7 14 0 10 16 8 9 
14 12 10 3 9 5 15 8 2 6 13 19 1 18 
4 12 18 16 15 7 5 6 8 2 17 19 0 14 
16 13 10 15 18 17 19 2 11 3 9 12 7 4 
9 13 2 15 16 10 4 14 18 3 12 6 0 7 
15 17 10 13 0 4 8 1 19 5 12 2 3 11 
14 10 1 15 11 3 16 0 13 17 4 19 7 12 
4 10 14 6 3 16 0 9 7 5 2 11 1 13 
7 17 19 0 12 2 14 3 15 9 5 4 1 16 
15 16 10 12 6 0 4 7 9 11 13 17 8 3 
12 15 11 17 1 2 0 6 16 7 13 19 5 9 
17 5 10 7 14 12 4 15 13 3 0 2 18 16 
10 8 18 11 0 4 12 6 17 19 14 5 13 15 
16 11 0 12 15 8 3 18 19 10 1 17 6 7 
10 11 9 15 1 17 8 2 0 16 3 7 13 14 
8 15 12 11 4 0 16 1 19 17 2 5 9 6 
13 1 4 11 2 17 19 10 18 5 16 0 7 12 
17 8 2 5 15 9 13 0 6 7 14 11 10 19 
17 6 13 9 2 11 5 15 10 16 1 19 3 12 
9 15 16 5 17 19 6 4 0 10 8 13 12 3 
19 12 14 2 7 16 3 8 11 6 1 17 13 18 
9 0 4 8 16 14 2 3 13 15 11 19 10 17 
14 12 16 8 6 1 4 15 2 19 5 0 7 10 
3 12 16 6 7 11 18 13 0 15 9 5 4 17 
6 0 4 15 12 5 1 11 16 19 8 13 3 18 
18 1 5 4 17 0 15 19 7 13 8 11 14 16 
2 8 17 3 18 10 16 0 7 12 13 19 11 9 
9 14 16 8 0 18 11 12 15 5 19 1 7 3 
12 10 14 6 9 16 2 0 19 3 5 1 17 18 
8 3 4 7 15 2 11 0 14 18 13 1 16 17 
19 7 17 12 16 8 11 10 1 9 6 14 18 0 
6 11 12 2 0 8 14 7 16 3 9 13 10 5 
1 17 11 15 13 2 16 12 10 14 9 18 19 8 
10 1 4 11 13 0 16 6 14 9 12 8 15 19 
2 6 9 3 19 7 13 5 0 4 11 15 17 12 
