0 31 16 34 19 18 2 25 23 9 10 27 7 35 
34 25 0 4 32 17 5 6 18 11 7 19 13 20 
37 9 33 27 6 0 11 28 30 21 38 12 26 18 
0 7 9 37 13 10 27 5 15 22 2 18 11 39 
35 14 36 38 25 31 34 37 1 28 2 18 0 24 
3 16 17 14 21 29 1 31 5 34 18 0 19 22 
11 3 29 27 17 7 2 0 21 25 1 9 20 12 
33 28 5 14 29 27 23 25 31 18 16 26 0 10 
14 33 30 6 16 1 18 2 25 0 28 37 38 8 
39 24 1 0 21 22 29 2 34 23 13 4 16 32 
27 3 31 21 6 14 35 5 11 17 1 36 19 0 
38 8 23 22 26 1 9 20 21 0 28 30 3 2 
0 17 37 6 20 13 15 8 16 23 5 3 31 1 
17 39 15 14 21 38 28 6 4 0 16 2 26 10 
4 0 31 1 20 16 9 12 8 13 14 15 25 6 
13 4 6 2 34 15 16 31 5 0 19 1 38 12 
30 23 37 7 20 2 31 27 14 25 9 28 0 13 
33 2 28 17 24 1 20 16 37 30 0 19 26 22 
18 26 17 5 30 10 8 4 14 12 33 1 2 0 
5 22 16 8 4 34 7 12 31 0 14 17 15 2 
9 13 31 32 39 19 27 24 0 16 37 7 28 15 
38 3 31 21 29 9 0 13 32 17 18 4 26 15 
4 39 35 0 23 5 16 34 12 6 10 8 29 3 
8 20 17 25 32 15 22 16 4 38 19 6 0 35 
2 23 11 34 32 6 7 27 10 39 0 30 15 18 
3 31 4 10 36 7 33 8 17 26 21 28 1 0 
36 23 19 39 34 22 31 14 28 38 13 15 0 32 
33 16 37 22 28 10 14 18 5 36 27 0 15 6 
30 3 19 0 27 29 25 33 8 20 17 31 4 23 
6 26 23 13 21 14 0 33 11 4 31 37 19 16 
0 11 8 35 4 31 21 16 9 1 10 33 7 24 
16 29 23 3 1 6 33 4 5 10 27 17 0 14 
33 32 7 30 19 20 3 0 23 27 15 5 8 39 
3 36 33 13 39 19 0 14 31 24 23 26 11 38 
35 18 22 11 15 4 9 6 0 17 3 31 23 10 
36 30 11 9 16 0 20 4 38 26 3 32 24 39 
35 26 37 13 39 22 23 0 25 17 10 6 2 19 
24 34 32 15 9 0 29 30 27 7 22 1 8 11 
30 15 6 21 10 7 34 3 37 38 36 17 24 0 
8 0 19 35 23 1 30 3 20 11 16 36 18 9 
22 2 27 33 15 0 3 8 25 23 12 28 34 9 
9 1 22 0 17 3 10 13 28 27 23 21 5 12 
19 12 23 21 27 36 13 0 26 37 24 17 25 7 
23 0 21 3 9 35 26 11 1 38 14 7 33 31 
31 21 18 29 16 19 27 34 0 20 32 22 9 37 
0 37 15 34 1 12 36 4 5 38 11 27 16 13 
22 30 37 31 15 26 27 35 29 4 18 39 11 0 
18 19 32 2 20 11 29 16 30 13 0 28 25 36 
18 1 31 25 38 7 3 5 33 35 26 0 2 29 
6 35 14 13 0 29 25 12 15 21 3 19 4 7 
38 11 0 27 31 8 10 1 18 21 33 35 13 9 
11 2 15 30 9 3 5 10 38 27 23 17 8 0 
15 8 28 26 34 0 5 19 23 20 10 30 11 25 
8 25 11 12 0 28 36 19 37 1 4 29 7 23 
0 31 16 25 27 38 4 17 5 7 20 9 11 3 
35 1 14 39 2 36 18 0 6 16 23 21 30 15 
26 1 15 21 33 30 16 24 0 28 7 11 9 36 
8 20 0 39 36 30 34 14 31 28 38 3 35 4 
8 13 29 22 9 18 36 3 0 30 27 23 35 28 
37 38 34 9 15 18 20 29 16 24 26 33 31 0 
18 6 36 29 7 17 22 38 0 21 9 8 11 2 
0 39 8 16 10 7 24 19 5 15 27 9 31 35 
33 36 35 14 5 30 12 15 19 39 38 23 27 0 
20 1 15 5 19 17 18 31 12 0 33 24 6 22 
0 19 33 16 32 25 38 11 31 34 2 27 6 12 
10 18 21 1 8 13 24 20 11 0 27 37 2 30 
5 2 18 22 7 4 24 0 34 32 38 16 19 15 
14 17 32 19 16 15 37 34 35 27 5 0 31 18 
38 14 3 0 10 16 32 24 6 34 7 2 28 23 
11 26 2 3 5 0 19 8 20 10 36 14 4 9 
2 25 26 6 28 13 33 14 19 3 0 31 10 8 
13 17 9 36 1 24 26 3 35 4 11 0 5 12 
32 34 28 26 1 13 30 29 0 38 20 36 9 11 
21 9 25 33 38 20 39 0 18 36 30 37 14 17 
20 6 12 19 16 0 23 3 9 30 34 8 24 25 
15 29 16 17 7 10 1 11 9 19 0 22 8 28 
29 30 13 0 23 22 3 11 8 36 37 15 10 7 
36 19 33 16 1 0 6 20 14 12 21 32 9 35 
35 27 1 24 2 29 15 11 22 4 38 8 21 0 
23 35 3 39 37 26 22 31 5 6 21 0 24 11 
32 14 16 0 8 25 33 31 20 18 1 11 4 19 
6 25 0 34 28 3 5 38 9 37 36 22 23 27 
18 8 10 20 4 9 3 31 29 32 7 37 36 0 
26 12 10 2 7 20 0 3 6 35 22 15 30 28 
5 8 37 33 10 9 31 2 19 34 28 12 38 0 
15 17 30 24 14 31 19 3 12 1 11 23 0 32 
34 25 10 24 32 22 0 19 39 14 27 30 36 12 
31 27 6 21 12 22 23 0 33 20 7 2 19 29 
23 21 4 26 30 20 9 12 1 17 32 0 19 7 
35 11 15 9 21 26 6 27 24 12 33 1 23 0 
34 39 36 29 17 27 23 16 30 7 0 10 13 19 
18 21 6 39 33 19 11 3 13 22 38 0 27 2 
5 22 21 30 20 10 25 18 13 0 38 39 7 31 
32 16 3 33 10 15 0 19 11 34 1 5 6 35 
3 24 8 38 31 33 21 27 32 22 5 19 0 13 
6 9 30 29 11 32 10 28 1 26 20 0 17 4 
36 24 34 0 5 31 10 26 38 30 13 7 8 28 
24 0 35 8 10 33 31 28 37 19 34 5 3 32 
4 2 3 15 12 6 11 0 35 17 20 29 36 14 
0 35 10 29 9 14 33 3 19 32 30 12 1 8 
8 24 26 2 33 38 12 1 0 15 10 39 20 6 
8 24 6 3 15 33 35 31 26 0 30 1 27 18 
17 10 30 16 24 31 7 39 0 4 25 19 36 21 
6 11 15 34 7 38 4 0 33 16 26 39 14 28 
28 10 36 22 26 38 5 9 0 6 19 8 32 34 
27 18 39 19 11 0 13 29 35 16 22 2 31 8 
19 15 5 2 39 7 0 25 32 36 27 38 4 1 
20 1 9 29 5 0 8 28 10 2 36 24 19 15 
6 0 14 5 33 30 28 23 31 20 19 8 38 10 
29 0 7 27 2 18 6 11 38 34 26 25 16 28 
36 10 0 21 17 12 16 7 8 22 29 32 5 37 
27 35 14 2 25 9 24 31 7 36 0 15 34 17 
26 27 34 0 20 33 13 11 31 10 12 8 22 35 
18 30 23 28 1 27 38 39 13 0 5 20 31 4 
38 13 27 37 0 29 19 31 3 18 28 1 26 2 
19 3 18 13 10 5 6 21 0 32 15 33 37 25 
4 32 30 11 33 26 3 13 39 37 6 21 19 0 
17 22 39 3 35 32 29 37 28 15 31 4 16 0 
4 18 2 5 3 8 31 11 7 29 0 13 38 6 
30 7 34 1 5 22 28 32 6 10 9 16 0 24 
10 5 39 34 0 37 38 32 24 4 17 13 15 30 
5 1 35 20 29 28 38 25 27 31 12 22 0 13 
0 20 31 5 12 37 26 30 28 14 17 15 35 8 
29 23 1 28 4 25 10 17 27 0 20 37 16 9 
4 27 2 21 19 8 37 6 0 34 12 36 15 18 
25 39 3 35 5 9 33 0 15 18 30 17 37 27 
6 27 35 0 34 31 10 16 30 33 18 2 26 37 
27 5 35 15 16 28 2 30 6 26 39 0 1 36 
0 31 29 9 1 12 30 19 11 36 33 38 35 6 
20 21 23 0 3 15 24 19 25 11 4 31 30 27 
23 31 1 32 7 2 34 18 21 0 30 4 11 19 
3 13 20 23 4 5 0 36 17 14 18 37 35 28 
3 10 1 19 2 5 7 11 32 26 33 12 15 0 
1 16 5 24 18 26 3 8 37 38 36 30 0 19 
12 28 35 0 3 5 7 13 27 36 16 34 20 15 
28 0 21 31 15 38 32 12 25 13 18 33 9 20 
10 34 33 35 27 7 9 39 8 0 4 12 28 26 
24 39 13 36 19 11 25 38 28 8 26 2 32 0 
25 31 27 19 30 33 0 7 15 12 11 6 4 32 
21 7 14 37 28 18 20 17 2 0 39 29 9 16 
21 37 0 5 1 25 7 19 39 33 13 18 20 22 
26 3 25 37 9 4 0 8 22 20 5 6 13 35 
20 9 7 36 16 24 32 0 3 25 10 30 11 14 
36 6 38 31 3 9 12 34 19 0 13 28 8 17 
0 19 25 10 6 36 15 33 1 7 38 14 32 11 
3 1 12 15 18 11 8 16 31 2 14 0 26 6 
20 14 2 21 4 12 19 37 0 13 26 18 24 7 
5 12 0 34 22 18 26 16 36 10 24 29 6 23 
21 0 29 36 6 28 34 12 22 2 20 14 8 17 
20 28 10 18 8 4 23 19 31 27 38 0 7 36 
16 9 25 12 19 26 11 7 28 2 1 38 33 0 
16 23 20 0 24 39 31 9 7 17 29 10 5 4 
6 10 22 0 18 25 3 38 11 26 16 8 7 2 
5 36 31 12 28 0 15 37 20 34 2 13 35 19 
6 1 34 17 28 9 2 0 38 7 37 35 15 14 
25 32 29 35 9 23 26 6 19 4 34 22 0 5 
11 0 3 18 13 23 28 20 5 16 30 26 10 27 
6 34 31 35 28 14 29 22 4 11 12 17 0 39 
15 4 39 12 17 38 24 0 27 22 2 34 37 26 
12 15 23 0 10 26 34 33 29 18 9 27 21 16 
0 4 36 14 33 39 18 2 19 10 26 6 8 13 
11 2 14 25 6 39 9 33 27 3 32 7 5 0 
27 23 13 29 35 26 15 33 32 24 3 0 4 28 
15 16 9 11 12 26 38 29 3 33 17 1 30 0 
17 37 2 3 23 27 9 30 0 4 36 26 16 10 
1 27 6 21 12 35 18 0 30 5 11 7 22 14 
29 1 34 5 21 20 12 22 25 7 30 0 18 3 
12 17 39 9 18 10 3 6 22 34 28 33 31 0 
8 12 7 32 2 39 18 22 21 0 6 33 20 1 
26 27 0 34 33 31 15 14 20 37 17 22 32 39 
0 15 28 6 18 11 20 39 17 38 1 2 12 3 
22 33 5 26 16 9 12 30 10 24 37 36 6 0 
33 11 16 14 23 4 36 31 32 35 15 0 22 29 
28 10 36 23 39 19 0 18 24 6 37 5 7 11 
16 10 0 2 11 19 29 3 18 35 32 34 30 23 
34 10 33 1 0 21 35 5 24 13 12 26 25 28 
20 32 16 18 25 13 21 10 39 0 8 22 1 35 
17 1 25 12 16 22 28 0 15 39 8 4 37 6 
6 36 37 35 17 4 22 1 27 19 30 38 0 26 
0 18 21 1 38 31 11 34 25 35 29 24 4 17 
4 36 35 0 9 3 27 1 38 21 5 25 39 19 
30 21 36 19 2 35 37 0 12 4 11 39 5 10 
16 22 7 5 31 18 0 1 37 28 19 10 23 4 
18 9 8 7 12 0 26 11 6 35 33 4 36 19 
7 19 16 27 3 38 5 9 30 33 36 31 0 12 
24 11 21 14 8 16 32 20 15 2 39 23 25 0 
33 21 17 3 10 15 9 29 32 0 6 11 8 12 
6 30 9 10 16 31 35 29 8 13 2 34 28 0 
18 13 21 1 32 14 19 0 23 24 10 25 30 20 
32 37 20 17 15 10 39 0 38 1 23 21 35 5 
35 16 27 36 15 0 19 34 23 6 3 26 32 18 
16 24 21 10 23 8 17 14 18 2 39 20 0 12 
22 0 28 20 1 7 37 35 30 13 23 11 16 29 
10 7 39 15 16 9 28 25 0 35 22 20 38 11 
38 7 12 10 15 24 31 27 5 0 20 16 4 13 
18 28 30 20 34 12 25 13 4 5 24 38 9 0 
0 11 1 2 27 25 35 33 21 26 36 29 30 17 
1 34 5 0 8 14 3 17 15 18 26 16 6 10 
11 21 2 7 20 4 28 34 25 37 30 13 0 31 
22 25 0 39 37 38 10 6 21 20 11 1 26 14 
35 24 37 21 17 9 4 10 18 22 0 15 28 14 
29 5 17 33 39 0 2 16 11 13 25 26 15 37 
24 13 11 0 19 10 23 5 7 12 27 4 18 31 
28 17 5 24 35 22 0 26 1 9 38 33 2 37 
1 36 23 38 34 30 15 20 0 33 24 32 2 16 
8 29 2 38 0 6 17 30 21 5 36 22 20 27 
31 11 17 32 36 0 25 2 21 22 38 7 28 14 
39 12 0 22 8 23 1 4 37 5 27 13 3 34 
35 3 37 13 4 15 30 31 9 38 2 0 14 18 
28 39 0 15 7 29 26 21 13 14 8 16 20 12 
16 37 26 3 0 1 17 39 24 36 14 15 7 32 
32 12 8 13 4 22 20 0 1 29 28 36 7 37 
33 10 6 13 14 30 0 3 19 25 2 26 7 17 
2 17 26 36 3 28 33 0 16 22 14 24 1 18 
33 37 35 24 16 10 0 39 4 17 13 19 28 5 
23 16 5 29 20 37 0 3 18 2 31 34 12 15 
28 36 17 15 20 14 4 22 37 9 0 13 39 1 
19 37 35 39 0 28 9 20 30 38 34 18 21 12 
29 8 28 19 27 32 12 10 26 31 35 38 30 0 
31 8 19 0 35 25 36 5 38 4 14 18 24 3 
24 0 32 21 27 18 3 8 29 13 22 10 35 36 
14 25 27 20 33 16 9 0 39 31 3 12 35 30 
34 14 26 6 5 28 12 15 18 38 10 36 0 17 
29 38 18 13 7 4 24 37 23 0 1 10 20 2 
7 1 8 39 19 30 16 3 36 0 23 26 20 2 
23 30 12 22 0 2 19 31 3 37 38 21 8 28 
28 23 6 22 20 30 33 7 11 34 0 8 21 15 
15 0 6 12 1 23 39 22 17 29 24 9 5 20 
30 9 19 10 1 8 21 14 3 0 38 32 31 37 
10 35 36 37 22 26 16 32 0 38 12 11 19 7 
5 37 31 13 23 14 30 38 16 19 36 34 2 0 
12 37 35 5 11 21 31 19 10 26 36 0 28 4 
0 6 19 37 12 22 34 20 26 28 32 16 23 5 
19 0 2 13 5 16 15 9 24 11 21 36 37 39 
28 6 0 25 37 2 10 34 30 23 14 31 38 32 
39 33 15 7 18 34 27 16 6 22 0 8 30 23 
39 13 32 0 36 38 14 9 35 16 4 1 8 10 
4 21 7 0 26 18 23 35 8 32 25 24 20 29 
4 3 15 9 0 8 14 22 13 19 2 1 17 12 
11 32 38 1 4 26 2 25 0 9 13 15 21 24 
24 1 17 0 2 4 38 18 19 31 8 9 29 14 
7 23 6 35 1 34 22 33 9 32 29 17 16 0 
0 9 13 34 18 33 19 5 32 16 14 1 10 28 
23 34 0 27 3 21 26 8 31 11 15 38 37 29 
28 14 1 5 15 12 27 8 11 3 25 4 24 0 
6 37 2 9 35 22 38 19 32 17 0 3 11 26 
26 2 3 32 21 0 29 9 1 30 36 12 11 37 
39 0 1 17 16 22 12 21 13 23 14 24 8 9 
24 29 21 34 39 28 37 0 33 32 23 36 31 18 
31 9 15 11 0 22 10 2 17 18 21 37 3 16 
28 32 37 39 0 31 5 4 33 14 36 8 3 23 
37 0 25 4 32 35 29 15 7 22 33 39 21 17 
0 38 19 10 14 6 24 37 32 33 27 15 21 26 
32 17 14 29 23 4 8 2 9 3 13 18 0 19 
35 19 32 8 1 39 38 4 0 24 36 23 33 9 
38 0 15 4 7 17 27 1 5 34 13 37 30 9 
20 23 7 34 30 25 39 24 0 2 17 15 33 35 
39 14 22 4 5 7 0 1 11 35 17 28 13 24 
32 0 19 25 4 33 9 18 31 29 5 13 35 21 
23 31 32 12 38 39 4 0 21 30 35 3 24 6 
13 23 26 11 8 21 0 25 35 30 3 32 34 29 
18 39 13 7 19 10 22 1 12 29 0 24 33 9 
35 10 2 5 19 3 1 38 28 0 6 17 33 4 
37 1 0 31 30 23 17 9 2 28 36 15 29 5 
22 29 13 28 24 2 36 37 0 11 38 27 23 8 
19 28 17 8 18 21 14 2 0 34 26 25 5 29 
0 20 28 33 8 26 29 30 3 12 16 10 27 34 
0 2 17 38 28 33 9 19 16 27 39 21 13 32 
8 20 22 2 33 39 10 38 24 9 0 14 11 15 
8 19 1 0 14 34 12 6 5 17 18 16 31 22 
37 14 2 27 33 32 26 1 11 0 29 9 36 23 
1 13 16 12 24 0 5 19 27 4 6 17 33 22 
27 10 6 37 25 18 33 0 29 36 21 30 4 2 
29 35 15 0 31 18 10 20 9 38 32 33 11 39 
29 30 14 33 9 35 17 32 28 8 12 0 31 23 
15 5 8 34 39 20 11 12 25 17 6 2 29 0 
38 20 22 6 2 0 27 18 8 29 21 36 37 34 
25 2 0 31 24 23 27 33 26 34 6 14 39 16 
1 22 10 25 24 7 31 12 15 4 21 6 23 0 
34 17 3 2 29 6 13 38 0 35 22 24 39 15 
3 14 0 10 34 37 25 36 24 15 38 31 29 8 
24 0 39 22 7 18 23 20 10 16 1 29 36 25 
25 26 3 21 16 14 27 11 0 38 35 12 37 30 
2 4 30 26 0 13 23 19 10 38 15 16 9 24 
17 26 32 35 22 5 34 15 0 2 29 18 9 30 
4 27 29 34 1 32 10 0 12 3 5 2 26 15 
17 0 22 32 1 25 35 3 11 19 13 29 23 4 
23 18 8 15 34 6 17 0 3 1 12 5 37 24 
29 10 1 16 25 8 21 0 30 19 13 33 24 26 
39 30 25 0 35 5 26 8 27 29 32 38 24 23 
23 17 36 0 5 24 14 30 6 25 7 12 9 13 
0 2 25 7 6 29 21 15 24 10 23 18 17 1 
31 34 39 5 1 12 22 28 32 3 0 4 8 7 
21 36 9 10 23 26 32 18 24 31 4 0 35 30 
38 28 25 9 17 22 18 31 36 0 2 16 29 23 
39 0 32 2 8 29 17 5 35 16 9 21 37 28 
4 30 0 38 28 13 19 8 7 12 36 16 34 15 
33 23 26 28 0 20 37 19 13 15 32 10 27 6 
25 19 12 0 28 7 38 26 33 22 34 8 2 17 
0 9 34 18 30 28 7 10 22 33 16 31 19 24 
35 28 12 25 7 4 17 16 8 2 14 0 9 38 
8 12 27 18 39 16 1 33 9 35 5 0 17 15 
2 26 33 14 22 31 11 0 13 1 17 23 12 39 
23 5 30 15 33 25 18 0 32 34 24 27 3 38 
3 25 28 8 9 19 24 4 12 23 7 34 0 21 
12 27 1 15 0 21 4 39 2 28 5 29 34 24 
36 20 26 16 28 15 0 27 33 14 13 10 22 11 
34 3 18 9 30 0 37 19 31 24 23 15 35 16 
31 23 21 20 19 3 0 28 6 22 24 38 39 5 
23 29 39 6 3 38 0 36 25 26 12 1 9 8 
16 4 9 8 2 31 23 37 0 5 38 10 13 21 
12 17 8 11 16 32 21 13 39 14 7 38 0 6 
21 30 0 13 24 22 3 35 10 27 6 8 25 12 
19 34 35 18 12 1 3 0 29 24 9 4 10 38 
1 17 32 37 8 25 4 24 0 3 16 20 29 22 
10 24 1 17 30 34 25 36 22 0 33 3 13 29 
5 10 21 39 29 15 38 26 32 20 31 8 30 0 
31 28 15 22 4 12 27 19 37 36 16 33 0 2 
7 6 22 34 8 37 36 32 0 2 4 14 23 30 
16 21 8 24 30 22 27 20 28 10 35 36 0 7 
20 33 0 16 31 17 3 34 29 36 10 5 30 4 
27 13 37 2 38 11 0 3 10 24 17 9 39 14 
24 8 36 20 0 5 19 29 25 12 38 35 30 1 
9 1 11 7 2 19 32 0 30 15 5 6 24 16 
2 21 19 18 0 34 4 24 31 6 36 15 38 9 
31 29 19 17 35 37 20 36 34 0 24 33 3 11 
35 0 36 16 22 20 24 34 10 32 38 21 23 13 
33 37 0 18 20 4 39 5 6 34 31 11 19 21 
17 0 18 5 33 9 1 19 4 2 7 26 34 12 
39 5 20 37 9 27 4 8 0 7 18 36 23 15 
0 32 16 10 28 33 4 24 35 30 20 38 3 12 
0 29 31 19 17 11 10 26 36 14 15 2 5 33 
36 17 0 28 7 1 21 27 35 14 25 9 34 16 
34 15 36 5 2 31 22 27 11 1 20 38 10 0 
17 29 16 1 0 27 38 15 10 24 13 39 12 20 
6 25 13 26 30 27 11 37 31 32 1 9 0 8 
3 9 10 21 35 34 26 12 0 5 14 33 18 6 
29 35 8 26 10 17 23 4 3 25 0 9 15 12 
32 13 18 14 35 3 2 25 30 11 4 0 15 34 
3 36 12 18 33 10 1 30 11 39 22 13 32 0 
1 9 20 29 28 26 37 16 33 4 19 38 0 15 
30 0 8 35 39 38 23 27 7 17 18 29 22 33 
11 7 38 28 21 18 22 13 0 4 9 25 20 6 
8 16 15 28 14 5 0 2 22 36 32 35 20 4 
22 29 37 30 0 12 21 7 8 9 26 18 17 23 
17 8 24 38 35 32 3 7 0 21 26 6 5 22 
30 10 0 26 11 34 21 13 24 8 5 33 12 38 
18 35 11 22 1 2 9 5 6 4 23 20 25 0 
6 35 27 0 36 23 15 29 38 22 13 39 31 18 
23 34 22 12 3 28 2 10 6 26 0 29 20 21 
21 28 24 3 13 14 6 38 37 17 1 0 4 39 
10 3 15 28 16 11 2 9 0 37 4 26 33 8 
29 30 5 31 7 39 13 22 0 19 25 28 27 38 
28 3 13 21 38 37 27 8 19 5 4 36 0 12 
0 35 8 20 32 27 38 7 31 4 33 11 1 19 
11 30 36 25 1 24 29 9 0 20 26 5 32 34 
36 0 16 38 34 21 6 24 8 13 32 22 18 29 
5 13 36 7 21 0 16 10 8 32 22 35 39 19 
10 35 34 32 16 0 19 24 6 36 2 27 22 13 
20 0 25 13 35 19 10 23 29 31 2 27 28 22 
30 34 35 26 10 32 39 11 19 24 36 5 23 0 
2 3 25 0 4 36 19 7 8 16 33 22 31 6 
35 24 30 33 18 12 0 7 1 34 28 27 36 19 
0 1 6 9 20 15 23 29 39 3 35 19 10 28 
21 26 22 4 1 9 34 10 29 17 35 0 2 32 
35 33 16 32 9 14 15 18 23 30 0 17 34 7 
12 7 34 4 18 20 0 29 23 27 32 25 3 6 
29 5 7 32 21 33 0 10 14 3 24 34 17 25 
3 36 10 19 14 38 15 0 12 30 13 11 24 27 
25 8 39 17 11 31 0 7 15 35 9 2 19 27 
19 7 26 22 6 32 8 0 16 31 23 20 34 24 
38 24 14 1 3 28 10 7 20 39 16 0 37 5 
39 18 37 8 13 34 22 11 10 21 2 17 0 6 
14 24 10 13 7 38 11 1 22 19 0 16 33 21 
7 21 26 29 4 10 23 39 15 27 5 14 0 36 
11 7 8 20 37 16 9 10 2 33 0 18 34 13 
36 24 34 3 5 6 30 10 9 15 21 16 29 0 
27 18 0 22 6 9 33 34 29 3 32 20 35 25 
28 4 10 31 2 12 24 18 13 0 29 15 5 32 
28 20 8 4 38 12 13 10 19 0 25 2 1 35 
33 29 16 30 37 1 10 11 32 31 9 28 0 12 
6 19 16 18 9 14 17 38 1 21 13 0 32 8 
16 13 7 26 33 35 22 14 8 1 11 0 21 15 
11 2 25 22 31 20 3 16 28 37 34 18 21 0 
4 30 33 31 7 15 27 36 35 16 0 8 14 6 
4 8 37 34 7 25 31 36 38 0 35 22 16 23 
21 31 18 24 23 33 34 3 36 20 0 10 14 4 
36 20 9 32 0 10 28 21 12 38 8 37 33 19 
0 19 12 34 17 15 16 6 7 25 24 10 30 4 
37 14 35 8 0 10 32 36 17 2 16 33 4 29 
29 30 12 35 28 31 1 37 5 23 36 21 19 0 
6 17 29 27 23 9 0 8 22 13 4 33 24 14 
20 0 37 10 38 1 21 36 6 26 32 22 12 18 
18 8 21 9 13 4 25 15 31 7 17 3 0 6 
2 8 25 0 5 28 17 30 14 39 9 20 19 1 
9 21 17 35 2 13 32 33 12 37 15 27 20 0 
9 21 34 28 16 17 37 6 0 31 2 7 24 13 
4 16 36 27 18 20 3 23 26 0 13 12 8 9 
34 7 3 12 21 32 19 26 35 23 37 0 25 2 
10 7 27 20 25 12 29 17 0 3 26 2 32 8 
39 24 4 1 10 14 0 27 22 19 18 9 12 21 
29 0 9 24 13 12 19 34 16 20 22 35 31 18 
20 29 35 23 32 19 16 28 0 21 31 15 14 36 
13 12 4 9 25 21 0 31 36 22 24 28 32 5 
28 3 14 36 37 0 17 26 10 25 31 15 38 12 
4 10 36 17 39 25 19 12 22 27 14 8 28 0 
18 0 36 26 29 7 6 21 3 32 39 1 2 37 
12 36 25 10 18 13 24 0 1 38 8 35 2 39 
27 33 37 22 14 19 35 15 2 39 1 0 10 20 
24 0 8 6 12 4 16 3 22 13 28 23 29 35 
13 1 35 26 22 10 36 15 12 0 34 32 39 27 
20 0 39 15 29 9 31 23 36 17 30 25 33 4 
5 0 29 34 6 30 22 35 33 2 37 17 4 38 
23 17 6 38 5 22 21 0 34 37 30 9 12 15 
1 9 0 32 26 34 6 25 15 28 37 35 24 39 
20 9 15 33 16 36 10 0 27 21 19 3 37 29 
4 21 25 32 0 7 37 33 31 11 24 12 38 30 
24 0 28 39 12 5 14 31 2 32 11 16 20 3 
10 11 22 2 14 17 29 25 37 5 1 0 31 20 
31 10 34 15 25 6 0 12 4 22 32 38 36 27 
22 18 11 19 32 6 31 33 12 37 5 39 28 0 
4 30 29 12 38 0 21 17 24 8 11 19 14 16 
13 35 4 26 9 23 5 0 12 34 24 28 20 36 
15 8 27 2 7 4 1 31 0 29 22 24 18 21 
18 14 7 39 27 4 25 2 36 3 0 26 33 13 
36 13 16 7 20 10 25 3 14 32 26 8 15 0 
1 31 30 10 12 35 0 11 22 15 28 36 7 3 
5 24 14 38 33 0 2 11 17 13 1 8 4 34 
36 11 15 28 1 2 20 34 12 0 23 6 31 3 
15 16 32 19 18 37 33 35 0 20 23 5 12 25 
37 33 4 36 26 35 29 32 23 0 5 6 10 12 
2 21 30 0 31 25 13 19 22 35 33 17 37 3 
36 24 8 32 11 29 16 10 4 37 0 22 17 9 
9 21 14 0 3 6 33 2 15 12 39 22 4 24 
36 38 31 25 10 37 2 19 0 24 27 22 7 32 
22 20 23 33 12 13 0 8 6 38 16 35 3 4 
27 18 0 22 39 12 11 23 34 36 2 6 4 17 
36 0 19 4 15 26 18 29 34 6 22 23 2 14 
25 13 33 29 14 3 1 32 17 16 0 15 30 24 
32 23 16 19 1 11 0 31 27 30 22 39 28 10 
25 23 0 15 5 11 2 10 38 3 32 20 8 9 
37 2 1 9 0 16 33 30 27 36 29 28 4 31 
2 18 30 13 32 35 22 0 34 26 19 10 37 25 
39 18 22 35 13 31 12 21 36 30 28 1 0 20 
7 3 24 35 23 2 27 17 0 30 10 38 25 14 
7 17 38 28 0 33 29 30 1 19 21 14 20 25 
13 23 39 9 14 37 27 16 11 0 20 25 8 19 
28 35 24 23 29 26 1 0 31 10 21 3 6 20 
6 10 28 38 0 5 14 4 34 21 16 11 32 33 
6 17 23 12 20 11 0 21 25 10 9 31 36 38 
36 28 5 11 30 39 2 25 38 0 1 19 37 18 
36 35 23 10 34 15 37 13 31 33 29 0 24 5 
39 20 33 5 15 10 32 29 35 18 16 19 25 0 
30 16 33 26 3 0 21 5 32 14 12 11 23 22 
1 32 3 18 35 16 20 14 7 0 15 27 25 10 
21 22 34 26 30 1 9 36 38 0 12 29 2 18 
13 0 29 15 37 21 6 32 5 11 31 16 9 20 
0 36 24 33 8 29 10 34 9 16 14 38 11 39 
11 25 4 26 3 14 0 32 27 38 16 15 17 35 
38 33 3 14 37 0 34 10 24 17 31 7 32 13 
39 18 0 33 11 2 29 38 19 7 32 5 15 24 
8 5 0 15 13 2 36 31 16 14 32 19 24 1 
3 11 39 0 17 34 4 7 26 25 38 9 22 8 
38 4 0 34 11 20 27 36 6 10 21 18 14 2 
9 25 2 21 37 35 36 10 12 0 24 20 1 18 
1 12 31 10 35 0 15 26 20 32 8 4 33 39 
0 32 23 5 34 22 2 30 6 3 13 11 26 20 
15 22 29 2 4 36 19 38 13 3 14 0 10 37 
22 18 13 20 1 12 26 24 27 29 0 31 33 17 
36 20 13 1 33 24 28 15 7 9 0 26 25 4 
27 32 19 28 37 1 16 3 0 10 6 21 11 7 
1 14 16 10 37 0 36 39 25 3 22 30 23 5 
25 29 2 19 23 0 21 31 13 27 24 33 3 34 
23 31 38 33 9 19 29 2 17 20 21 26 0 13 
3 6 31 38 0 36 20 8 5 30 12 16 1 7 
5 13 38 20 2 28 22 7 35 3 32 39 23 0 
28 36 22 23 12 1 0 21 6 15 14 7 39 26 
36 28 25 21 33 11 34 27 3 35 10 16 0 9 
23 36 13 33 1 15 26 0 22 20 37 31 27 25 
7 15 2 0 8 17 30 31 33 12 19 16 24 1 
2 19 24 12 33 35 34 0 20 21 39 5 27 4 
24 31 37 38 35 39 7 14 18 0 26 2 28 4 
25 0 2 23 31 30 11 39 37 13 35 29 16 28 
12 5 30 32 23 2 17 0 34 22 28 7 33 27 
7 32 31 17 15 11 38 20 0 21 1 30 23 29 
26 15 8 16 0 1 6 17 13 23 25 10 14 32 
38 23 39 22 6 18 2 15 3 25 16 0 26 27 
27 4 39 26 23 28 6 0 35 1 18 38 25 30 
27 38 7 13 18 16 0 15 24 14 19 39 32 21 
25 28 1 36 0 34 29 27 6 35 19 4 26 12 
7 30 9 18 0 2 11 20 3 35 26 6 14 32 
33 36 8 26 0 29 6 37 15 39 2 23 31 16 
4 31 37 38 36 15 26 23 24 13 2 39 18 0 
18 7 19 0 32 12 4 27 24 37 28 36 15 30 
3 23 9 31 27 0 33 35 1 24 29 28 37 25 
36 5 19 8 18 6 21 34 20 22 30 13 2 0 
19 34 27 24 10 29 15 23 35 4 1 0 26 22 
36 30 18 27 29 33 9 37 38 25 7 34 0 32 
4 37 21 1 25 28 20 31 26 29 12 30 11 0 
0 13 35 34 14 3 4 30 6 27 29 21 38 39 
24 39 19 11 18 29 27 9 0 17 15 6 35 23 
5 6 26 23 35 14 33 1 2 17 15 39 13 0 
3 23 18 34 0 7 25 1 27 12 39 32 29 2 
15 0 19 37 18 12 35 32 29 20 7 2 5 22 
7 34 14 0 27 3 20 31 5 36 26 13 22 37 
16 18 32 22 31 36 11 33 19 23 0 38 27 37 
36 1 22 24 5 13 6 20 8 33 16 21 0 3 
33 37 30 0 9 21 17 13 11 24 36 4 35 12 
1 31 30 32 28 23 13 8 16 0 14 33 5 3 
2 20 34 13 32 0 26 12 1 19 22 25 6 16 
23 29 11 5 8 7 35 19 10 0 36 34 26 37 
36 0 21 32 38 3 20 9 31 16 1 29 22 19 
6 16 12 37 18 23 30 17 39 0 21 7 20 26 
24 3 28 36 1 26 15 0 2 22 37 12 13 9 
18 21 14 35 16 8 4 11 13 29 33 1 34 0 
11 37 17 10 4 25 5 33 0 35 32 21 2 30 
16 11 38 36 12 26 5 25 34 23 28 33 0 9 
0 22 36 20 38 32 10 3 29 35 26 17 7 13 
29 6 37 15 4 12 31 28 21 32 17 0 13 39 
1 13 9 12 34 37 7 24 21 35 28 0 4 23 
8 19 15 28 11 5 32 26 20 18 13 0 7 31 
28 3 21 9 15 23 11 36 38 0 10 27 6 35 
27 20 37 13 21 0 36 10 23 12 29 28 33 11 
20 17 0 29 23 3 18 4 26 11 1 13 19 27 
11 8 12 10 15 39 22 0 21 3 14 26 19 27 
24 38 26 32 39 29 23 16 31 2 6 0 17 9 
2 27 0 3 35 21 32 36 17 22 18 37 29 23 
10 26 22 4 23 8 35 1 11 18 39 0 36 2 
16 23 17 32 15 25 28 0 34 26 36 14 21 30 
14 16 37 0 10 11 23 36 27 8 21 19 7 32 
1 11 24 20 9 0 15 18 5 26 33 25 14 2 
3 19 14 36 2 31 13 0 12 33 4 34 21 39 
20 36 5 25 16 17 34 26 32 38 0 4 24 18 
22 32 9 36 12 30 38 37 27 29 5 4 33 0 
25 21 2 35 0 32 30 10 6 20 4 29 33 3 
20 24 9 31 1 4 30 7 23 15 18 11 26 0 
21 7 36 0 28 15 32 27 25 9 14 5 24 2 
14 21 0 29 11 4 26 38 24 17 23 12 30 8 
37 3 0 6 12 7 11 4 34 10 28 20 38 1 
33 0 29 36 27 12 13 4 6 9 32 20 30 8 
34 4 30 21 3 0 2 33 17 8 7 22 19 36 
8 7 21 18 28 30 24 37 15 34 17 0 16 6 
13 37 26 23 12 25 29 18 20 15 33 2 19 0 
10 17 30 27 35 0 4 13 20 19 21 12 6 14 
35 2 24 36 15 0 31 27 11 32 23 5 29 37 
7 8 0 9 32 15 33 17 3 2 5 11 13 19 
7 26 22 37 8 27 11 17 6 14 28 16 0 32 
13 5 7 3 6 21 18 0 2 11 30 15 4 19 
8 35 21 9 37 19 5 39 13 0 25 12 38 18 
37 2 6 32 22 25 18 3 0 34 23 10 30 17 
7 16 37 25 0 23 6 39 2 15 9 34 13 36 
25 6 16 14 37 0 8 2 35 34 17 21 12 1 
33 5 8 36 15 27 30 24 18 21 20 0 10 38 
24 34 7 13 8 0 12 4 1 17 27 30 37 19 
21 38 19 37 18 20 5 0 28 4 39 10 17 31 
8 39 0 23 32 5 20 29 34 12 21 3 19 6 
0 28 26 10 31 35 30 9 39 4 17 3 37 33 
0 11 15 29 31 27 5 7 13 20 17 37 10 2 
2 9 11 13 8 0 16 1 25 36 39 18 31 22 
26 31 38 1 13 28 17 33 15 0 37 30 10 7 
36 13 6 21 25 19 9 24 20 18 27 30 32 0 
27 28 14 38 11 2 4 12 8 0 6 18 22 31 
14 8 18 11 34 30 9 4 0 39 13 24 25 28 
12 6 32 21 0 3 31 9 8 25 11 1 30 19 
26 1 12 8 0 5 16 21 29 25 19 30 18 36 
27 9 38 23 21 28 15 32 29 0 14 30 36 3 
10 26 25 34 21 33 0 9 37 7 6 1 35 22 
27 1 23 0 30 6 8 7 33 25 36 38 21 12 
25 16 23 37 21 12 0 33 28 3 13 27 9 29 
20 13 30 28 10 0 22 32 19 1 17 18 35 2 
2 39 37 4 19 36 0 27 35 23 13 7 1 33 
30 20 12 33 21 9 14 36 13 2 25 18 6 0 
31 3 17 26 0 1 11 36 8 14 21 34 33 25 
10 17 28 33 15 19 34 2 26 0 1 25 11 38 
22 17 9 14 35 4 0 12 5 1 18 7 20 26 
11 2 33 17 39 8 0 14 9 1 32 36 29 19 
13 28 0 22 35 24 12 37 1 27 9 23 31 33 
14 29 37 36 25 17 6 33 21 27 26 0 2 1 
14 1 15 34 19 0 37 4 28 39 21 11 33 17 
23 0 31 17 3 2 13 27 29 32 16 26 25 28 
0 23 6 36 33 10 38 27 29 9 11 35 16 1 
17 4 24 12 15 19 10 0 31 7 23 16 35 32 
15 23 2 6 3 24 0 16 33 4 30 14 19 27 
24 5 35 14 0 3 38 31 7 25 18 29 15 36 
12 31 14 34 37 35 3 13 10 25 11 38 16 0 
31 7 26 17 21 27 10 24 0 33 13 16 6 38 
28 23 26 35 2 27 3 25 39 0 30 21 16 10 
26 24 17 5 0 9 20 3 33 10 36 1 31 6 
38 25 4 1 23 9 27 37 39 36 13 24 0 2 
35 13 23 0 12 32 26 38 14 29 39 30 8 37 
26 39 33 5 19 28 17 35 0 6 23 2 21 13 
21 4 15 30 1 0 13 6 14 28 17 10 29 31 
14 13 33 1 8 17 12 38 6 11 7 4 34 0 
39 25 36 0 1 28 27 9 32 16 33 24 29 5 
28 5 8 25 18 35 10 0 24 36 22 34 21 39 
22 0 6 29 24 34 20 37 11 9 2 16 1 36 
14 31 3 36 39 0 10 18 25 35 26 30 15 23 
1 15 34 11 6 7 9 38 16 30 10 36 0 32 
9 27 6 0 34 23 32 7 30 38 15 31 11 25 
11 0 4 2 32 13 7 6 1 17 10 9 5 24 
18 6 34 10 15 0 16 1 33 20 19 11 14 5 
27 0 6 2 36 25 39 26 34 9 3 38 21 1 
13 21 17 11 35 29 23 37 0 38 22 33 26 32 
4 17 12 36 31 10 25 7 20 0 11 19 6 30 
8 24 17 38 14 5 9 3 33 10 31 0 13 1 
3 4 7 14 1 35 39 32 13 19 26 10 0 27 
12 5 21 33 37 36 27 24 30 0 16 34 4 26 
17 2 20 3 32 0 26 37 16 27 13 35 14 11 
29 26 33 10 16 2 7 25 1 14 19 0 34 8 
36 2 33 39 1 12 17 9 8 38 22 0 24 31 
21 39 33 9 37 28 18 2 12 4 0 30 35 8 
34 19 37 0 23 14 20 15 24 11 9 18 33 29 
8 21 4 30 0 6 16 20 24 17 31 29 27 5 
26 4 19 37 39 0 28 35 12 10 16 31 24 15 
38 23 26 39 37 0 30 31 33 7 11 28 25 18 
0 24 37 17 30 39 20 25 36 2 31 8 22 23 
28 18 25 0 35 29 22 24 19 26 37 34 5 6 
10 35 24 0 16 37 39 2 18 32 9 26 31 36 
4 17 28 27 18 29 26 0 12 24 16 7 8 31 
3 38 21 20 2 32 35 0 31 5 4 39 12 14 
37 15 14 22 18 6 24 29 0 34 38 32 39 8 
16 5 11 30 0 29 18 28 34 9 13 21 1 8 
10 27 5 22 6 32 33 24 7 36 21 0 15 3 
20 19 9 30 37 26 0 23 15 22 4 39 2 3 
30 0 8 2 31 16 4 14 35 27 25 28 17 3 
2 36 21 20 10 17 16 3 23 0 4 9 11 15 
15 30 35 39 14 10 23 17 0 26 33 37 3 16 
2 9 8 26 12 28 36 32 15 3 23 5 0 19 
20 39 3 34 37 33 26 0 30 22 7 16 27 35 
21 7 12 37 39 33 14 0 16 38 24 1 35 20 
38 0 34 13 26 21 29 23 10 31 15 11 7 25 
28 1 36 34 0 5 26 39 2 22 23 14 8 30 
18 21 37 2 14 1 4 0 22 8 12 35 28 19 
25 3 29 13 11 1 0 8 6 4 38 34 32 2 
17 25 11 15 33 4 0 5 13 37 19 20 12 7 
9 35 14 31 29 5 39 24 30 1 15 8 0 18 
0 12 19 6 2 1 25 29 35 36 34 21 11 30 
34 7 11 0 30 28 23 14 26 33 27 16 35 25 
18 33 2 23 10 26 28 34 24 0 6 29 17 27 
0 30 4 37 9 39 22 38 16 8 28 3 29 24 
7 38 0 1 5 11 36 33 2 28 26 18 31 24 
18 36 28 22 10 0 39 29 16 27 2 33 3 35 
28 14 22 12 26 27 6 13 19 35 23 31 3 0 
24 7 39 3 21 14 0 33 35 32 12 5 23 2 
29 33 10 0 38 8 25 31 18 12 2 4 27 23 
14 26 17 31 29 10 21 0 25 8 13 39 11 5 
13 16 37 23 35 39 25 12 27 0 21 22 8 10 
12 10 29 16 32 21 7 0 27 5 38 36 35 14 
25 11 1 24 38 39 19 33 2 27 7 34 0 23 
16 13 17 30 25 0 35 5 38 27 9 32 2 14 
10 22 14 3 4 23 37 0 9 35 2 8 12 25 
14 24 4 17 13 16 34 35 21 39 32 25 28 0 
17 3 23 0 32 18 22 6 31 15 19 11 1 30 
2 30 14 37 1 35 4 9 38 5 26 0 36 33 
8 5 20 30 3 31 29 39 28 12 37 26 9 0 
4 33 20 0 9 11 2 13 28 35 6 19 17 36 
19 0 10 25 30 33 4 29 14 6 17 2 31 12 
29 0 31 32 18 2 23 20 17 26 22 37 35 30 
32 11 22 38 27 17 39 6 37 29 3 0 21 26 
13 21 36 19 11 33 0 26 27 15 37 6 22 23 
21 22 23 32 31 11 8 34 35 2 5 0 27 36 
0 4 30 17 35 25 3 10 8 31 37 11 39 1 
25 17 38 4 7 2 18 12 14 1 0 8 29 13 
37 10 1 32 7 8 28 20 3 0 4 13 14 35 
19 22 10 29 12 23 20 30 7 26 0 6 11 27 
0 22 31 12 21 10 30 1 11 23 33 35 9 16 
21 20 13 30 11 29 3 10 0 8 12 16 35 27 
14 15 0 38 18 7 12 34 16 21 19 24 20 5 
24 2 0 17 19 32 12 27 8 25 4 34 33 18 
19 2 4 20 11 14 36 37 34 3 10 0 28 1 
1 28 5 26 16 36 0 13 9 33 6 38 29 34 
37 6 10 15 28 2 26 19 13 16 36 33 0 5 
23 39 1 26 30 29 2 19 25 5 37 34 0 11 
9 21 14 0 11 16 20 13 10 34 39 26 35 15 
28 34 25 0 1 12 23 15 26 33 30 27 16 18 
0 38 37 33 36 7 18 16 39 9 6 10 23 21 
14 11 13 16 33 18 15 24 22 8 0 29 10 26 
25 2 8 30 4 37 33 11 24 28 23 18 26 0 
10 3 37 7 27 0 33 4 9 19 26 13 5 24 
1 7 36 22 0 39 5 19 23 30 29 32 26 6 
30 39 7 38 9 32 0 5 33 22 10 31 4 14 
0 17 7 13 12 34 16 33 18 36 27 28 35 38 
28 25 2 34 23 10 27 0 39 13 4 22 38 24 
25 35 22 20 24 6 11 26 0 32 18 21 31 14 
38 6 4 26 33 9 21 7 23 0 30 13 18 10 
29 0 11 2 31 17 4 39 34 30 35 32 19 28 
27 38 10 0 8 7 35 31 9 39 3 24 2 33 
16 13 22 25 14 24 32 36 34 38 0 8 33 30 
26 0 27 5 10 14 24 30 39 6 2 7 22 11 
4 8 18 27 5 0 2 33 26 21 7 6 15 31 
33 21 12 24 18 32 2 22 1 14 17 27 0 20 
25 10 8 20 11 28 31 21 0 14 32 1 19 34 
36 2 29 12 14 17 1 4 37 22 0 33 7 9 
28 14 34 29 16 2 4 27 6 9 24 36 0 25 
38 24 34 8 16 37 0 9 18 20 19 10 17 14 
21 23 31 0 12 27 14 28 18 32 9 1 8 19 
32 23 19 13 6 36 15 0 11 35 21 16 33 37 
10 5 9 0 1 22 12 19 29 36 32 17 18 39 
25 24 1 35 14 36 2 30 34 8 0 26 23 3 
20 34 2 25 0 28 3 33 19 36 4 6 38 31 
20 30 24 31 34 22 11 18 23 21 6 0 37 36 
25 1 30 31 37 12 35 33 22 8 18 0 28 15 
28 19 0 2 10 14 39 23 34 25 6 13 31 8 
19 33 22 4 12 8 5 15 11 24 28 32 0 36 
32 25 21 12 15 31 36 23 9 14 18 39 0 34 
8 19 30 1 0 12 10 4 36 24 3 9 18 21 
9 12 38 7 23 14 24 32 33 11 1 36 0 25 
0 27 30 10 31 16 6 29 39 7 24 26 20 3 
25 33 2 26 34 8 1 27 17 12 0 31 19 36 
25 37 0 1 14 36 33 15 8 18 22 19 13 5 
16 14 39 2 38 5 36 23 9 20 0 34 37 26 
30 9 28 15 23 11 14 0 37 16 5 6 8 34 
9 14 38 0 1 27 17 30 4 33 5 32 34 24 
28 21 2 39 34 38 6 16 7 13 19 0 25 30 
17 7 28 3 23 34 35 33 16 20 24 0 32 36 
35 13 24 20 9 5 36 2 23 28 34 25 11 0 
34 25 29 31 16 5 0 28 4 33 14 2 13 22 
31 0 6 18 29 7 33 9 32 34 1 37 14 22 
27 35 16 5 25 17 6 21 34 4 0 29 8 11 
16 0 10 31 3 29 6 21 19 22 8 32 35 39 
20 23 4 36 33 3 39 34 22 0 25 18 12 8 
36 0 15 18 13 11 31 25 32 4 29 27 9 16 
36 11 8 34 32 20 39 28 18 35 13 33 27 0 
33 3 39 7 38 36 35 25 2 5 26 0 22 34 
0 31 5 30 12 2 6 19 39 10 23 18 29 27 
33 0 37 19 6 1 20 30 21 7 24 12 31 27 
3 25 24 28 30 23 26 38 2 32 27 0 20 29 
26 22 38 29 23 11 0 34 25 5 14 7 3 30 
6 14 13 36 19 27 28 29 0 8 5 37 15 1 
0 39 32 15 37 6 30 12 27 18 5 13 38 3 
35 20 9 18 34 0 1 10 14 36 22 38 29 2 
18 3 5 23 0 10 37 19 7 15 29 1 27 28 
8 38 19 17 9 30 22 25 36 1 0 14 27 11 
32 15 22 25 7 1 26 6 34 8 38 12 33 0 
18 33 23 25 37 39 35 38 21 26 0 30 14 24 
22 0 25 31 13 15 5 39 14 23 18 3 28 21 
17 24 12 0 16 25 9 22 34 23 18 29 33 7 
36 20 34 1 0 27 5 28 3 2 38 32 22 24 
9 0 11 32 3 37 22 29 2 19 38 28 24 8 
26 12 15 18 33 29 9 22 25 16 14 13 23 0 
20 21 36 15 16 17 28 38 37 23 24 27 26 0 
30 36 27 6 4 37 20 0 14 22 31 28 39 24 
10 19 24 33 0 35 38 29 37 30 27 20 14 7 
21 0 36 13 27 32 15 34 12 38 28 26 19 3 
35 32 34 14 25 8 36 0 12 28 6 19 30 27 
31 0 2 11 21 25 26 33 7 19 14 3 13 28 
36 12 33 15 3 26 14 32 35 0 21 4 31 5 
8 9 0 17 36 18 1 32 21 3 22 37 30 28 
38 23 17 29 33 34 39 32 30 22 36 18 25 0 
7 36 31 23 19 0 28 30 22 25 1 15 24 8 
28 19 18 17 20 0 25 29 3 33 27 16 14 11 
28 17 7 21 5 34 18 0 29 20 37 8 39 2 
35 22 7 23 29 31 2 5 25 15 34 0 24 1 
35 28 0 26 25 32 1 9 5 20 37 29 11 38 
10 16 28 37 27 3 35 22 18 15 36 0 17 8 
30 27 13 12 1 29 11 21 10 4 33 0 38 5 
37 5 13 8 34 6 35 29 4 0 23 2 12 33 
26 8 5 37 19 31 25 18 20 36 0 9 38 21 
34 8 14 28 38 29 30 10 21 35 19 0 39 25 
18 9 7 1 34 30 0 19 15 27 28 39 11 4 
20 24 0 32 23 29 39 9 3 31 8 35 28 30 
30 38 36 14 5 35 28 29 6 0 9 12 20 24 
4 14 31 6 39 9 27 28 26 8 0 37 5 33 
26 29 33 31 13 28 8 6 18 34 20 0 35 22 
32 13 29 25 15 4 23 14 8 37 33 12 0 30 
1 27 2 0 24 26 34 9 17 28 37 39 20 10 
2 10 34 8 17 12 22 0 1 20 37 28 29 23 
35 28 38 4 14 17 23 0 8 30 3 36 13 34 
5 13 7 31 32 6 11 14 3 23 36 0 37 21 
26 8 2 22 4 6 12 16 32 0 15 33 30 5 
0 2 24 13 38 6 5 31 20 33 16 15 37 35 
39 2 27 0 33 36 37 29 9 38 16 24 20 5 
27 0 35 1 24 32 20 9 11 38 39 26 18 31 
13 7 31 11 37 21 39 8 29 12 24 17 4 0 
39 6 9 2 20 27 25 32 12 0 16 14 10 22 
37 10 5 23 0 32 28 19 1 18 20 11 31 2 
1 30 6 9 0 37 23 10 16 25 14 39 18 36 
21 36 7 33 8 31 1 25 0 15 20 34 28 12 
24 23 11 0 20 18 36 39 2 7 34 14 25 6 
7 36 25 4 18 0 14 37 30 21 38 8 9 29 
36 5 30 27 8 37 0 22 15 1 11 18 14 33 
4 18 23 2 1 17 34 35 13 27 9 21 31 0 
25 1 35 12 34 31 37 20 32 30 6 27 0 13 
11 0 27 14 18 10 25 39 2 34 1 36 30 3 
32 28 38 17 33 25 16 34 0 30 36 9 26 27 
32 29 0 39 4 28 26 8 23 18 20 13 16 24 
17 8 13 36 39 33 30 1 6 27 0 38 24 23 
10 24 13 20 4 35 7 9 11 0 31 15 19 30 
21 31 29 2 28 15 34 20 0 17 9 14 11 23 
38 14 34 1 10 11 9 36 0 26 32 31 18 6 
22 14 35 29 10 36 17 1 4 27 6 26 18 0 
35 24 3 21 11 9 29 20 23 33 19 0 1 27 
35 15 34 18 0 7 32 12 26 30 36 13 9 27 
7 30 0 29 38 16 28 23 13 33 2 26 8 36 
5 0 20 35 12 22 36 25 14 24 6 18 16 2 
1 26 17 2 8 33 0 31 4 7 35 37 11 20 
21 5 0 34 4 14 13 10 33 12 17 8 37 6 
38 9 24 25 11 0 4 30 23 15 36 29 34 16 
27 0 34 31 30 22 16 20 32 38 18 10 39 36 
18 39 0 7 4 1 9 30 10 5 2 35 26 22 
24 31 6 9 34 21 27 3 32 0 15 16 19 22 
17 39 3 23 21 0 6 9 36 34 19 32 35 33 
13 35 33 0 29 25 23 34 37 14 31 32 7 8 
14 22 18 27 10 16 37 6 13 29 24 0 15 1 
36 26 5 24 18 31 11 0 20 27 6 28 10 21 
15 0 8 2 37 6 11 22 26 28 17 9 3 13 
31 33 21 28 32 9 34 36 17 27 30 5 0 1 
30 8 9 16 27 35 4 24 32 36 10 20 6 0 
4 34 38 36 12 0 28 19 29 14 8 11 21 6 
37 25 27 12 16 23 9 0 5 32 36 33 2 26 
21 20 34 38 37 32 27 30 28 29 9 35 0 7 
0 26 14 6 39 30 13 37 29 36 4 24 17 7 
14 35 10 2 31 0 21 30 26 3 38 24 37 8 
12 22 6 8 27 0 25 29 20 15 16 32 11 31 
22 9 34 0 2 16 24 4 8 7 11 17 39 21 
9 5 8 11 35 1 15 20 0 38 23 28 29 25 
3 13 10 22 31 21 19 0 6 29 38 33 17 8 
0 23 29 31 1 10 19 8 16 21 33 26 27 35 
10 37 8 14 7 12 11 33 28 20 0 29 35 26 
0 14 8 21 13 12 16 1 22 18 35 2 9 38 
31 26 8 29 36 34 25 12 16 0 35 17 39 37 
10 34 35 21 36 19 8 27 14 2 37 5 16 0 
1 10 13 34 14 26 11 19 4 35 0 6 22 29 
26 9 37 27 33 3 17 12 19 21 32 5 7 0 
16 30 5 34 1 9 4 33 7 0 29 19 14 22 
39 14 25 18 0 9 4 32 34 7 10 30 6 36 
18 0 32 12 7 28 24 11 35 36 16 37 10 2 
19 7 12 2 31 0 38 25 6 32 1 5 39 24 
30 14 15 25 4 21 2 31 0 23 17 33 16 28 
28 33 35 19 13 24 3 0 15 7 10 34 23 38 
12 19 26 36 2 0 10 8 28 9 3 18 16 22 
26 15 6 13 1 9 17 32 14 30 37 16 0 22 
20 6 10 2 33 0 30 14 15 7 39 26 8 13 
7 18 2 5 31 0 1 12 19 11 22 21 4 14 
24 0 16 3 35 15 8 33 31 19 26 21 18 32 
9 21 3 31 17 23 25 29 15 6 0 30 10 7 
21 39 24 35 37 14 3 33 7 9 16 25 12 0 
14 2 8 22 38 4 20 21 27 19 31 34 32 0 
39 2 7 4 29 0 5 12 9 36 38 33 21 1 
28 20 33 0 16 14 30 11 2 3 34 7 26 37 
28 25 0 21 2 5 33 24 12 39 37 23 20 17 
23 38 3 6 21 31 9 16 28 1 0 20 26 25 
1 32 18 17 4 30 23 0 12 28 33 8 31 6 
22 5 39 29 27 24 31 1 21 34 0 2 10 12 
23 33 0 38 30 9 28 3 27 13 17 31 34 15 
20 16 35 0 33 2 24 28 29 8 30 18 1 14 
9 31 21 13 20 37 0 22 39 38 32 35 6 8 
22 32 3 5 30 35 29 28 25 0 21 34 11 23 
20 24 38 7 37 11 4 16 0 33 36 34 2 6 
19 26 28 29 18 20 6 0 30 10 25 34 24 22 
0 37 6 12 23 33 2 26 10 9 3 25 18 13 
25 31 3 14 21 27 34 36 9 13 0 8 11 23 
21 15 28 5 7 34 27 12 0 24 37 25 29 14 
8 37 39 12 19 22 7 14 15 33 9 36 29 0 
31 19 15 1 4 0 39 28 2 7 29 30 27 25 
19 18 13 31 22 0 1 11 34 17 37 5 30 9 
11 14 0 30 20 34 18 35 22 26 15 28 31 1 
38 30 33 37 35 27 0 24 10 23 4 17 13 7 
18 26 12 31 17 29 0 34 37 24 14 1 11 30 
37 22 1 16 32 18 35 21 23 27 0 26 11 20 
13 26 29 17 4 27 28 35 1 31 0 14 25 36 
20 3 22 18 9 34 7 6 35 29 14 27 0 31 
39 11 13 0 38 7 16 12 35 25 32 36 37 14 
24 19 38 10 36 0 32 22 12 11 30 15 1 17 
19 16 32 8 27 24 36 0 25 1 35 33 7 2 
21 29 15 8 13 35 14 33 10 0 7 4 3 31 
36 27 28 29 34 12 9 3 20 39 10 18 0 7 
9 38 23 26 4 29 14 39 18 0 6 30 35 2 
18 16 28 14 7 0 37 1 24 29 25 38 8 3 
3 11 23 5 22 0 14 1 33 17 39 9 13 28 
12 29 0 6 20 16 28 26 23 32 1 5 8 2 
20 32 12 21 10 25 17 8 24 34 7 11 0 27 
27 7 22 29 26 9 14 15 33 39 0 4 21 8 
19 1 5 22 6 0 16 10 32 4 29 8 2 17 
29 13 5 21 9 8 7 25 27 24 26 0 32 4 
25 13 36 39 21 10 0 35 4 38 1 6 2 29 
15 33 28 2 39 35 4 1 34 12 36 0 9 23 
11 3 39 37 1 15 6 29 19 31 10 0 20 7 
6 25 21 18 31 23 12 34 0 37 29 3 13 1 
28 19 18 33 26 16 7 0 15 9 35 32 17 39 
24 16 14 21 22 10 30 6 0 1 34 28 7 33 
18 34 25 6 24 20 11 39 0 9 32 21 26 2 
10 38 22 33 27 37 6 26 0 16 23 15 28 36 
12 32 39 28 31 23 24 14 25 33 7 3 0 38 
25 7 8 15 23 18 2 17 24 37 0 33 35 36 
4 20 15 0 25 18 35 12 38 1 26 13 19 8 
30 23 37 16 25 14 0 9 27 5 39 36 12 11 
39 37 0 31 33 10 32 30 2 38 7 24 28 4 
34 39 14 1 26 32 22 18 7 33 0 5 4 13 
1 23 13 14 5 33 7 0 39 30 35 3 15 25 
26 8 2 35 33 0 22 17 23 7 31 20 29 36 
8 30 38 6 18 27 39 22 12 33 0 7 32 25 
13 0 32 35 14 18 31 34 19 1 29 5 16 20 
18 24 0 36 33 5 1 2 10 13 26 22 28 12 
20 0 11 18 26 14 34 21 32 16 4 17 37 35 
22 25 26 36 17 16 31 30 4 39 23 10 24 0 
11 20 12 4 34 0 35 22 28 24 33 15 21 8 
36 4 2 24 26 14 39 5 9 3 0 16 18 34 
37 33 7 16 23 0 10 14 25 18 39 1 30 15 
12 10 1 23 38 22 27 36 39 35 16 6 33 0 
32 11 0 24 6 23 5 10 21 19 27 38 30 15 
12 20 33 0 11 6 37 15 39 13 10 25 16 34 
38 15 7 11 17 6 30 22 19 9 37 12 0 21 
38 4 16 0 3 11 12 6 17 27 31 32 20 34 
27 0 4 28 7 39 31 5 17 16 11 33 15 37 
15 1 13 35 7 31 0 27 26 36 28 38 34 24 
6 13 18 29 2 16 21 8 36 33 30 0 4 1 
25 12 35 20 32 17 19 0 21 29 39 11 16 1 
10 36 15 3 27 34 25 21 0 14 26 1 2 12 
6 20 14 2 26 9 21 27 30 0 37 31 8 39 
0 15 18 1 36 25 7 26 9 16 20 11 38 14 
24 13 28 29 27 4 38 21 26 10 36 32 3 0 
25 7 0 28 18 23 10 29 3 9 24 31 6 32 
0 18 2 8 14 15 32 36 3 27 16 4 10 13 
38 0 33 6 18 4 24 30 5 3 29 31 39 15 
7 33 19 23 11 34 0 6 18 27 12 24 22 25 
5 16 30 7 28 0 23 13 14 32 1 25 18 31 
10 0 9 3 29 19 6 12 4 15 30 1 39 33 
3 29 21 9 16 0 24 8 18 11 14 19 34 26 
0 9 39 25 24 27 5 14 30 38 31 11 16 8 
24 33 10 18 14 8 16 38 28 26 12 7 3 0 
9 33 6 11 2 4 24 20 35 0 37 8 36 14 
37 31 21 5 15 0 36 29 8 18 20 7 23 34 
33 30 1 5 7 28 18 20 0 31 34 11 21 27 
38 0 33 7 8 2 16 9 10 5 36 21 34 29 
16 24 32 12 25 38 3 39 14 31 26 5 0 11 
31 8 4 38 0 22 26 17 25 39 29 35 5 15 
28 1 5 37 22 39 23 36 10 25 9 13 0 17 
8 0 2 17 24 37 15 28 12 5 29 4 31 6 
19 34 1 24 30 12 4 31 13 18 35 15 5 0 
14 0 11 28 17 8 34 6 30 15 35 1 9 33 
32 13 0 33 38 28 14 15 8 18 6 34 17 19 
0 27 32 17 20 37 29 10 15 14 3 34 26 16 
30 6 12 15 26 13 10 0 3 29 32 5 1 37 
0 20 10 36 26 14 21 1 32 15 29 3 28 8 
32 33 37 7 8 4 26 22 15 20 28 11 29 0 
0 33 5 17 35 10 22 2 37 38 28 16 34 21 
39 1 0 30 4 34 17 36 23 38 35 25 26 33 
22 2 20 36 30 25 8 0 15 13 1 38 34 24 
23 0 28 2 26 30 3 33 7 35 4 18 32 12 
23 10 33 38 27 3 20 37 39 21 0 18 32 35 
16 19 4 36 32 25 11 14 34 22 27 5 29 0 
20 39 15 17 31 32 34 33 28 19 14 10 0 21 
0 19 30 7 39 1 10 36 26 4 2 24 38 31 
0 2 26 39 37 10 30 12 18 28 6 29 15 16 
19 32 27 0 14 26 3 1 35 6 2 17 24 8 
9 29 39 8 7 28 1 21 18 11 0 26 10 22 
2 31 9 1 18 4 28 0 14 39 26 36 32 20 
18 24 36 2 23 30 34 16 38 20 0 4 33 12 
34 16 8 0 23 32 17 4 5 13 2 33 38 27 
35 21 29 13 0 32 11 19 34 16 25 33 37 3 
5 29 27 38 10 15 24 3 35 6 0 9 22 23 
5 0 23 13 20 33 31 26 24 32 22 3 10 9 
29 16 15 9 30 17 33 7 28 4 5 13 0 14 
22 29 7 16 0 32 10 25 3 31 35 24 33 4 
17 16 34 2 11 8 32 5 10 23 18 0 31 9 
24 32 2 5 7 39 35 0 25 11 26 29 14 22 
32 8 26 0 20 7 11 2 16 28 15 35 14 18 
10 2 30 9 25 35 24 27 20 0 6 7 36 37 
32 14 0 17 30 8 33 2 26 4 31 39 20 13 
35 38 19 30 2 21 22 15 29 37 10 1 13 0 
12 15 3 5 19 1 18 0 39 10 30 33 36 26 
32 39 27 1 12 21 22 31 20 11 24 26 25 0 
23 36 19 37 29 30 38 18 0 26 28 21 31 24 
27 5 23 12 19 29 11 6 0 18 24 1 33 38 
31 4 17 26 21 23 7 14 22 13 36 0 9 18 
31 0 34 38 27 12 22 29 26 4 37 1 16 9 
10 13 16 18 37 33 8 22 15 34 7 29 36 0 
20 4 13 18 29 22 39 38 11 2 0 14 25 6 
26 32 36 21 7 4 12 2 27 0 29 38 16 3 
1 32 9 39 8 36 21 30 20 2 28 17 3 0 
35 16 34 3 2 5 4 17 30 38 0 21 25 9 
25 27 23 0 38 10 35 31 6 4 9 14 3 21 
13 18 14 34 0 5 35 17 21 12 28 8 9 15 
20 25 26 0 36 23 6 5 2 15 19 27 12 9 
0 25 23 2 13 37 5 26 12 24 6 34 35 11 
37 34 35 26 28 7 0 29 17 38 31 16 32 24 
2 4 37 1 3 14 18 0 5 7 6 33 21 30 
2 14 10 28 15 32 29 38 22 19 4 0 9 36 
8 28 25 18 0 4 37 21 31 39 36 3 30 2 
0 12 4 18 7 5 15 32 34 26 23 2 11 31 
19 0 7 6 15 32 29 14 31 3 36 10 17 8 
23 30 28 18 4 0 10 36 31 26 25 11 22 1 
21 11 38 30 6 29 39 17 10 0 15 9 35 19 
13 0 31 28 39 20 21 18 9 33 37 26 8 22 
35 16 30 0 24 22 17 39 34 5 11 8 32 12 
10 2 16 18 12 8 24 30 21 11 35 3 7 0 
7 32 0 22 26 27 16 3 37 33 20 38 31 6 
29 15 3 13 30 27 7 14 12 1 0 37 6 26 
7 14 8 11 36 32 0 2 33 23 10 31 26 5 
5 6 14 34 38 8 17 23 30 21 25 28 0 33 
25 39 13 23 17 4 36 37 31 14 0 27 20 28 
4 18 7 30 31 19 32 38 16 20 0 10 26 24 
20 12 26 36 0 7 31 14 10 23 37 6 3 18 
38 39 3 0 15 33 26 22 8 12 32 35 18 11 
14 21 13 39 0 18 6 38 33 16 27 31 4 29 
15 23 16 0 31 28 10 2 24 11 34 5 3 17 
17 20 38 4 5 3 24 23 2 0 18 31 28 11 
2 31 21 13 33 5 36 0 20 27 16 10 15 4 
35 0 34 6 22 30 36 38 23 20 24 14 8 5 
