9 30 14 26 31 11 39 29 20 42 13 25 37 6 
49 22 8 44 5 19 12 27 45 15 43 10 14 38 
22 30 44 29 8 11 25 14 7 38 9 5 15 45 
24 8 38 14 48 12 19 32 20 35 39 49 18 42 
46 29 25 32 47 9 49 21 18 30 13 22 31 4 
41 42 32 5 17 36 29 6 26 33 40 21 20 45 
4 44 22 36 21 42 18 12 13 40 30 6 5 17 
24 21 9 26 41 15 10 5 45 30 43 7 31 35 
28 2 46 12 15 5 14 43 26 39 49 0 32 10 
45 18 37 29 16 40 12 3 24 9 30 39 10 34 
28 20 1 42 13 10 32 2 41 19 21 34 39 43 
21 31 22 19 47 26 38 37 33 30 16 49 27 9 
21 40 31 36 15 1 4 19 44 38 14 24 30 33 
3 16 17 32 25 27 7 33 34 2 13 19 10 9 
42 17 5 26 15 34 20 3 25 16 37 1 22 30 
4 16 2 47 35 8 39 25 5 15 6 40 18 24 
29 20 35 11 44 18 24 27 21 26 15 5 19 17 
43 33 3 4 41 0 19 14 27 26 18 44 13 34 
40 4 47 5 17 33 1 48 16 42 0 45 30 38 
40 26 3 4 0 41 12 15 30 6 37 31 33 23 
11 27 12 13 6 4 23 20 10 33 25 19 26 32 
13 41 6 25 48 5 1 33 28 43 32 46 19 31 
18 6 13 37 34 45 10 15 22 47 17 32 30 44 
31 37 34 5 48 7 47 36 46 30 3 0 42 16 
29 27 11 35 42 45 16 33 44 2 40 18 13 49 
20 9 47 34 19 3 6 30 7 48 27 44 17 25 
17 8 0 19 30 12 3 2 15 11 10 16 21 35 
45 31 7 36 42 17 2 34 32 11 44 3 21 40 
32 34 44 33 3 12 31 37 18 8 30 23 42 15 
20 48 26 28 21 38 9 31 4 10 16 18 3 8 
10 8 35 44 40 27 2 25 32 26 49 42 30 12 
20 9 6 24 35 23 42 48 49 2 22 7 21 15 
0 42 40 7 45 33 47 37 39 1 14 34 28 44 
7 17 1 48 10 25 2 36 12 30 45 23 37 22 
30 12 4 3 18 49 11 45 42 47 10 46 15 34 
28 32 29 25 48 47 23 46 33 44 27 39 31 3 
33 15 32 2 42 27 5 0 36 16 17 49 34 12 
24 44 34 48 40 1 38 39 19 42 7 35 32 41 
4 27 9 12 7 30 17 36 29 14 41 11 3 1 
22 48 49 19 27 38 47 46 24 45 36 40 30 2 
0 11 48 46 37 39 40 16 20 2 25 33 19 13 
44 6 24 47 15 9 20 46 27 39 5 41 11 16 
44 12 6 16 26 19 0 36 2 14 27 43 21 49 
8 25 49 20 43 0 16 19 17 1 2 28 14 33 
46 17 2 33 36 42 38 15 37 44 47 35 48 12 
11 32 9 3 36 27 45 34 35 5 38 1 12 28 
5 44 2 32 1 25 0 38 13 48 23 15 26 21 
25 30 31 14 46 49 10 6 44 19 24 16 45 3 
31 9 28 29 11 25 39 41 36 43 44 16 2 46 
36 25 29 3 4 19 16 8 40 31 12 43 15 9 
11 27 12 28 23 17 36 31 3 14 18 13 43 33 
41 14 29 1 46 19 2 4 11 33 45 36 26 16 
35 36 13 46 37 33 9 43 49 3 20 6 31 40 
40 8 31 1 32 24 30 39 42 13 22 35 41 7 
45 1 30 48 21 18 39 32 43 4 22 28 26 0 
33 7 20 39 35 45 5 48 36 44 49 26 18 10 
10 0 26 42 2 45 3 30 8 5 15 35 1 17 
45 7 48 17 9 22 27 6 8 42 41 40 16 47 
44 27 45 29 22 26 1 47 46 7 10 6 25 11 
1 14 34 33 42 16 45 28 5 15 44 22 49 26 
18 49 16 30 4 9 42 12 7 35 19 8 15 47 
36 21 3 17 47 40 38 4 24 8 22 23 39 19 
21 41 6 29 45 25 34 11 27 33 20 17 42 44 
26 47 32 10 30 7 38 0 34 19 25 17 33 5 
9 7 25 37 30 13 27 23 36 12 8 49 16 46 
8 30 26 44 43 46 49 14 33 24 16 17 12 9 
31 27 44 48 8 11 20 13 6 49 19 14 41 37 
34 42 30 37 17 44 23 20 41 13 35 21 33 25 
48 17 18 2 25 24 11 20 16 9 35 33 34 44 
27 30 26 38 5 3 40 20 7 8 6 9 11 13 
35 3 32 38 36 14 43 25 17 37 4 47 30 48 
30 17 23 47 3 35 12 18 38 19 39 41 16 1 
25 11 17 30 43 46 18 40 14 12 41 19 0 33 
37 43 29 11 13 10 44 25 19 42 35 49 16 28 
21 22 2 49 9 11 7 43 36 47 38 26 31 6 
17 7 15 28 3 5 13 25 24 31 37 47 44 12 
5 23 41 13 29 21 45 40 26 32 33 6 9 49 
42 31 44 29 39 34 43 45 6 38 25 49 21 30 
41 39 42 13 38 32 27 29 48 37 5 33 45 43 
7 2 4 17 16 14 26 38 32 0 10 13 9 43 
41 31 49 9 15 25 18 47 38 12 30 24 0 28 
43 26 1 24 41 42 17 38 25 14 36 23 48 15 
9 12 3 49 25 11 17 1 30 22 4 41 47 20 
28 1 18 4 33 19 15 44 10 35 17 37 24 0 
44 11 7 0 25 9 39 34 40 13 41 12 20 38 
7 35 24 13 1 18 49 46 32 0 30 8 16 44 
45 20 27 2 17 15 23 9 42 30 14 48 46 10 
5 35 33 23 15 42 16 9 12 29 30 28 41 4 
20 9 8 23 37 4 42 26 12 17 45 31 0 3 
17 16 47 18 5 34 21 10 22 25 46 2 39 37 
38 10 42 47 35 44 7 4 14 31 18 29 30 21 
19 6 20 5 24 4 8 28 47 40 41 13 30 14 
11 39 3 34 2 6 37 26 20 38 10 45 24 13 
17 42 21 14 39 0 35 26 15 49 38 32 19 41 
8 2 15 31 38 36 22 48 27 23 32 43 26 24 
41 45 2 6 48 28 35 5 16 14 24 0 10 22 
20 42 13 2 39 1 3 28 23 47 40 26 29 10 
9 34 21 40 28 11 33 4 26 45 1 14 47 0 
3 25 45 47 35 29 38 44 49 34 36 17 15 31 
14 47 7 2 49 32 10 37 35 13 23 27 5 3 
32 15 35 20 33 47 31 18 25 30 16 48 29 41 
36 9 43 47 31 29 38 11 15 26 32 49 33 25 
29 16 34 17 33 37 39 2 14 45 18 43 46 42 
49 10 8 15 5 9 47 3 2 22 0 23 36 41 
19 14 38 5 28 47 0 23 31 32 9 15 2 7 
3 44 31 23 25 43 15 33 24 0 21 38 4 9 
25 19 14 21 44 24 32 4 11 43 39 37 15 42 
15 20 21 3 31 47 2 13 17 10 30 12 25 8 
15 29 22 19 37 41 44 31 25 42 28 27 18 0 
45 10 9 33 31 18 24 7 37 3 22 49 5 44 
26 15 35 10 45 47 9 37 13 21 49 17 2 42 
30 38 4 27 16 25 31 2 48 42 21 1 24 26 
23 44 19 4 5 1 49 37 33 11 7 22 24 27 
48 5 47 14 18 19 4 42 49 22 37 13 39 28 
0 16 17 5 40 41 6 22 20 12 18 19 26 36 
26 4 3 41 23 9 37 10 44 16 33 19 18 8 
11 34 43 26 12 13 37 29 7 41 30 3 32 39 
33 39 29 49 31 47 7 43 34 15 11 17 35 30 
1 43 7 42 49 8 16 17 28 24 34 10 38 22 
46 49 8 28 15 11 9 32 34 17 13 38 20 23 
14 12 3 30 4 38 40 15 19 49 17 45 48 36 
15 34 46 17 5 12 28 37 4 38 3 49 47 1 
16 36 25 45 2 31 23 21 35 29 18 20 12 11 
15 13 1 19 43 17 24 5 49 2 10 31 37 26 
47 29 43 3 16 34 12 7 19 13 11 24 49 33 
34 31 41 43 32 42 40 49 10 29 18 27 14 30 
25 1 36 3 8 11 49 47 41 4 40 22 14 12 
46 21 34 20 13 14 31 15 25 7 4 26 10 28 
36 11 20 8 17 48 0 39 13 35 46 26 30 19 
18 36 27 12 48 7 16 9 13 3 28 29 32 17 
26 17 20 42 29 8 21 11 24 35 23 12 36 3 
2 30 36 32 1 31 49 38 12 17 18 5 22 46 
0 6 44 41 26 23 14 4 22 40 43 48 33 7 
15 46 1 39 30 41 13 22 9 37 27 2 5 3 
19 26 34 0 45 44 22 41 10 12 5 4 29 43 
32 30 26 10 44 43 49 8 6 41 35 40 36 5 
5 13 35 25 21 24 33 49 32 30 39 44 4 34 
19 39 32 22 2 41 42 49 20 1 0 38 28 29 
22 0 25 39 29 38 37 9 45 34 33 15 20 26 
43 8 23 6 41 49 26 48 33 19 15 0 40 17 
5 1 37 23 30 32 38 2 28 34 22 24 15 17 
27 41 49 2 18 11 25 44 13 3 24 38 40 26 
37 26 1 43 21 4 13 30 20 17 33 18 27 49 
36 31 4 8 10 40 47 29 11 43 38 35 7 33 
17 23 22 39 15 26 6 27 4 45 41 19 7 3 
16 44 46 25 42 35 0 37 17 1 13 34 20 3 
42 47 35 1 9 18 28 40 12 44 20 46 15 29 
27 21 16 38 44 14 7 24 35 48 9 49 22 6 
30 45 4 39 29 5 42 13 9 18 16 19 40 23 
18 13 16 33 22 27 26 49 2 42 23 28 30 5 
43 3 39 24 47 21 2 35 18 5 44 23 48 46 
38 39 7 9 40 20 49 35 14 1 37 32 23 36 
21 25 43 4 33 34 46 35 22 48 20 31 13 24 
19 25 34 27 36 3 17 26 18 23 15 32 43 21 
3 25 38 45 40 5 31 4 10 8 42 20 11 6 
19 18 27 15 36 3 17 12 9 6 23 25 29 1 
42 33 7 16 23 15 3 8 24 40 45 36 29 6 
6 26 12 3 17 44 11 25 5 9 10 28 31 33 
25 34 48 31 18 12 14 28 41 21 30 42 27 36 
28 33 15 3 29 27 38 10 24 25 23 5 49 48 
13 34 49 6 30 41 1 3 19 35 45 21 28 29 
2 48 40 10 34 28 11 46 43 35 6 32 18 33 
45 1 22 9 17 40 7 31 47 23 49 12 21 33 
17 39 47 1 8 20 38 18 46 7 22 37 27 13 
20 7 42 16 48 22 40 19 41 29 0 39 8 38 
5 36 19 20 10 30 12 9 24 16 33 31 34 17 
1 8 49 25 10 20 27 36 22 0 29 7 28 13 
36 28 20 49 18 22 12 44 46 27 30 43 10 41 
15 44 33 10 30 25 36 6 31 34 14 45 37 39 
27 33 2 30 28 45 13 1 44 18 25 8 6 4 
6 7 49 3 35 29 47 25 44 38 37 34 18 16 
7 40 8 45 25 20 15 2 26 33 36 49 35 22 
19 39 45 1 21 11 4 18 5 29 44 7 40 14 
4 40 17 37 36 42 38 46 2 44 47 0 16 10 
22 11 27 23 40 46 16 15 26 37 6 39 3 4 
14 17 42 30 43 32 37 20 22 10 31 13 46 23 
4 13 49 27 36 33 10 30 35 28 44 48 19 41 
34 45 23 49 47 8 42 6 44 10 14 0 37 31 
32 11 22 49 15 10 33 27 34 41 9 4 38 3 
23 4 33 5 1 42 8 49 46 45 9 29 35 12 
15 42 29 5 9 14 43 45 18 23 27 17 13 41 
46 25 7 22 4 40 28 35 41 14 8 42 36 17 
37 43 32 14 25 21 24 2 7 1 46 6 8 41 
0 45 31 36 1 9 37 44 33 32 29 17 47 2 
2 1 35 46 18 39 22 6 43 30 17 31 0 42 
8 7 3 28 21 44 43 2 11 35 26 16 13 14 
40 8 28 21 0 5 29 4 13 47 15 14 35 33 
16 46 7 35 21 44 5 43 23 27 38 14 9 28 
15 21 18 32 34 7 11 13 5 12 23 17 8 46 
44 15 19 2 48 23 39 30 1 9 41 6 26 46 
14 21 28 13 1 18 16 19 49 5 35 6 10 33 
0 5 11 42 1 24 23 44 37 40 10 2 41 25 
31 39 15 10 2 1 4 29 22 24 48 46 3 43 
30 15 38 31 33 24 11 6 12 14 17 22 19 47 
13 19 36 9 12 5 45 2 33 26 39 4 37 16 
12 24 45 44 32 17 16 25 31 39 43 14 1 35 
44 4 9 17 38 10 47 21 1 0 2 11 27 40 
12 23 29 42 35 25 32 39 44 17 24 36 4 38 
43 29 35 28 16 24 32 30 22 14 48 17 23 47 
30 7 8 35 4 20 43 46 45 34 1 18 21 25 
38 12 36 43 9 22 41 6 44 39 33 42 28 14 
35 46 19 24 1 26 32 38 37 30 34 16 3 12 
46 19 30 7 35 13 25 22 3 28 38 32 6 42 
45 15 49 29 8 48 28 11 19 40 12 17 43 24 
28 29 30 2 11 15 35 25 41 19 47 42 39 4 
1 7 38 10 35 9 33 24 13 29 41 19 6 3 
19 11 17 10 32 33 23 26 25 31 36 34 40 45 
6 37 4 14 30 46 26 43 29 40 21 5 22 2 
3 35 8 17 49 40 29 5 22 46 30 9 45 1 
12 17 30 27 49 3 45 24 21 11 1 38 8 37 
17 27 19 45 42 13 10 39 41 7 36 48 18 12 
22 19 36 12 10 31 7 27 41 20 4 3 48 43 
38 21 16 18 14 30 45 47 5 49 13 42 20 3 
15 17 47 20 18 48 21 4 7 38 32 29 16 26 
1 35 4 46 43 48 25 45 5 38 23 47 7 24 
6 12 41 33 30 24 10 46 44 3 11 42 26 47 
37 23 41 35 22 20 24 46 40 31 34 33 8 43 
23 41 6 16 48 24 14 22 37 39 30 33 44 12 
35 48 5 36 12 19 4 9 14 34 45 6 46 31 
16 47 5 7 14 48 12 43 28 6 32 21 13 38 
33 43 36 11 28 16 26 3 42 9 47 19 2 40 
48 33 3 7 17 22 4 35 24 13 15 42 14 2 
13 22 36 31 25 26 1 18 35 28 48 42 19 38 
5 6 47 13 25 36 38 15 14 11 41 17 22 3 
16 43 40 22 28 20 19 48 10 3 47 41 30 31 
22 44 30 13 19 31 49 25 10 0 43 4 29 2 
45 27 22 5 30 46 20 1 35 33 6 18 0 13 
15 23 24 7 36 43 14 18 17 32 44 30 3 27 
7 23 25 37 28 20 32 16 46 47 38 0 12 22 
43 41 18 0 36 14 24 32 22 11 29 26 39 2 
31 9 26 35 6 34 10 12 29 20 23 18 16 3 
5 31 19 4 24 23 40 28 46 16 14 33 12 13 
31 25 34 20 2 13 27 23 26 30 9 7 47 3 
48 13 1 12 34 30 21 47 25 41 31 17 40 44 
13 34 21 27 7 47 38 20 26 41 24 3 1 37 
34 33 15 17 3 40 20 39 27 19 24 45 18 2 
39 19 22 25 5 38 24 34 47 32 8 9 40 12 
5 46 48 13 36 6 41 47 17 33 40 31 12 3 
22 23 8 20 12 11 42 24 27 39 13 16 43 15 
42 29 7 16 44 27 19 31 12 3 28 22 26 46 
3 19 46 43 37 29 40 44 26 32 24 11 18 27 
33 25 44 1 8 27 49 34 6 15 40 48 20 5 
3 9 15 13 34 43 41 11 44 33 22 19 28 25 
17 33 13 29 11 30 18 46 15 40 22 28 3 14 
28 14 45 35 9 33 42 2 0 46 3 1 19 22 
18 30 15 6 20 25 29 48 49 31 17 44 24 34 
19 23 4 20 32 16 22 34 47 14 40 41 15 43 
1 18 9 22 48 24 35 28 36 19 49 16 43 8 
25 40 10 20 44 34 39 35 32 49 31 9 47 37 
6 48 3 10 47 13 23 29 12 21 40 27 32 39 
8 21 22 15 29 5 47 17 7 18 41 27 45 3 
46 25 15 12 28 42 18 14 26 11 2 29 8 22 
42 17 36 1 44 43 16 2 48 6 28 25 21 20 
41 11 17 38 42 28 23 1 8 27 10 47 6 31 
20 7 31 34 38 5 44 11 48 28 22 6 46 39 
24 49 38 7 17 39 21 43 13 29 48 42 26 11 
3 1 17 6 44 33 2 46 39 38 40 10 0 8 
14 45 9 8 38 2 21 10 49 36 41 28 6 13 
18 43 1 42 0 23 4 14 22 19 36 30 41 49 
16 0 7 23 17 43 14 3 12 44 28 29 39 4 
6 37 21 49 4 36 45 26 9 43 5 30 15 17 
19 44 27 26 29 9 16 41 39 18 30 36 31 35 
1 18 46 2 19 37 12 30 39 20 22 15 42 44 
35 38 14 16 18 42 28 24 20 48 25 37 11 23 
31 37 48 41 22 16 27 32 25 6 2 36 24 20 
40 32 8 18 13 46 4 22 38 37 34 28 44 1 
43 0 42 27 11 34 2 39 7 37 31 16 19 33 
15 35 29 2 11 6 21 22 28 23 45 34 33 14 
42 40 11 48 28 47 3 12 6 5 27 22 39 46 
0 5 49 20 12 18 13 29 7 25 33 36 31 6 
3 39 47 1 22 8 43 14 9 33 27 5 25 44 
9 20 34 5 38 35 28 21 49 19 13 27 11 22 
19 42 12 22 9 38 3 26 5 16 44 7 30 1 
15 25 14 45 4 27 6 49 8 42 43 31 20 12 
25 10 32 24 43 17 46 16 48 34 15 3 26 4 
21 24 2 40 22 37 1 41 23 47 49 44 25 8 
17 40 46 49 4 13 8 22 47 11 43 14 6 39 
12 22 49 35 27 26 11 15 48 24 28 42 45 38 
12 41 13 10 45 9 0 27 3 35 29 43 46 47 
20 40 16 38 0 39 7 26 24 41 23 47 28 19 
2 30 27 21 14 0 26 13 16 37 34 40 38 35 
14 7 4 48 23 22 30 11 15 6 12 49 0 10 
33 22 43 41 25 47 39 29 13 6 15 7 30 48 
33 37 16 46 21 10 20 1 36 26 2 15 5 35 
7 23 38 22 46 49 41 35 13 43 34 1 16 10 
35 24 43 34 17 40 2 11 0 21 39 45 41 12 
34 29 12 28 14 40 0 21 43 2 31 24 19 23 
32 33 2 42 22 26 21 18 27 4 36 35 37 0 
21 0 29 4 20 38 26 3 49 13 19 27 17 48 
12 8 47 46 5 18 43 21 49 36 24 2 23 25 
34 28 6 23 18 49 4 43 47 26 35 15 12 20 
9 11 43 15 1 19 38 7 16 2 47 26 18 24 
36 8 20 30 43 19 10 32 21 34 2 47 25 4 
31 1 47 49 10 38 8 14 32 26 17 11 3 5 
43 11 32 47 49 17 1 33 30 44 35 8 48 2 
42 38 9 35 45 5 46 19 29 1 41 26 39 13 
48 14 23 1 18 8 26 36 24 30 3 38 12 7 
17 37 30 23 28 12 29 44 1 19 32 35 36 26 
33 20 8 37 34 7 25 9 36 46 42 17 16 41 
20 41 45 7 43 8 39 15 35 37 48 1 17 40 
3 32 30 47 26 28 0 48 14 4 2 22 17 42 
27 30 25 12 26 8 17 10 47 29 9 40 44 32 
18 14 16 13 27 22 3 6 11 15 32 39 1 24 
0 38 37 31 19 22 7 43 48 1 35 2 39 4 
4 18 39 45 32 24 14 42 25 6 2 29 43 27 
29 20 15 36 30 39 10 0 8 2 33 22 26 23 
31 39 44 45 4 25 14 26 48 27 28 32 5 19 
38 13 21 42 9 33 26 19 1 20 0 12 11 15 
33 8 44 15 27 21 5 36 1 12 39 35 18 9 
49 4 40 16 19 5 41 15 34 27 33 14 26 17 
7 5 26 32 36 24 43 40 15 25 30 21 12 22 
12 29 28 43 9 3 23 27 20 17 30 25 19 8 
31 18 48 15 38 29 27 20 47 22 7 23 34 5 
47 46 25 20 35 41 4 14 9 40 26 5 48 15 
18 12 26 31 27 42 39 45 24 44 22 2 11 7 
7 27 22 30 4 9 5 1 35 13 34 16 26 3 
26 8 47 46 4 1 15 30 5 10 35 40 13 31 
47 27 8 33 35 1 23 36 17 24 45 16 46 49 
24 12 21 4 46 18 34 20 26 32 43 14 33 47 
26 24 25 46 18 5 44 19 40 28 8 21 20 48 
15 24 6 29 14 41 1 36 13 17 11 8 39 2 
16 14 45 33 34 41 18 27 4 13 19 49 23 38 
13 27 2 23 10 46 14 11 28 38 3 9 42 25 
0 4 41 19 28 25 10 47 16 15 18 20 40 29 
31 24 41 19 7 25 12 20 13 28 4 34 9 43 
39 49 32 46 23 34 45 13 5 9 28 44 1 6 
0 10 31 40 21 35 6 49 23 17 8 9 37 18 
1 10 41 21 45 4 15 18 43 40 0 30 24 34 
12 49 27 30 22 45 15 36 42 34 31 24 35 19 
16 36 42 40 14 11 6 3 26 32 33 35 5 0 
33 37 8 3 21 45 22 13 41 48 4 36 31 42 
4 34 5 14 15 3 16 18 25 7 29 23 31 17 
15 30 32 48 16 23 6 35 39 17 2 18 19 43 
21 35 44 14 3 23 47 30 29 22 43 9 37 26 
37 2 25 4 48 33 3 15 34 9 14 49 5 20 
44 1 7 15 12 29 49 40 28 33 22 9 13 24 
48 32 40 19 13 21 12 3 17 2 15 49 29 18 
22 15 8 10 11 20 28 39 12 6 44 0 7 47 
18 28 22 32 40 19 2 27 8 9 44 29 47 43 
15 25 24 20 27 48 32 35 47 39 13 10 8 0 
24 4 35 32 47 14 15 5 18 9 42 22 0 40 
0 40 12 13 17 14 36 25 19 38 46 23 3 26 
31 29 21 37 47 8 14 40 39 42 35 15 32 4 
27 29 35 19 21 8 48 5 14 25 23 37 34 24 
12 27 15 19 1 16 26 46 9 34 0 10 6 42 
31 44 6 43 3 13 37 33 0 32 16 34 21 29 
24 2 4 47 36 43 22 38 11 21 9 32 8 12 
23 31 10 45 29 15 20 30 49 3 4 9 37 14 
46 1 14 40 18 31 32 23 4 47 8 35 0 6 
3 25 49 35 21 39 34 41 12 32 45 28 26 38 
8 41 38 6 29 39 1 28 43 45 34 16 40 14 
41 38 49 42 13 18 7 22 25 20 19 43 0 32 
29 38 21 45 28 43 1 7 9 48 5 33 46 15 
37 33 23 38 5 44 14 3 19 16 25 49 47 45 
34 43 21 39 0 37 5 9 16 11 30 14 47 1 
8 4 28 40 38 27 26 44 36 23 25 31 15 35 
11 22 19 5 31 34 25 40 7 15 24 10 29 2 
7 35 24 9 40 45 27 25 17 8 32 23 34 37 
4 28 45 8 39 20 24 19 42 18 3 1 13 14 
38 45 3 30 33 7 24 26 17 37 5 27 18 12 
16 4 37 35 24 2 45 19 49 7 27 38 3 15 
19 37 7 45 10 49 44 12 43 14 26 40 31 41 
15 46 27 40 6 45 8 47 3 20 33 48 18 12 
37 24 44 20 19 2 12 21 47 38 18 1 22 26 
14 21 47 34 40 26 0 38 20 7 33 1 37 11 
11 48 20 27 23 12 37 39 31 32 0 41 18 26 
21 11 40 24 3 13 42 37 45 41 47 44 32 7 
42 7 10 40 25 31 1 13 46 16 47 5 23 33 
35 21 17 2 20 18 37 10 5 45 0 6 29 26 
23 37 48 26 7 34 39 38 43 0 5 16 2 11 
40 49 30 13 18 37 24 31 4 20 11 26 39 32 
9 14 15 1 34 26 44 45 21 46 27 25 3 23 
14 12 10 1 6 17 32 46 38 29 42 36 28 21 
22 49 9 47 6 25 44 24 41 29 26 46 10 28 
4 24 20 10 28 43 19 30 41 46 6 15 42 1 
37 10 19 34 41 42 25 6 32 21 26 35 22 36 
9 13 29 43 44 1 42 28 5 37 20 25 24 30 
2 30 19 38 42 18 23 9 26 40 29 47 48 22 
29 16 9 35 41 13 48 31 36 49 20 42 26 22 
30 13 11 49 14 3 34 47 9 2 21 31 4 45 
30 39 27 0 49 37 32 38 12 7 16 31 21 46 
0 12 8 49 40 4 2 48 31 42 27 36 1 43 
23 19 24 9 37 21 35 36 10 1 47 32 11 41 
48 2 18 15 30 31 49 17 44 23 34 6 27 28 
24 16 14 17 18 31 19 29 11 37 22 39 44 15 
40 1 22 37 45 10 16 36 17 2 8 19 13 42 
2 33 32 8 42 22 1 19 27 47 43 21 11 38 
13 45 37 15 39 36 38 2 41 28 22 29 17 18 
36 29 1 42 10 46 7 24 2 16 32 30 40 41 
36 14 15 6 31 43 9 44 26 4 33 8 28 37 
49 34 28 46 12 5 17 22 30 42 24 39 15 2 
49 34 33 41 36 8 21 37 39 25 27 12 45 20 
15 39 11 14 31 43 47 30 8 3 12 25 37 10 
47 7 5 15 36 8 25 13 21 3 12 45 48 32 
38 2 4 19 29 32 14 15 31 40 1 27 20 12 
13 41 7 39 18 38 25 4 29 24 15 47 28 33 
30 32 4 40 44 24 47 42 8 25 16 49 12 48 
48 40 3 4 47 13 42 30 20 23 18 16 39 49 
36 35 19 44 11 40 45 31 25 26 12 41 17 6 
30 23 46 33 24 26 9 39 0 22 44 15 16 21 
44 28 45 16 29 47 9 49 38 41 33 32 27 46 
26 18 35 34 16 28 45 11 14 21 8 40 49 2 
10 19 43 17 2 13 11 1 22 38 31 42 7 12 
37 33 8 23 16 5 45 28 14 4 22 17 31 44 
36 43 21 34 14 7 42 4 31 29 2 0 8 37 
27 43 17 41 7 28 35 39 48 23 29 9 1 0 
33 31 47 43 19 5 41 4 28 0 15 27 17 26 
35 22 1 49 44 2 41 5 48 0 17 25 24 9 
46 48 22 36 26 20 25 21 16 45 37 17 30 7 
5 17 11 3 16 9 36 23 47 22 33 42 34 31 
44 38 41 24 40 13 30 49 35 15 39 14 36 17 
19 49 15 11 29 41 46 1 34 32 9 3 10 0 
36 4 46 6 11 24 21 18 9 45 3 23 43 33 
44 21 32 5 42 39 25 4 1 16 48 7 20 14 
3 1 16 45 20 38 6 26 40 7 21 4 49 32 
7 8 24 11 31 25 10 30 21 3 4 15 38 17 
22 49 45 11 36 14 31 30 35 1 9 43 46 41 
10 0 42 4 7 16 40 22 18 36 49 28 6 21 
34 40 42 29 6 21 25 28 15 48 41 13 11 43 
15 38 34 47 4 7 40 33 39 1 6 22 20 14 
12 6 10 44 36 40 1 43 9 2 4 16 45 34 
3 35 44 30 8 11 32 12 40 1 33 14 42 38 
36 4 34 28 9 0 21 41 6 14 24 35 39 43 
30 12 10 5 22 15 19 17 33 7 25 24 23 35 
3 39 7 0 34 29 47 35 14 4 2 5 27 42 
21 16 44 48 9 3 35 49 17 40 32 39 8 24 
14 36 49 33 34 4 42 8 41 18 48 32 19 39 
49 17 12 20 29 46 3 39 2 15 25 33 10 9 
18 29 15 4 23 12 36 33 26 25 9 32 48 1 
14 11 21 42 12 16 43 3 40 30 35 32 18 8 
36 42 28 45 30 16 5 33 20 3 14 39 11 17 
2 8 12 5 20 45 14 15 11 16 19 6 38 18 
25 40 39 12 11 7 34 9 6 35 22 29 33 5 
49 3 46 1 4 30 35 28 33 38 5 29 27 32 
2 33 30 1 35 25 36 6 46 17 0 34 41 3 
41 46 45 38 23 6 29 8 25 32 9 27 5 39 
27 4 36 14 41 49 19 40 32 21 16 42 20 48 
9 33 13 46 3 36 48 44 6 2 26 38 18 39 
13 34 42 32 6 23 31 40 46 8 30 4 37 44 
13 18 34 37 21 17 24 45 44 32 4 1 20 15 
47 36 40 43 17 7 14 46 37 18 31 9 28 2 
17 11 48 9 20 28 36 7 35 38 26 32 2 24 
14 6 18 19 43 5 24 2 49 3 7 28 36 30 
28 39 25 18 4 35 9 12 7 32 21 46 17 2 
46 48 43 14 17 24 35 20 1 10 11 7 25 21 
5 32 38 24 29 25 22 28 39 48 14 31 20 8 
49 7 32 5 24 13 0 14 3 9 33 23 28 43 
47 36 49 10 15 29 3 24 12 22 21 2 37 6 
28 26 32 27 23 37 34 49 36 39 12 20 22 24 
13 6 12 2 23 28 30 15 48 37 47 36 5 18 
35 36 29 3 7 34 22 20 25 48 9 10 38 1 
32 28 41 43 5 30 7 44 26 25 8 46 16 29 
11 41 5 8 32 38 44 1 36 40 17 3 29 39 
42 5 43 13 12 40 49 37 41 21 38 14 10 18 
9 28 17 0 2 23 32 39 12 36 13 37 7 4 
15 9 16 24 7 22 30 35 26 46 31 18 49 20 
38 6 2 31 39 8 28 0 26 17 9 40 10 22 
26 37 5 32 42 24 36 35 13 41 30 17 23 2 
31 21 49 3 37 27 8 16 42 5 47 44 45 2 
25 9 18 47 37 17 39 23 43 29 32 12 44 22 
9 7 28 39 37 21 42 1 31 41 33 36 23 11 
22 7 31 43 3 45 24 37 1 27 49 14 19 18 
15 32 33 21 40 17 49 12 46 18 48 11 0 27 
49 35 42 26 44 0 12 15 6 22 29 48 28 31 
1 29 30 18 14 20 44 27 45 19 22 31 13 42 
16 1 33 45 5 31 46 28 44 10 14 37 9 36 
7 32 28 3 25 34 37 5 30 24 33 26 8 44 
29 15 6 48 22 47 31 32 16 5 36 8 39 4 
42 18 12 2 7 44 48 21 4 28 3 37 19 0 
29 4 25 23 26 1 39 8 36 5 0 49 33 41 
19 18 34 28 44 32 47 2 17 20 21 24 46 41 
33 29 34 9 16 0 43 6 15 42 2 20 31 36 
42 46 34 23 12 11 28 49 18 43 39 13 30 22 
16 46 3 35 19 21 39 42 38 49 25 8 17 9 
46 28 49 1 44 30 34 4 2 39 14 20 26 45 
32 47 9 8 24 25 35 30 33 49 18 17 19 29 
25 15 7 44 37 38 24 31 4 10 13 8 18 3 
38 16 32 12 1 4 11 41 19 47 15 42 26 40 
4 2 13 44 15 21 16 30 8 25 48 46 34 3 
42 26 16 40 10 2 31 14 1 49 29 35 17 45 
13 22 16 34 31 15 25 3 47 8 28 45 6 30 
40 1 5 13 26 46 33 18 9 42 21 0 38 29 
29 6 3 7 13 27 5 38 12 35 22 30 20 46 
12 9 0 3 36 20 37 47 46 4 42 18 30 32 
42 19 9 18 28 12 34 20 27 47 6 3 30 41 
45 28 23 49 0 42 16 40 17 25 29 39 35 47 
13 28 42 15 14 22 21 32 33 35 49 30 8 6 
9 2 27 16 28 36 33 22 29 31 15 0 48 3 
15 21 46 8 37 26 35 1 18 17 14 45 30 23 
10 38 22 39 11 17 5 6 2 21 9 30 44 42 
19 6 43 36 23 25 48 15 34 27 12 17 30 20 
17 7 30 34 20 45 18 35 12 41 49 39 44 36 
17 11 47 39 14 32 12 49 20 15 29 48 0 41 
13 39 4 45 1 34 37 29 8 14 33 31 42 46 
28 18 41 44 11 30 37 7 35 25 46 12 49 6 
39 13 2 36 15 38 37 32 20 34 23 25 44 22 
29 38 39 26 45 35 1 23 32 20 43 48 11 17 
26 49 12 5 19 22 45 43 23 41 32 48 10 21 
7 39 12 23 34 49 42 30 14 25 13 36 16 46 
46 14 8 23 7 15 40 12 9 33 49 34 37 13 
17 20 0 34 9 28 24 18 33 35 48 49 12 47 
8 31 29 18 2 37 17 5 3 9 34 25 23 7 
12 46 7 41 29 4 21 18 8 40 39 20 16 26 
41 35 29 39 33 38 6 27 4 18 2 49 22 44 
34 25 3 24 15 22 42 9 8 41 18 17 32 36 
39 2 19 27 7 36 13 22 11 5 12 33 6 0 
33 18 9 37 35 24 27 11 43 31 44 26 45 23 
45 31 40 41 16 30 28 47 4 13 7 49 43 14 
23 15 43 35 44 14 32 25 5 2 12 31 42 20 
20 2 31 14 30 13 32 38 33 12 40 22 36 9 
46 24 23 21 22 35 7 32 38 2 10 17 26 4 
29 19 27 12 11 0 23 17 8 41 49 39 34 43 
11 14 5 23 43 31 4 21 37 39 32 24 1 47 
40 6 5 49 25 21 42 0 43 47 2 9 44 23 
28 17 42 20 12 1 21 26 24 35 23 9 0 16 
16 24 28 36 17 47 49 6 35 40 48 33 22 27 
24 32 28 5 11 34 40 6 4 31 46 43 39 47 
6 39 35 36 4 5 20 32 0 41 48 12 18 21 
10 32 42 31 40 3 11 39 30 29 34 36 49 8 
42 39 17 43 20 18 4 24 27 47 25 36 0 44 
34 28 27 6 47 20 14 3 7 13 40 22 49 30 
24 28 36 5 2 48 11 44 27 19 22 7 10 31 
8 35 44 46 25 4 1 13 20 28 27 26 2 43 
2 42 23 18 31 24 16 36 7 29 30 32 20 41 
5 23 37 35 44 26 29 19 18 12 30 21 34 1 
35 18 36 28 33 14 2 29 10 20 11 13 41 47 
40 36 26 3 13 49 0 48 35 38 39 42 4 45 
9 37 42 7 31 2 18 10 13 15 16 5 21 34 
23 31 46 40 2 19 47 5 38 43 26 35 17 15 
25 30 33 23 32 15 43 20 7 5 4 26 47 3 
20 28 0 37 42 24 38 7 18 11 46 30 14 48 
10 2 26 36 35 1 45 21 3 11 30 39 24 34 
39 32 31 22 11 21 46 45 17 41 35 28 44 33 
26 4 36 28 22 38 2 12 13 8 43 15 27 16 
28 42 21 32 19 44 26 20 49 29 30 11 43 24 
43 7 18 5 47 27 20 34 29 6 0 37 25 1 
21 19 27 11 36 12 29 37 25 46 9 22 34 43 
11 5 46 42 19 28 15 6 10 33 22 45 35 49 
6 9 46 30 22 16 24 4 19 13 35 40 41 12 
33 39 25 18 40 3 21 9 30 24 32 31 22 7 
47 49 33 7 19 17 23 9 43 10 5 3 36 48 
4 9 47 13 18 41 29 20 49 0 12 24 27 45 
16 34 48 8 29 21 1 28 37 42 19 36 40 35 
42 33 15 37 23 47 18 24 26 31 43 10 22 4 
31 7 41 26 43 23 2 11 18 30 35 3 32 40 
35 15 26 33 46 39 25 47 3 4 37 48 7 12 
21 34 5 37 12 16 6 23 3 47 19 33 38 1 
39 36 42 5 33 34 23 46 8 31 18 28 11 16 
7 17 26 25 30 9 3 15 10 33 8 47 49 41 
13 37 1 49 16 40 20 3 11 2 9 24 23 0 
8 47 10 24 15 43 7 44 39 9 17 45 22 30 
15 17 2 48 0 49 20 7 14 28 41 13 27 4 
45 5 25 6 40 21 24 27 17 12 43 14 15 31 
5 3 12 36 27 20 49 2 34 21 8 1 0 24 
27 23 16 18 8 36 28 4 13 1 40 31 26 34 
47 30 1 28 39 43 44 29 24 46 15 5 9 33 
40 6 8 19 22 12 4 1 26 7 45 2 33 36 
27 47 38 17 25 46 31 9 14 34 1 8 33 21 
22 4 45 39 19 36 12 18 48 1 11 43 32 20 
32 42 38 0 15 26 28 43 37 5 18 6 11 24 
38 47 17 27 23 35 12 10 22 45 39 29 37 40 
19 28 32 16 0 27 43 22 17 45 37 40 7 25 
42 10 37 43 11 29 22 39 48 33 38 35 36 46 
46 11 43 44 33 40 27 10 6 36 7 49 34 48 
8 36 20 5 6 33 24 29 31 11 23 41 49 15 
49 41 48 18 10 32 5 22 6 47 43 30 42 13 
39 47 48 10 41 16 44 21 25 8 15 43 34 45 
2 23 14 29 10 38 45 11 16 49 37 15 43 13 
19 7 33 22 13 38 5 43 14 31 6 36 11 21 
0 43 9 41 42 49 40 3 39 26 37 24 44 28 
7 29 6 20 12 1 48 42 16 32 2 33 27 30 
43 16 5 22 33 1 32 41 2 9 0 18 19 45 
24 34 25 40 47 39 44 1 27 33 48 17 32 16 
47 0 27 30 12 43 3 34 44 38 36 19 49 25 
7 32 45 39 33 4 15 13 27 24 42 19 47 3 
6 32 2 26 47 19 16 5 31 29 24 49 40 15 
28 14 12 34 40 30 18 44 46 0 31 9 23 4 
7 39 8 3 35 12 36 2 47 27 18 29 17 38 
2 14 32 40 33 1 49 7 24 18 48 0 10 15 
12 1 0 23 18 37 28 13 11 8 4 14 31 22 
15 11 48 32 5 43 19 42 14 24 1 25 12 49 
18 6 0 16 46 2 5 35 10 38 40 36 33 17 
20 29 16 2 30 11 42 27 9 43 41 23 10 26 
15 16 17 47 10 48 23 1 40 22 31 41 27 42 
40 36 49 34 47 31 8 24 1 48 16 27 2 32 
5 48 3 22 25 49 23 13 18 42 34 0 47 27 
48 33 4 9 29 8 23 0 21 39 13 11 7 41 
31 29 26 34 43 30 7 13 18 47 11 0 17 45 
16 7 17 2 47 30 32 24 15 37 39 10 14 11 
1 31 37 33 27 22 15 26 16 3 20 6 48 32 
2 44 9 10 20 23 46 39 33 5 35 4 1 30 
15 19 16 48 4 42 18 37 40 46 29 43 25 23 
37 15 14 18 3 33 40 39 27 30 47 46 1 36 
9 4 46 21 0 35 45 16 22 6 37 32 42 40 
23 29 49 31 43 1 3 6 40 17 16 21 39 18 
38 2 29 3 7 23 24 1 30 6 41 17 46 11 
42 21 3 40 10 22 36 12 26 8 31 2 17 43 
7 41 21 18 44 39 3 29 38 24 1 25 43 10 
48 27 3 30 11 36 19 8 46 20 42 25 13 34 
37 20 0 41 45 28 38 24 42 3 43 11 30 7 
32 31 18 43 6 14 8 12 48 47 46 24 37 38 
29 15 30 49 28 8 13 27 45 26 48 43 10 1 
18 15 1 16 48 30 11 17 24 31 7 25 36 14 
10 35 40 41 3 8 39 22 45 9 0 6 48 14 
1 25 26 19 3 0 42 33 11 37 4 5 31 14 
23 17 22 26 21 9 30 25 12 47 3 15 24 48 
10 34 22 15 5 42 21 13 11 35 29 19 36 14 
15 33 1 13 37 47 18 25 20 39 12 42 2 9 
10 28 30 8 44 13 24 39 0 7 42 11 29 38 
15 47 39 44 21 49 31 27 32 37 9 19 16 14 
48 22 45 8 1 47 6 13 23 7 35 43 21 38 
6 12 16 11 42 18 48 14 30 7 4 20 45 0 
22 46 26 27 45 18 37 11 19 29 42 3 38 4 
17 14 8 11 23 45 27 33 1 19 15 13 37 7 
3 42 18 5 28 30 0 45 17 19 44 31 38 20 
2 10 13 42 39 46 24 32 33 16 7 40 1 22 
28 13 29 38 34 48 21 30 23 17 42 7 40 32 
3 2 6 12 47 49 21 27 1 31 34 42 9 4 
15 45 33 7 9 48 6 23 18 29 24 49 36 14 
20 15 2 3 39 47 35 36 26 22 8 27 45 5 
43 49 44 14 1 10 29 32 2 22 40 38 31 7 
20 21 25 29 22 49 36 11 39 31 17 16 1 9 
32 15 30 38 12 45 43 44 23 20 4 36 33 3 
32 9 18 14 46 42 10 5 47 29 33 2 39 30 
20 11 9 33 1 32 44 12 15 46 45 48 40 4 
42 40 10 44 36 22 3 9 28 24 37 31 16 1 
44 14 13 46 33 41 8 24 37 45 18 43 30 23 
25 15 23 24 13 32 7 5 11 18 28 0 12 33 
12 33 7 9 49 43 41 11 14 6 19 45 27 2 
30 34 33 23 16 40 9 28 36 8 15 26 41 14 
22 31 32 4 38 40 7 3 11 17 42 30 6 41 
25 2 13 27 20 43 48 9 17 29 15 37 14 45 
48 15 39 47 42 25 14 27 12 30 46 49 4 43 
37 1 21 25 44 26 46 20 14 18 27 17 13 35 
22 3 35 28 12 48 46 24 19 47 49 44 29 2 
29 1 36 25 22 42 38 27 17 47 45 12 28 15 
7 25 22 14 38 18 33 41 36 5 24 42 26 9 
35 34 18 6 39 1 25 27 11 12 8 7 37 4 
23 9 43 20 35 19 5 37 1 18 14 15 8 29 
22 39 34 4 29 47 30 46 16 13 23 6 17 0 
29 14 35 23 8 38 10 39 41 2 43 15 12 30 
9 21 29 36 42 40 12 20 44 38 13 10 1 35 
27 6 29 4 22 1 33 19 37 18 45 12 46 11 
25 28 21 9 44 38 15 32 39 14 34 31 7 16 
15 31 26 2 38 41 7 28 21 9 27 12 20 48 
25 36 34 17 13 11 10 29 16 14 26 0 45 32 
5 27 40 8 0 20 37 24 41 16 39 43 25 15 
1 38 49 8 22 16 36 19 47 28 33 0 41 6 
24 38 5 36 0 47 34 17 45 35 43 20 37 48 
40 48 46 23 42 34 15 38 9 14 49 30 7 10 
11 33 24 36 44 27 2 5 0 14 34 19 25 16 
20 35 49 30 1 5 42 10 24 47 40 16 15 43 
7 19 13 9 37 46 22 42 24 34 35 3 14 5 
40 46 3 28 19 38 24 26 39 34 23 4 43 29 
46 3 35 22 48 18 43 5 40 9 12 24 11 19 
14 2 45 22 36 48 17 27 19 18 46 23 3 0 
32 15 49 20 34 42 30 22 41 46 24 6 9 4 
31 0 17 16 6 44 10 9 15 7 30 11 29 32 
26 19 45 11 49 7 4 34 31 14 47 18 12 30 
21 46 16 39 29 37 35 26 28 41 1 36 2 38 
36 35 4 10 16 42 34 32 38 49 29 0 3 45 
1 35 34 49 16 29 27 24 11 10 6 20 33 14 
29 32 17 3 18 48 23 47 16 40 35 31 49 21 
8 21 42 5 29 36 1 39 44 22 2 30 17 27 
6 48 29 32 13 35 26 44 37 8 45 9 2 30 
9 14 5 41 4 45 8 0 16 21 43 22 26 19 
29 43 47 46 31 27 1 33 37 25 12 20 7 15 
7 25 49 3 9 38 33 29 15 32 21 10 45 1 
49 31 22 36 11 0 7 44 20 30 8 42 29 32 
16 7 36 5 35 14 21 42 25 24 1 20 17 44 
28 8 11 18 2 24 14 38 46 26 42 36 5 43 
5 25 19 13 40 26 24 41 47 10 32 8 0 12 
44 35 5 23 10 19 22 7 21 29 39 2 0 30 
23 42 37 35 16 1 6 5 17 2 33 27 28 19 
42 11 31 9 46 8 7 33 34 36 1 3 23 6 
4 37 14 24 25 8 10 1 20 2 19 6 47 5 
23 32 35 33 11 5 34 4 36 20 43 41 7 3 
29 33 45 20 47 24 40 18 44 41 2 16 8 32 
11 20 35 27 36 48 14 45 10 16 28 38 40 3 
7 11 2 40 13 28 17 6 9 44 48 42 39 26 
24 46 30 36 26 35 49 41 18 0 39 17 16 27 
5 42 45 41 19 26 49 47 31 32 29 39 11 0 
10 35 19 49 7 45 31 3 1 29 4 32 25 20 
45 28 30 7 19 14 13 4 38 2 41 49 8 31 
15 32 46 43 11 9 31 22 34 1 29 49 27 8 
22 32 25 21 2 24 7 17 27 12 1 26 19 11 
3 47 1 20 4 13 39 5 30 48 18 19 41 32 
13 28 15 23 49 40 43 1 11 35 27 17 41 12 
42 5 10 40 39 13 6 28 41 14 4 26 18 1 
42 27 39 40 49 45 4 41 1 44 25 6 37 16 
23 2 1 39 24 36 17 10 44 14 47 0 15 26 
20 46 19 10 43 49 38 32 36 39 37 22 4 29 
23 4 39 25 45 17 19 7 15 36 5 20 41 14 
6 14 15 37 25 4 33 19 36 29 44 0 49 35 
28 37 23 22 44 43 3 48 21 8 12 20 34 42 
40 17 39 37 1 34 3 15 24 10 4 29 11 26 
1 19 46 27 21 16 47 4 11 23 42 48 37 26 
18 47 20 12 25 7 1 26 8 23 28 16 38 24 
22 29 11 30 12 17 40 18 32 44 8 43 27 6 
47 34 26 32 41 38 25 3 19 21 8 24 0 12 
18 26 12 1 35 4 17 19 37 24 0 29 47 21 
34 7 45 15 29 43 13 18 9 16 26 48 19 27 
12 14 24 31 46 15 39 8 20 29 5 25 11 18 
24 17 22 48 1 0 6 28 2 36 35 34 38 30 
14 2 46 20 21 3 28 38 49 16 15 8 35 31 
45 38 3 36 11 13 34 49 14 22 12 19 9 35 
27 14 1 11 42 40 13 35 25 17 38 12 48 36 
4 38 33 34 24 37 17 41 3 46 43 49 8 27 
22 5 34 26 40 4 16 18 32 39 24 29 17 2 
15 48 40 10 45 46 0 13 37 34 8 9 27 5 
43 22 32 39 19 5 38 20 31 42 44 41 11 14 
17 41 47 24 39 7 11 6 32 8 30 21 46 36 
35 0 10 7 20 40 49 26 12 15 16 3 27 39 
39 12 38 36 13 6 45 49 1 31 5 14 41 33 
5 17 15 3 47 0 6 45 25 14 33 39 18 48 
14 24 17 36 32 42 10 25 19 39 21 46 49 31 
29 1 21 12 27 34 6 43 31 28 3 46 40 32 
39 10 48 26 30 25 20 23 5 13 8 32 41 29 
34 31 46 33 23 20 14 36 48 2 27 38 17 24 
19 31 29 26 28 35 43 22 6 9 24 20 38 37 
12 26 35 39 22 33 43 17 4 24 49 37 19 14 
42 16 44 48 21 7 32 9 29 10 45 8 37 3 
31 37 40 39 18 0 11 43 17 47 44 16 32 30 
45 17 40 35 49 24 28 46 22 38 21 27 48 20 
40 37 32 38 16 1 5 29 15 13 25 46 22 20 
28 14 41 33 24 11 9 47 31 44 19 30 10 4 
32 47 6 8 24 13 17 15 35 10 40 22 20 29 
30 42 1 27 28 10 38 49 17 36 21 41 29 35 
32 37 25 40 47 33 15 38 27 17 31 23 11 5 
20 1 13 36 41 5 19 8 15 3 33 48 24 31 
47 42 15 27 7 10 0 16 2 26 25 17 18 39 
47 22 30 32 13 15 19 0 4 29 5 25 41 34 
23 47 39 7 30 18 33 2 37 0 29 46 13 1 
44 17 15 20 27 21 30 5 37 29 47 9 12 10 
21 32 33 41 16 39 28 44 42 12 43 5 34 0 
34 27 12 15 4 49 16 17 35 5 39 38 47 18 
33 26 5 43 15 13 20 40 27 30 24 21 18 34 
28 23 33 47 35 34 8 29 36 4 6 2 25 30 
28 32 21 44 33 22 14 37 29 6 46 4 15 48 
3 17 45 13 16 15 21 12 19 43 39 28 7 5 
30 26 47 37 17 8 15 32 19 43 7 34 44 5 
19 43 41 15 47 6 12 14 0 40 23 10 7 18 
26 30 28 0 35 38 21 32 24 29 14 31 40 27 
42 10 41 46 23 20 9 7 22 36 33 13 43 26 
18 3 40 46 16 1 4 11 0 6 26 44 2 33 
13 16 44 11 36 33 18 4 7 8 1 35 22 21 
35 17 1 37 33 28 45 36 9 13 43 25 16 0 
8 25 35 0 3 44 26 11 21 37 5 10 16 48 
42 15 44 8 17 36 21 29 23 11 35 18 19 7 
22 1 41 40 43 21 3 31 34 35 37 7 19 46 
20 19 49 31 45 4 1 25 23 16 40 44 10 35 
7 16 14 49 41 38 25 6 36 23 2 3 27 42 
20 38 9 39 10 30 31 36 23 2 4 17 45 8 
36 22 15 11 29 16 2 12 7 40 30 18 42 33 
8 49 33 36 24 1 23 30 15 14 6 9 5 11 
5 48 10 2 8 9 0 27 44 25 45 28 13 30 
41 37 18 31 9 43 38 6 14 28 3 27 11 45 
48 14 20 31 49 32 43 44 11 21 5 29 10 36 
30 4 0 7 14 35 10 41 3 22 49 48 31 8 
42 9 44 30 29 45 31 49 19 1 22 35 43 12 
37 8 42 43 22 6 27 28 26 4 45 47 14 34 
17 19 16 32 9 6 27 43 21 1 29 12 40 38 
40 2 48 5 29 16 46 32 10 25 37 20 47 23 
47 30 29 45 16 0 26 21 3 24 38 35 25 22 
48 41 20 29 32 30 16 21 35 39 8 47 23 42 
41 44 20 17 28 30 12 38 7 45 33 8 29 19 
34 21 12 35 30 23 44 20 28 6 1 24 17 10 
14 20 10 42 3 4 16 25 2 5 47 24 18 43 
16 42 4 49 1 32 2 48 6 9 27 29 25 35 
21 45 30 22 48 26 37 2 39 9 32 11 7 1 
48 49 18 29 40 22 44 3 6 9 28 12 39 34 
21 35 22 1 28 13 43 24 38 37 12 49 32 23 
32 5 46 40 35 12 2 43 41 42 27 18 24 9 
2 7 38 33 47 17 23 42 36 41 18 37 49 15 
14 48 13 22 3 36 9 20 28 17 8 6 1 37 
36 27 6 37 32 45 24 20 34 13 48 31 23 8 
25 1 27 16 40 46 21 11 23 6 28 12 29 9 
19 31 49 42 26 3 0 45 25 20 12 18 28 38 
48 39 9 10 6 3 2 44 43 36 8 1 28 23 
12 33 2 1 14 39 41 45 38 25 20 22 19 3 
48 0 44 34 29 7 38 37 42 4 40 35 13 8 
8 46 40 31 14 33 4 29 5 35 49 47 28 19 
16 40 27 4 8 12 33 49 39 7 47 9 17 34 
15 11 22 28 23 7 20 26 44 3 6 13 1 29 
38 40 15 21 47 24 31 29 8 4 46 33 37 48 
19 39 8 5 33 4 2 1 32 25 23 6 36 29 
17 39 34 36 2 30 10 24 27 3 43 5 7 28 
49 2 26 35 14 19 39 31 37 5 0 46 7 48 
45 2 47 35 49 5 48 30 36 38 46 27 43 1 
39 7 20 25 43 4 35 22 16 17 31 5 19 40 
21 12 47 8 18 1 24 30 23 41 37 0 17 11 
38 44 1 33 14 41 45 48 30 3 34 13 9 29 
0 28 38 49 9 35 14 15 47 42 37 30 10 24 
1 32 15 24 39 36 31 25 6 37 33 2 16 45 
26 37 49 25 43 11 18 1 46 40 35 21 30 29 
3 45 27 44 1 40 9 12 36 16 41 37 13 2 
1 8 25 18 41 31 14 38 46 45 24 10 37 29 
46 9 0 41 16 11 28 5 36 49 48 23 3 14 
29 34 18 14 4 26 19 0 13 38 11 28 20 16 
8 3 10 1 41 25 45 18 13 6 39 43 35 27 
15 49 48 20 26 12 11 34 40 36 46 7 23 43 
9 38 41 3 40 17 13 19 32 46 24 43 35 39 
31 35 21 23 12 46 49 38 40 14 36 19 42 27 
17 49 18 13 33 12 30 36 0 40 43 34 37 23 
32 24 16 13 35 8 27 30 22 23 3 19 37 41 
20 15 48 43 37 31 25 34 44 27 28 0 1 40 
31 9 12 46 18 2 25 8 10 14 45 42 19 4 
48 13 15 2 46 31 45 25 47 10 5 33 1 3 
37 28 34 15 3 46 16 5 7 41 27 4 21 2 
8 43 33 11 44 40 32 2 30 15 19 20 16 0 
11 34 36 41 19 28 47 20 46 18 2 10 43 38 
47 24 41 23 28 30 43 45 12 44 13 49 10 21 
35 8 30 22 15 48 33 23 5 27 0 13 4 49 
46 5 42 29 9 8 34 12 15 6 11 49 10 17 
48 31 37 36 6 40 21 12 28 0 3 8 43 39 
6 33 21 25 7 44 1 36 20 15 5 38 9 47 
29 9 21 30 13 5 48 47 6 15 41 17 35 27 
0 47 17 29 11 34 14 16 23 44 43 5 28 1 
4 43 0 34 23 22 1 40 44 21 28 16 36 3 
25 30 26 47 32 42 39 37 17 0 35 20 28 5 
9 35 19 15 45 18 10 17 48 37 28 14 38 47 
0 27 41 16 7 29 19 49 30 15 38 42 33 11 
15 20 40 1 38 26 44 17 13 23 22 25 36 37 
44 31 41 25 38 19 7 36 16 47 33 29 35 30 
33 43 40 31 4 30 45 24 21 6 2 16 17 23 
5 17 22 1 32 46 47 42 12 49 30 19 43 28 
23 15 4 45 34 16 39 8 30 48 44 10 38 6 
2 23 22 16 43 3 45 14 38 20 8 41 30 12 
36 44 31 12 17 30 20 19 5 34 47 38 29 43 
38 9 37 49 48 34 45 2 22 35 31 14 36 4 
48 9 46 45 26 10 1 13 27 17 7 14 20 39 
32 8 9 10 35 47 38 20 23 3 6 37 39 41 
47 42 12 25 3 38 49 9 41 30 13 29 19 27 
37 41 44 25 27 29 42 1 15 49 9 38 28 30 
38 28 47 9 45 8 10 19 32 34 7 15 3 48 
37 49 4 27 28 25 7 9 29 17 8 6 13 31 
8 42 27 16 24 36 25 14 32 20 6 23 28 46 
40 23 7 44 27 14 39 1 26 10 34 48 38 42 
32 34 41 37 20 0 35 24 1 22 44 11 33 8 
3 36 12 24 40 19 9 11 13 14 49 8 2 29 
5 16 8 30 44 10 29 9 47 18 31 41 40 49 
6 47 29 28 10 20 18 2 12 40 23 25 7 44 
31 39 2 7 20 37 23 33 22 16 4 25 28 10 
2 36 31 6 5 33 49 20 29 7 40 21 1 26 
42 28 19 11 38 6 15 25 22 39 5 37 24 17 
26 20 24 40 15 11 39 17 21 41 47 22 8 2 
6 41 2 1 0 9 21 13 40 33 45 47 44 31 
47 21 25 45 9 13 26 29 18 28 24 15 2 23 
27 31 18 38 15 22 19 33 40 32 14 24 37 26 
21 28 4 16 41 27 22 6 3 18 9 38 36 13 
34 37 38 36 42 22 4 26 21 49 10 33 15 13 
45 25 18 34 29 15 14 33 24 32 28 17 1 26 
48 23 20 16 19 6 25 0 3 46 27 17 14 1 
32 35 12 10 36 5 26 7 2 23 29 47 24 37 
20 38 12 37 41 16 21 26 39 1 23 2 11 19 
2 41 24 12 48 39 7 27 31 47 34 21 32 0 
4 28 14 22 25 39 36 27 7 11 47 9 15 46 
47 13 22 30 14 36 43 26 41 1 16 32 31 40 
18 16 7 15 22 38 1 3 29 43 36 42 31 33 
19 0 1 43 28 14 45 39 15 25 37 26 13 12 
3 26 38 39 32 48 11 45 43 27 40 16 49 47 
12 42 15 29 27 17 43 13 36 47 33 2 6 24 
21 16 29 37 15 44 17 7 48 1 28 9 41 35 
25 5 34 0 9 32 6 48 11 22 31 3 41 18 
33 22 10 7 38 31 47 24 19 20 28 46 5 9 
21 13 6 24 48 15 43 25 23 33 36 44 3 12 
18 23 7 46 32 3 0 12 39 13 37 22 44 25 
30 27 44 22 17 9 2 19 45 10 37 26 48 20 
7 34 13 4 23 11 26 5 16 45 12 14 47 22 
49 29 7 48 9 22 3 13 20 2 43 18 37 39 
29 9 49 15 19 23 30 3 10 4 13 45 22 5 
28 41 0 25 46 17 27 29 22 13 3 44 2 47 
18 14 37 1 49 32 17 47 4 48 45 31 12 40 
34 49 4 30 37 36 41 28 14 19 6 16 15 13 
12 39 49 29 24 2 28 40 3 9 41 15 23 32 
26 39 48 20 9 47 42 5 38 46 33 49 43 11 
40 27 1 14 38 19 6 28 30 21 24 45 5 7 
0 30 44 32 24 2 47 17 18 40 7 25 1 48 
38 14 5 32 8 33 29 18 35 39 49 9 43 2 
43 2 24 42 15 1 7 17 3 49 45 21 44 47 
34 28 13 46 10 11 26 14 18 16 45 22 20 49 
23 32 20 22 14 21 6 2 3 40 43 15 45 28 
18 17 30 16 33 14 22 49 48 9 46 23 47 37 
20 28 38 40 15 14 8 32 10 2 37 5 24 35 
13 37 18 15 3 43 8 26 47 19 0 42 45 21 
16 36 46 44 13 12 24 33 37 18 5 0 28 22 
13 3 22 49 8 9 26 7 25 12 15 18 5 35 
33 45 44 8 30 2 39 15 1 25 10 41 12 31 
25 11 42 35 36 20 8 43 47 0 32 39 40 27 
42 36 14 9 25 11 10 12 28 32 26 22 45 2 
26 37 25 13 46 11 48 14 10 35 42 19 34 21 
1 18 35 45 37 17 42 11 25 12 7 39 19 14 
32 45 42 47 9 34 25 2 17 29 41 7 49 24 
39 23 30 11 8 45 37 26 48 2 43 41 46 4 
4 15 2 10 22 42 11 47 17 14 45 33 40 23 
45 15 28 40 32 24 26 12 31 35 44 6 41 4 
0 28 1 16 41 30 23 24 26 39 34 3 2 45 
15 14 18 27 5 16 25 3 23 10 45 1 41 7 
26 14 2 25 11 6 40 27 36 23 47 38 43 4 
34 24 31 14 45 21 9 3 42 32 25 16 49 40 
49 30 18 43 20 25 7 8 16 36 9 24 14 35 
39 1 13 0 38 17 2 29 36 21 8 32 4 26 
31 49 41 14 39 1 38 21 40 5 9 36 37 32 
39 1 23 42 5 13 17 6 34 28 0 18 19 11 
30 10 9 7 4 15 27 35 23 32 28 38 24 1 
28 48 47 20 29 22 35 25 21 39 6 24 0 45 
15 27 46 42 31 44 35 4 26 11 25 38 6 20 
45 43 24 44 29 31 18 33 2 1 22 12 17 26 
39 22 8 28 4 6 2 38 21 33 41 35 44 26 
2 29 16 25 22 23 8 19 41 0 13 47 39 10 
13 44 8 3 5 4 12 43 24 6 15 28 25 1 
4 48 6 26 40 3 49 18 28 22 33 19 27 11 
23 3 9 0 48 24 33 13 22 43 38 29 46 30 
43 15 45 32 5 23 4 2 22 3 13 31 11 48 
46 23 3 42 32 30 36 21 35 31 14 15 12 2 
47 7 8 14 25 26 3 22 32 23 1 49 42 40 
34 37 19 11 36 42 18 47 38 29 32 48 13 46 
30 7 29 16 0 6 42 10 9 11 2 3 18 28 
6 35 32 29 8 40 17 14 7 30 24 36 21 26 
6 43 42 9 21 7 5 39 31 45 19 44 0 15 
19 4 43 28 27 22 29 16 11 17 31 49 5 8 
23 35 15 43 18 44 28 47 5 38 40 11 33 19 
10 7 31 41 9 13 46 1 26 43 22 39 45 34 
29 16 33 14 21 15 17 4 12 18 28 43 0 20 
33 34 19 20 5 10 31 14 25 12 22 42 49 13 
5 37 19 3 12 20 31 25 30 14 10 42 32 39 
21 34 18 2 39 8 25 14 1 4 6 11 48 9 
4 9 48 14 2 5 37 47 34 21 30 28 33 16 
1 14 47 48 49 0 9 12 24 46 13 10 42 39 
8 39 47 45 19 22 15 26 2 27 17 48 33 49 
2 45 28 8 42 43 20 47 6 21 23 40 34 30 
44 7 24 10 25 37 21 20 36 47 46 30 3 41 
36 17 41 33 42 4 22 0 49 37 46 47 8 11 
15 5 45 38 14 17 12 21 40 34 7 19 36 26 
16 37 49 13 5 15 39 26 32 0 8 4 34 9 
47 48 23 8 3 1 14 0 24 43 45 19 18 46 
36 5 42 39 43 33 18 10 11 15 20 40 12 34 
19 1 46 24 22 49 2 38 37 23 28 29 48 0 
42 28 11 12 9 30 27 29 44 35 1 37 16 34 
11 39 36 6 49 12 13 32 26 17 46 7 19 48 
37 42 6 25 15 36 27 35 45 43 19 18 3 38 
18 32 17 20 35 21 41 34 28 25 27 24 9 6 
27 19 1 16 49 35 13 24 37 46 7 22 0 10 
21 41 40 15 35 31 18 34 32 1 29 6 26 3 
42 18 33 2 45 41 17 25 4 11 43 1 38 46 
20 28 2 10 25 31 48 27 41 17 32 37 0 34 
48 40 28 24 1 6 14 5 0 17 36 3 21 11 
29 12 27 8 16 45 6 42 25 24 15 36 28 44 
13 8 30 16 37 10 46 12 5 47 23 18 11 45 
3 15 8 39 6 47 9 43 36 34 38 45 18 12 
18 9 29 5 14 6 3 42 41 44 32 34 21 22 
28 15 11 20 17 48 34 7 8 37 14 30 31 16 
22 21 39 31 34 29 9 7 20 16 0 45 43 8 
14 31 39 15 4 30 44 33 34 41 37 49 46 9 
48 0 29 20 46 19 44 35 32 2 3 12 25 17 
2 1 15 41 5 17 36 23 49 20 29 31 22 43 
24 32 8 47 45 5 12 49 38 42 11 15 23 16 
11 9 4 40 32 18 34 39 26 28 49 46 2 6 
6 36 13 9 48 27 22 5 25 10 49 33 24 46 
30 32 22 43 18 36 34 48 5 49 23 33 46 38 
40 20 16 21 29 41 44 38 14 19 47 7 11 28 
36 32 43 38 4 19 26 24 14 35 21 47 33 27 
34 16 29 43 42 28 9 47 38 13 40 32 20 0 
9 1 28 6 25 29 7 49 12 16 17 40 20 45 
48 11 17 3 45 32 29 43 23 4 28 1 49 20 
49 27 21 32 20 3 42 23 46 4 40 8 12 5 
35 25 46 34 29 3 49 0 44 8 38 47 41 39 
9 5 3 44 47 32 20 43 39 45 23 15 42 49 
19 13 34 24 44 38 2 9 21 39 1 23 8 41 
45 39 43 33 46 25 48 42 24 30 8 47 44 41 
28 27 21 3 18 19 13 7 5 14 40 6 23 37 
48 17 5 7 28 47 24 46 34 13 25 39 40 1 
13 9 4 19 34 32 14 44 42 46 37 24 1 47 
40 20 12 16 32 22 13 43 41 24 21 34 49 7 
19 25 14 0 28 18 32 2 20 9 13 39 21 45 
2 28 34 36 13 11 9 3 25 46 16 42 19 10 
25 36 44 37 15 43 34 47 26 19 22 23 29 32 
42 2 3 45 31 46 19 7 13 4 23 49 40 37 
49 8 36 29 37 25 23 9 1 31 14 12 44 28 
13 35 46 11 7 16 22 27 9 20 0 33 49 19 
0 23 29 11 27 19 22 17 15 49 21 12 43 26 
31 43 1 40 42 0 34 18 5 22 3 36 45 28 
1 38 46 41 15 42 12 45 4 47 14 9 10 23 
40 11 16 21 14 1 4 18 36 41 17 12 45 23 
37 45 41 9 11 35 43 1 32 12 20 40 47 2 
33 2 45 3 24 46 12 13 25 28 14 4 1 5 
16 27 18 41 19 43 37 35 2 22 1 42 15 14 
14 37 19 1 24 26 7 20 18 3 47 35 39 49 
40 21 41 24 3 4 13 9 47 10 49 22 1 19 
17 2 13 0 8 9 16 28 45 30 33 27 37 25 
20 33 23 6 4 40 35 39 24 41 5 10 12 16 
15 12 2 30 44 47 46 28 8 16 18 19 43 23 
12 40 22 24 0 28 29 38 42 48 23 17 45 11 
15 13 41 33 47 35 23 5 12 40 48 34 17 3 
40 9 41 2 3 45 39 11 47 13 35 16 10 37 
33 28 36 37 0 6 25 3 29 24 2 27 48 26 
38 26 14 27 48 28 25 18 23 6 16 29 49 11 
39 35 28 30 45 37 7 29 23 38 41 21 4 17 
2 8 34 20 33 35 4 43 0 49 30 7 16 11 
19 38 23 22 39 17 45 29 9 43 5 28 24 11 
