24 23 12 1 39 17 32 35 36 0 20 22 34 19 
34 28 20 14 0 30 37 23 35 16 32 25 4 2 
28 0 39 10 21 20 16 13 25 17 33 19 35 31 
2 6 12 0 18 29 32 34 36 17 14 1 37 10 
12 28 34 33 2 38 5 0 30 24 8 26 21 1 
19 27 26 38 29 35 22 33 3 15 37 28 10 0 
3 16 0 9 5 8 30 28 15 37 33 29 25 38 
17 5 36 21 28 7 37 1 38 18 0 8 19 24 
35 21 29 0 36 1 14 11 23 4 34 19 39 20 
14 3 0 30 24 4 11 34 29 8 28 15 33 18 
35 31 0 25 38 8 15 17 22 6 21 33 12 2 
0 9 26 22 24 5 39 36 13 8 12 1 3 7 
38 15 26 6 16 33 20 5 13 7 24 0 23 28 
27 12 34 17 14 19 21 22 9 38 20 0 1 29 
33 23 38 25 5 1 11 0 14 12 17 39 8 29 
1 13 26 34 33 15 29 25 4 36 17 0 3 20 
10 13 24 22 36 0 18 1 37 16 12 6 39 19 
0 22 12 38 20 16 3 13 4 29 30 31 6 39 
39 11 2 10 0 5 32 7 33 13 19 36 12 28 
31 38 3 17 39 1 6 27 12 0 14 8 19 22 
33 17 7 0 24 8 3 1 20 16 6 37 13 34 
26 29 36 30 32 1 14 24 31 0 18 7 5 17 
27 11 29 28 37 24 30 0 4 31 23 16 20 1 
18 7 3 12 33 1 25 39 30 21 0 24 5 38 
8 20 21 6 24 22 15 0 29 11 14 25 39 36 
23 10 19 12 22 31 35 6 18 16 24 33 14 0 
25 23 10 4 34 37 15 2 26 18 30 24 0 21 
33 26 18 17 38 8 31 6 0 21 12 30 22 29 
5 16 0 13 9 21 35 39 28 25 2 29 11 4 
15 0 21 18 11 19 8 12 36 34 33 17 38 3 
11 25 4 18 27 12 38 5 24 23 34 0 7 21 
8 29 15 0 4 38 32 3 9 26 13 27 11 2 
6 12 2 24 32 13 17 18 0 37 16 27 10 22 
8 12 14 6 18 3 28 21 20 7 11 0 15 23 
8 32 13 16 14 6 1 20 15 11 18 24 33 0 
29 19 10 20 17 12 37 27 24 4 8 0 36 31 
32 2 12 14 10 22 21 18 0 8 20 9 23 4 
13 27 26 37 12 9 30 17 5 33 18 21 0 8 
25 0 4 39 22 26 20 38 23 16 31 35 1 27 
11 22 13 21 30 7 0 20 6 29 32 39 17 27 
37 35 12 23 32 0 6 15 34 28 13 21 2 31 
3 22 1 39 38 0 19 11 8 12 32 33 20 34 
9 12 28 34 27 4 20 25 3 32 23 7 0 26 
21 25 28 29 36 34 22 19 38 8 13 0 31 20 
18 20 36 37 3 0 29 34 5 1 24 26 35 12 
10 19 33 30 11 34 17 20 0 7 28 21 32 39 
4 37 20 16 22 7 38 19 2 23 28 0 9 25 
25 23 29 14 38 0 33 17 9 26 7 11 31 34 
21 39 30 9 24 2 19 4 34 0 33 17 13 37 
35 30 2 37 38 15 0 6 4 10 34 28 32 14 
16 1 19 5 0 38 8 9 37 33 13 21 28 12 
17 2 12 0 16 21 38 32 14 8 18 20 31 34 
14 6 13 34 0 18 36 23 27 30 35 12 24 1 
27 34 24 4 33 1 25 0 10 11 2 5 19 3 
24 2 31 27 8 9 17 12 1 35 32 11 0 28 
25 1 36 31 22 20 35 4 39 13 19 0 30 28 
15 23 26 34 14 3 29 21 36 11 31 0 7 5 
8 38 6 27 39 10 28 0 26 21 3 22 30 29 
10 2 14 11 36 24 3 25 21 23 8 0 30 39 
20 15 4 28 31 11 5 3 7 27 14 1 19 0 
39 27 26 20 16 23 17 12 0 29 18 33 6 38 
37 31 20 9 34 0 10 32 5 17 3 7 16 25 
5 35 27 7 18 28 9 10 36 16 13 22 4 0 
29 0 33 13 35 8 2 28 37 36 3 22 6 34 
16 8 0 6 20 32 25 11 22 14 34 19 5 21 
28 2 0 25 4 29 14 1 19 27 3 38 18 17 
4 0 3 18 32 21 26 9 35 27 37 20 15 24 
24 1 16 20 5 25 10 22 30 17 0 14 12 26 
36 10 13 29 17 5 0 38 2 16 34 27 39 26 
22 25 0 34 2 9 35 17 20 1 15 7 27 10 
2 19 5 7 29 20 14 26 4 0 31 27 6 15 
23 0 11 38 30 7 8 21 22 24 33 32 26 15 
12 35 0 37 28 1 17 31 9 26 14 39 11 30 
17 34 8 7 39 28 20 0 26 25 10 15 33 13 
31 17 12 18 38 32 16 0 22 13 10 36 26 30 
34 16 10 36 0 7 12 29 23 5 8 22 39 33 
18 22 16 15 11 28 36 10 7 13 38 5 2 0 
38 21 35 39 5 36 34 4 11 9 31 0 7 18 
7 30 17 6 22 35 16 32 13 37 29 28 38 0 
1 12 34 31 15 36 27 32 18 38 13 3 0 24 
25 10 19 2 5 11 15 9 3 1 0 7 28 34 
18 0 22 9 36 1 12 39 7 17 26 11 6 38 
35 33 19 5 15 23 27 25 6 39 32 0 12 28 
39 0 31 35 36 20 34 33 14 15 27 8 23 7 
37 26 21 2 0 31 17 3 22 24 28 15 7 19 
16 15 28 9 20 0 26 5 10 17 39 32 6 31 
7 16 0 36 29 2 19 34 1 28 23 5 35 24 
27 21 4 26 0 6 30 39 36 16 20 25 11 28 
30 17 21 5 38 26 1 14 0 25 13 11 34 8 
35 31 17 20 8 19 26 0 38 11 4 5 9 12 
0 5 1 8 13 37 22 23 25 33 3 21 29 17 
37 4 11 0 9 3 30 2 26 38 31 10 33 14 
36 26 18 4 11 39 33 28 2 6 0 35 20 14 
33 24 15 10 5 2 35 12 23 0 17 30 21 22 
28 2 10 12 4 22 32 15 13 25 39 37 0 23 
32 3 14 28 15 4 9 11 5 22 39 0 31 34 
0 31 8 17 23 37 11 1 5 33 10 4 7 18 
19 7 1 0 12 11 6 28 34 13 21 8 16 32 
20 17 15 29 23 9 3 31 0 19 25 12 27 24 
3 22 21 24 35 10 31 2 33 0 38 4 20 34 
36 5 17 39 0 26 2 29 32 35 28 1 6 30 
16 21 32 29 15 7 28 39 6 9 13 0 26 27 
25 32 0 8 14 30 36 19 28 34 2 39 4 15 
38 8 16 3 29 9 30 6 12 7 4 0 26 39 
36 31 0 35 10 29 16 2 26 38 21 7 6 27 
4 14 29 10 21 30 19 6 16 17 15 24 0 5 
30 24 2 37 0 6 14 39 34 4 29 20 12 28 
29 0 20 23 13 24 36 15 22 17 11 4 28 27 
34 20 26 2 27 13 3 6 36 0 17 5 28 8 
34 6 3 20 24 22 29 15 2 32 21 4 25 0 
0 37 18 11 35 23 10 2 7 28 9 5 8 38 
26 7 28 37 22 35 27 16 38 6 0 2 34 14 
14 13 32 12 39 11 6 33 20 38 26 0 36 16 
0 21 17 10 13 37 15 25 9 4 14 34 6 29 
22 30 38 14 16 2 11 12 29 0 35 33 7 18 
0 10 30 27 28 25 38 39 11 26 33 22 5 37 
22 7 37 26 11 24 16 20 25 18 0 33 27 1 
25 2 37 0 1 23 7 28 21 35 12 9 15 33 
35 7 0 37 15 30 29 25 22 4 17 39 8 18 
2 11 14 33 29 3 23 4 0 15 10 36 16 32 
23 0 6 35 10 24 17 30 13 1 2 18 5 26 
4 14 25 20 8 33 32 0 5 31 36 11 17 30 
33 39 35 6 0 21 10 19 29 7 22 27 8 16 
17 30 2 0 37 35 6 1 32 38 7 28 24 5 
39 36 12 35 4 3 22 0 2 34 6 13 27 19 
26 28 0 38 20 23 37 29 32 16 19 33 36 24 
0 24 8 2 18 3 30 20 36 1 17 10 26 21 
19 25 13 0 36 35 24 10 21 2 8 22 11 27 
9 7 23 38 39 35 0 25 24 21 13 36 26 4 
24 11 39 12 16 20 36 29 21 22 25 0 1 4 
13 9 16 24 19 15 11 33 1 8 38 3 0 4 
14 11 15 25 1 16 33 7 20 6 8 4 0 3 
21 28 2 35 16 38 18 26 30 20 17 0 11 4 
17 26 10 9 13 20 25 30 6 0 2 38 39 23 
5 16 0 7 17 24 14 2 19 8 12 15 29 25 
8 26 28 19 5 37 35 36 34 33 27 0 31 16 
25 2 34 15 26 23 16 19 18 0 3 31 12 32 
21 1 33 34 27 32 9 4 25 0 19 13 35 24 
21 3 36 8 34 38 15 0 19 23 35 7 33 37 
19 3 10 33 13 25 36 34 28 7 17 15 12 0 
19 38 34 22 27 4 8 33 35 0 9 24 36 15 
6 2 28 26 4 29 16 19 7 39 12 33 15 0 
14 24 11 34 8 33 9 31 6 28 39 32 25 0 
7 17 29 6 0 2 11 14 39 38 36 4 27 3 
21 22 25 34 10 19 15 0 13 35 39 27 32 38 
24 5 8 39 38 15 35 12 25 18 23 0 10 6 
0 12 17 4 22 18 21 25 38 29 36 19 33 1 
37 30 18 25 39 34 3 1 4 0 22 31 36 15 
38 15 25 28 17 35 11 0 19 29 39 10 3 8 
21 3 9 13 6 26 20 28 0 23 33 24 18 27 
0 21 3 22 14 11 25 19 30 27 39 28 24 16 
11 14 15 25 32 20 24 4 27 17 0 36 1 9 
1 18 0 13 14 38 24 32 7 4 25 33 21 20 
2 32 7 23 12 0 21 3 5 18 29 15 34 35 
0 9 16 21 36 27 20 6 24 35 22 18 37 7 
25 26 23 32 8 1 10 19 39 7 22 0 31 17 
11 8 26 19 7 17 28 32 18 36 24 38 0 16 
23 20 12 36 30 16 25 11 21 18 0 17 15 35 
18 0 11 32 8 3 22 34 38 31 6 25 12 23 
18 19 25 34 8 10 14 1 36 30 33 0 31 20 
21 1 7 16 38 29 0 34 6 17 8 13 25 5 
13 4 35 21 20 38 22 25 34 36 0 31 32 39 
25 11 24 13 36 31 32 15 0 28 33 10 9 8 
0 36 1 17 34 12 21 3 29 38 8 23 10 26 
31 21 39 20 9 17 4 6 16 23 28 0 3 11 
34 0 1 7 29 38 28 14 33 18 30 21 16 6 
17 8 14 11 19 29 37 38 9 31 25 15 20 0 
29 26 8 33 0 12 1 37 30 31 20 19 28 10 
29 34 38 27 8 6 0 3 12 15 2 39 32 30 
26 29 17 0 5 6 33 12 27 39 35 11 23 18 
23 21 0 29 18 34 10 1 4 38 26 5 30 28 
18 30 27 32 35 4 33 9 11 2 0 7 6 19 
38 7 36 15 2 6 25 16 0 37 33 8 30 5 
0 9 28 10 36 26 3 38 22 7 37 12 24 27 
25 18 2 38 15 21 19 5 29 32 6 36 1 0 
0 22 6 1 32 10 29 36 24 28 9 5 4 3 
8 16 17 36 1 9 31 18 39 3 15 28 0 22 
8 9 30 0 3 11 31 21 29 20 33 13 24 6 
35 9 28 24 30 0 11 6 7 19 21 10 36 23 
26 7 11 28 18 37 15 0 33 31 16 35 6 34 
1 24 29 32 23 0 7 13 14 37 34 26 38 6 
35 14 11 2 10 15 33 36 5 37 0 31 6 17 
21 19 14 0 27 33 2 22 1 13 6 5 30 17 
0 30 6 14 13 37 9 11 35 4 27 10 38 39 
15 20 37 18 10 35 23 38 0 28 16 31 30 24 
0 6 7 26 10 35 14 4 39 17 30 34 22 2 
23 34 0 32 10 11 5 21 17 36 39 2 28 13 
35 21 34 39 30 10 36 32 8 0 13 28 26 9 
27 9 22 23 10 34 14 21 0 13 6 8 24 37 
18 0 30 34 8 31 4 21 22 38 10 3 6 37 
19 33 7 16 30 3 24 4 0 37 10 35 28 34 
37 6 0 38 4 31 28 21 22 34 11 24 1 30 
6 27 1 28 21 25 32 7 33 0 26 12 5 11 
35 0 26 38 6 5 21 24 31 33 8 34 7 15 
35 24 23 22 38 0 4 2 13 33 19 15 21 10 
33 10 28 20 12 0 31 9 14 7 6 36 30 3 
35 5 18 16 27 8 12 0 20 34 24 39 14 6 
39 4 18 36 2 12 0 7 26 25 33 31 30 28 
35 12 37 28 25 32 4 34 23 26 8 38 0 21 
6 37 15 18 2 4 16 38 23 30 0 13 8 12 
14 9 33 11 34 19 7 21 2 37 0 25 13 8 
28 22 20 30 4 19 0 34 7 38 15 37 18 10 
36 25 17 0 38 1 22 26 5 10 37 24 29 14 
12 15 13 36 20 27 29 30 38 35 0 26 18 7 
12 4 16 35 34 30 14 0 11 25 1 39 31 26 
10 18 16 29 36 14 1 0 25 6 24 30 35 32 
0 20 30 2 32 29 39 1 7 9 15 22 8 37 
2 3 30 9 23 0 26 24 29 15 28 10 39 25 
37 29 14 17 2 0 38 5 24 30 7 11 26 39 
31 2 5 28 4 25 27 1 32 6 19 18 0 24 
28 24 11 18 33 29 0 8 17 37 25 7 39 10 
21 6 18 29 22 27 0 34 12 35 7 32 30 14 
29 30 38 16 2 0 5 24 36 14 6 10 39 8 
8 18 20 0 29 6 28 23 2 15 11 25 38 36 
32 6 27 39 37 19 0 26 2 20 9 15 31 30 
7 30 23 27 12 26 5 10 22 39 20 31 21 0 
23 8 2 9 0 16 12 29 26 36 11 33 14 30 
24 12 29 36 1 17 4 0 37 16 30 33 32 9 
11 16 25 6 36 0 27 5 28 30 34 7 35 4 
28 10 31 5 37 20 38 26 22 4 1 0 39 27 
2 0 15 10 9 39 11 3 31 21 18 7 6 4 
6 8 24 21 37 34 29 16 36 26 9 27 0 38 
15 33 37 24 27 2 13 3 28 1 22 20 5 0 
31 13 8 20 30 25 1 16 14 34 0 18 11 9 
11 36 38 3 30 15 22 5 7 4 19 24 27 0 
27 16 38 30 10 28 33 34 0 26 13 14 23 11 
19 34 20 18 21 10 38 37 0 9 13 36 4 25 
16 37 12 17 10 20 33 5 18 4 25 38 1 0 
25 22 21 12 17 29 18 34 11 8 35 15 0 33 
11 39 3 31 0 20 12 35 6 33 26 13 15 32 
34 16 37 32 13 21 4 6 14 17 0 26 20 22 
25 19 26 31 35 30 29 6 16 34 0 15 32 11 
33 34 10 12 35 27 39 32 0 36 13 17 7 38 
13 33 34 11 23 30 18 0 10 19 9 14 38 2 
20 21 0 27 16 32 24 11 25 4 26 37 3 39 
22 18 26 21 29 38 24 0 39 28 36 4 8 30 
26 20 36 17 6 34 30 28 37 0 16 21 14 38 
3 19 0 34 28 12 29 39 9 1 13 7 37 18 
23 28 21 0 6 35 22 10 37 29 31 36 14 12 
18 25 19 22 33 10 8 0 1 6 32 11 2 35 
29 25 10 26 36 2 18 8 21 22 0 14 13 38 
29 12 9 1 2 22 27 30 7 18 3 0 17 36 
0 8 24 25 15 16 12 4 2 31 30 10 39 37 
35 14 24 0 27 22 6 19 16 15 29 34 32 7 
0 26 17 30 11 10 5 22 14 18 21 25 38 27 
14 9 26 35 3 2 7 11 29 0 23 19 32 27 
8 23 37 0 25 33 19 9 6 22 14 5 12 24 
39 38 35 30 16 2 27 24 10 0 22 12 26 15 
2 7 14 26 0 6 4 35 25 32 12 1 36 9 
39 38 3 26 31 7 22 13 0 6 21 11 12 5 
31 1 27 32 23 33 22 5 0 21 2 17 12 37 
0 5 23 36 11 28 9 30 15 33 24 34 27 12 
33 22 18 1 4 0 7 6 9 23 2 13 15 19 
26 4 18 7 37 31 39 35 30 11 16 0 2 34 
36 28 21 16 0 9 18 35 27 34 23 1 10 32 
6 26 39 9 31 34 7 1 29 16 3 36 13 0 
7 30 31 0 22 35 17 34 27 2 4 29 16 23 
13 6 16 28 3 32 34 26 36 23 9 15 0 14 
13 16 12 11 32 34 0 24 10 33 2 23 1 8 
34 1 38 39 8 4 3 35 23 32 15 0 22 29 
2 14 1 10 24 6 28 25 34 0 23 7 20 5 
14 11 2 0 29 30 28 8 7 17 5 25 21 16 
39 30 25 17 15 29 0 21 8 33 18 9 16 13 
1 23 24 7 32 14 17 9 21 4 37 6 39 0 
27 18 14 35 30 0 13 39 25 36 33 4 23 21 
13 1 18 28 36 14 11 29 30 16 26 0 19 2 
3 29 9 18 13 35 33 31 11 30 1 38 0 36 
29 20 22 39 16 36 21 14 30 17 25 35 0 38 
33 32 25 28 13 19 11 8 16 0 7 17 9 34 
7 25 23 15 1 12 35 0 11 24 31 5 28 29 
6 14 28 2 19 23 4 21 27 0 34 39 9 8 
33 20 22 0 29 32 21 31 28 12 3 25 2 10 
18 0 5 26 2 28 14 27 24 3 12 22 4 19 
16 7 23 25 5 36 19 11 12 24 8 31 20 0 
24 0 31 12 14 2 34 16 3 8 10 27 4 22 
24 8 0 7 12 31 19 39 18 11 37 36 34 27 
7 21 30 1 32 13 12 0 31 24 37 33 28 11 
35 31 21 25 5 26 1 24 22 3 37 17 0 32 
4 34 39 22 30 0 14 17 2 25 37 35 1 8 
23 1 19 26 9 15 37 35 0 4 36 16 33 22 
37 11 5 3 35 23 2 14 22 38 29 21 0 12 
14 30 6 15 23 33 17 19 0 32 38 2 4 25 
18 21 30 7 20 13 5 24 8 28 2 32 23 0 
38 5 28 24 0 10 34 32 16 27 20 8 31 39 
29 22 3 12 16 19 28 20 11 35 0 33 26 2 
37 4 0 35 2 36 34 33 24 18 19 5 14 28 
11 25 38 4 7 16 0 23 39 32 8 18 12 2 
39 2 12 24 36 13 26 0 11 23 10 1 37 5 
27 16 30 29 13 36 32 0 24 35 18 37 31 10 
9 1 25 37 13 0 5 19 38 16 30 31 34 36 
3 14 2 11 17 19 38 32 36 5 34 25 0 4 
16 19 10 14 13 4 27 18 20 5 17 0 21 11 
5 35 26 38 11 6 0 16 32 3 14 22 9 12 
30 12 0 27 2 10 3 32 8 26 35 16 21 6 
27 19 25 17 11 23 0 30 18 7 28 37 8 22 
36 29 3 32 0 35 9 20 39 5 34 1 12 11 
27 28 21 3 36 12 22 17 2 0 38 34 39 4 
15 16 0 13 32 23 11 37 8 24 14 38 1 7 
20 22 32 19 31 0 37 5 17 16 2 10 25 36 
3 30 38 16 29 9 25 39 34 0 2 36 21 31 
32 22 38 3 13 29 23 6 34 19 8 26 30 0 
0 8 39 18 23 13 29 36 24 30 34 33 11 10 
0 4 26 6 21 14 5 39 1 36 37 12 33 10 
12 35 5 6 34 18 24 0 15 30 38 21 36 2 
15 4 30 7 11 29 19 38 2 0 6 39 13 17 
3 20 30 32 24 31 4 29 33 26 17 0 1 23 
36 18 4 14 29 11 27 0 20 21 22 16 12 19 
11 32 25 9 20 2 14 23 7 0 38 21 28 12 
36 38 11 34 23 17 31 0 18 1 5 22 20 25 
9 23 14 39 37 8 10 35 12 3 31 0 34 7 
37 29 11 4 30 27 34 0 19 16 38 13 3 21 
39 27 31 23 7 0 13 4 32 24 35 6 26 12 
14 22 27 4 8 7 3 10 39 0 31 32 9 21 
4 35 21 2 22 3 29 38 12 24 28 36 0 26 
7 34 17 20 33 23 38 19 32 31 22 4 0 10 
2 21 7 39 1 12 19 8 17 36 24 32 6 0 
35 33 2 21 0 31 15 30 18 16 28 34 11 20 
9 24 34 5 27 25 28 26 20 38 0 30 22 8 
22 30 26 9 12 7 18 5 1 32 0 29 31 28 
30 32 14 0 19 6 27 3 26 24 20 29 25 10 
34 6 30 2 33 25 31 35 27 0 19 12 32 7 
5 0 4 36 34 14 39 29 8 22 13 27 9 6 
31 20 21 23 34 5 28 18 38 13 22 36 8 0 
34 13 0 35 22 21 5 15 28 27 29 30 12 33 
4 6 27 31 0 34 17 39 33 24 13 10 28 32 
33 22 2 29 12 0 8 16 15 20 6 26 17 36 
26 18 39 19 20 1 34 11 30 12 33 14 10 0 
32 28 14 19 0 31 26 6 34 5 29 10 20 16 
14 0 29 30 9 22 31 11 36 7 4 8 32 38 
22 37 39 13 35 17 38 5 8 32 9 14 0 24 
23 7 15 14 3 18 34 37 30 24 8 0 31 28 
0 9 24 8 26 19 32 15 33 6 31 37 35 18 
0 23 13 31 37 5 27 36 35 7 22 21 25 3 
28 0 31 29 3 20 10 18 17 34 12 15 6 33 
34 38 31 12 8 7 2 0 39 23 35 28 9 30 
24 28 14 33 19 0 10 1 20 3 7 21 12 30 
0 26 27 10 12 29 1 7 35 33 11 22 25 3 
18 32 25 33 20 26 4 28 36 39 0 34 5 1 
0 33 25 26 1 12 38 28 3 13 39 15 5 8 
9 22 1 21 33 12 29 30 15 35 34 16 5 0 
0 6 21 3 2 31 18 13 11 29 35 27 17 19 
9 36 11 0 27 15 37 3 6 18 26 25 35 20 
0 20 28 1 29 19 4 36 30 38 37 22 23 32 
21 22 32 10 0 26 16 39 5 1 15 29 33 34 
34 37 5 31 3 20 28 0 19 30 26 10 9 4 
23 7 20 27 25 19 8 16 3 28 0 14 31 11 
19 28 22 0 30 23 14 5 11 35 9 2 16 32 
5 30 12 9 39 21 18 8 24 36 35 23 0 27 
12 0 6 5 4 37 20 24 17 26 9 31 7 32 
2 1 27 24 13 17 0 19 16 35 39 29 10 25 
10 1 9 12 16 0 24 34 39 36 38 6 18 37 
0 34 7 35 30 6 18 9 29 21 25 33 37 28 
28 24 33 27 8 10 0 11 20 26 35 6 31 36 
28 19 1 22 31 32 39 2 0 14 18 21 8 10 
4 39 5 1 11 2 37 15 12 22 8 16 26 0 
34 4 14 6 30 5 11 17 0 7 25 2 32 1 
36 21 39 14 8 11 10 34 1 24 17 0 18 2 
23 15 33 0 7 8 37 38 9 29 34 26 17 39 
6 14 0 8 28 34 12 16 35 26 23 33 25 22 
20 22 37 0 19 4 9 38 10 8 15 3 33 17 
37 12 22 16 15 27 24 39 2 0 3 30 9 7 
6 0 22 36 23 12 18 8 3 9 24 2 21 26 
14 33 39 11 22 21 26 34 2 7 23 19 1 0 
28 25 39 7 0 10 2 35 27 15 3 23 38 8 
13 5 29 25 21 1 27 22 6 8 14 32 0 35 
11 0 26 24 1 17 37 23 20 38 35 28 25 33 
16 32 15 31 5 1 0 22 14 10 36 24 39 20 
32 23 37 4 31 0 8 29 5 25 21 39 38 36 
17 14 39 0 5 22 21 7 37 24 33 36 25 11 
14 21 24 5 39 0 36 33 23 15 22 20 4 18 
23 18 22 28 11 3 19 34 38 30 0 29 27 4 
9 15 24 35 14 0 16 8 6 36 4 20 26 3 
6 7 12 17 35 2 39 5 11 24 34 27 0 25 
34 20 23 27 33 14 13 3 6 32 4 9 24 0 
27 36 34 33 6 15 32 22 21 3 35 37 10 0 
5 26 16 20 18 7 39 34 24 8 0 10 38 37 
19 35 14 20 8 0 33 5 17 31 23 12 11 1 
28 25 20 23 12 34 2 17 21 22 5 11 1 0 
29 20 27 15 39 11 5 32 19 21 30 26 0 1 
24 32 38 3 13 1 11 0 7 21 25 4 18 30 
19 27 8 35 0 9 17 2 34 4 38 31 6 32 
22 18 33 29 8 21 0 32 28 4 5 37 24 1 
33 7 27 32 4 0 24 2 34 29 25 3 17 10 
5 26 17 6 18 10 2 35 0 34 28 23 30 31 
27 16 0 38 37 10 33 7 19 31 23 39 12 8 
10 12 32 30 17 18 6 0 13 15 35 4 26 19 
0 2 18 9 6 29 5 8 1 36 10 22 14 15 
14 22 1 11 21 4 13 36 25 10 20 17 0 9 
13 18 0 39 28 35 36 11 15 1 9 23 27 17 
3 7 23 12 13 26 6 8 25 18 0 33 29 10 
0 28 20 19 8 13 18 22 32 38 26 7 17 23 
0 31 11 13 12 20 38 7 30 37 34 1 4 27 
16 6 2 32 19 39 22 25 34 35 7 5 0 24 
8 9 6 20 30 15 18 39 4 23 7 36 37 0 
9 35 0 33 25 12 28 27 14 36 5 37 16 15 
20 8 17 38 27 0 24 3 25 39 10 26 16 9 
14 2 34 19 22 5 9 24 11 23 27 30 13 0 
33 32 31 28 11 26 14 2 17 37 35 8 0 4 
9 7 25 22 19 21 27 4 0 28 6 5 34 11 
13 19 33 38 2 22 21 24 6 4 28 0 35 32 
27 26 2 13 31 0 6 29 22 10 20 17 35 4 
36 15 25 4 14 29 13 3 35 31 0 16 7 19 
31 33 21 30 10 23 1 26 6 12 2 7 17 0 
6 16 8 37 3 18 4 17 0 21 36 29 32 27 
24 27 37 2 19 0 12 1 38 20 5 8 39 10 
20 10 36 30 37 39 1 0 14 6 31 22 32 27 
11 7 12 14 0 13 34 36 32 30 3 29 4 22 
13 27 38 35 10 5 20 0 36 37 39 21 8 4 
37 31 5 32 15 12 10 25 4 7 24 0 34 17 
38 18 12 0 17 9 3 31 35 16 34 11 2 15 
9 4 33 32 26 7 36 5 1 0 34 3 23 14 
34 30 0 5 7 35 27 13 24 36 31 37 3 17 
3 34 11 10 14 9 21 26 24 38 12 2 32 0 
34 28 15 17 16 39 7 1 30 12 19 23 31 0 
20 34 18 0 7 22 14 19 31 32 10 21 2 24 
15 1 9 0 28 18 5 7 38 35 4 37 8 12 
13 15 26 1 0 33 37 28 35 16 23 5 18 36 
33 29 37 27 24 0 5 39 19 30 26 36 16 12 
39 9 31 10 0 35 18 16 23 36 37 13 5 24 
25 36 11 34 7 22 28 18 33 20 0 17 15 29 
35 14 9 29 16 7 1 31 0 5 21 26 36 15 
5 14 15 35 12 11 17 16 2 0 6 21 34 30 
12 4 7 9 27 31 3 34 10 2 11 25 21 0 
14 19 15 0 3 11 2 27 24 38 12 33 8 29 
2 10 14 24 11 38 32 33 25 8 17 0 20 9 
13 12 10 25 5 24 9 2 3 15 8 7 32 0 
17 8 14 23 0 19 38 20 4 2 32 22 21 31 
2 23 13 31 38 1 32 0 34 14 27 5 15 3 
16 27 15 21 11 28 4 29 7 31 0 14 1 34 
23 2 22 35 17 12 24 29 7 0 30 11 10 9 
1 32 17 16 8 10 0 4 20 3 35 33 37 22 
3 0 19 4 37 39 28 23 33 38 25 26 27 10 
8 36 18 7 5 26 10 0 14 34 31 35 6 24 
24 7 37 32 17 1 29 23 9 15 21 0 6 2 
18 0 1 6 35 12 19 33 11 37 5 21 28 23 
8 2 38 22 17 6 16 13 21 27 12 36 0 11 
27 33 23 0 1 18 11 12 7 24 34 2 21 20 
32 8 15 38 39 1 13 33 30 0 31 14 12 18 
12 30 0 13 4 34 36 22 16 24 5 19 10 32 
20 0 4 10 1 5 17 25 36 38 26 33 14 28 
26 17 37 34 20 6 9 18 19 4 11 0 38 25 
23 22 19 10 36 12 13 20 17 33 11 0 26 24 
37 36 7 27 15 19 9 28 0 6 1 4 32 35 
22 30 9 28 12 2 5 4 23 10 14 34 11 0 
37 30 29 22 28 0 2 17 19 20 6 24 32 18 
1 29 14 10 36 9 18 7 20 22 27 0 33 30 
10 23 38 32 16 3 2 4 26 5 25 39 0 34 
20 39 8 11 24 31 37 12 35 0 6 21 30 22 
27 33 7 11 9 22 19 17 21 34 37 14 25 0 
18 4 36 32 6 13 8 19 9 26 3 23 28 0 
9 10 1 28 0 13 31 32 11 3 24 34 29 15 
18 23 30 13 29 9 27 12 39 28 0 20 11 35 
32 0 39 19 22 11 37 23 17 5 36 28 24 6 
27 5 1 25 19 0 29 6 34 28 32 30 15 14 
25 30 24 16 9 26 6 33 22 23 0 28 32 36 
37 34 8 10 13 39 30 19 35 11 16 21 15 0 
19 39 20 2 17 32 5 0 10 16 27 28 25 6 
12 4 37 0 20 39 6 14 27 19 22 5 34 10 
13 11 38 27 36 0 10 20 24 26 16 31 25 29 
30 35 34 29 0 39 4 24 37 22 19 16 5 7 
32 0 37 36 35 11 12 24 7 22 18 33 9 19 
10 36 20 11 3 24 9 32 8 4 2 15 0 16 
24 37 25 13 5 7 16 12 8 1 0 19 2 23 
31 20 32 1 4 0 35 10 24 28 12 21 6 15 
14 23 0 26 19 29 37 7 31 18 20 11 39 5 
25 30 35 17 26 1 36 23 33 0 16 24 22 15 
20 19 33 9 3 16 10 30 34 8 0 24 6 17 
1 22 33 6 9 10 29 30 18 14 0 24 37 34 
13 18 25 29 21 27 17 12 7 0 1 24 23 37 
7 33 35 4 0 27 18 38 12 10 6 8 25 22 
10 37 15 35 12 16 4 20 25 5 23 39 0 13 
4 3 20 32 5 18 36 21 11 35 39 0 38 13 
13 31 32 2 25 38 22 7 23 39 34 11 0 19 
0 18 37 20 4 27 7 1 16 35 24 34 30 29 
27 4 22 32 11 19 25 20 38 15 2 0 8 12 
21 4 25 1 2 23 5 35 38 27 0 36 30 28 
21 8 5 16 6 34 31 37 35 39 38 18 0 9 
26 6 7 22 23 34 32 16 37 33 0 39 11 12 
16 26 25 10 0 3 34 21 6 30 39 18 32 38 
0 32 21 5 15 23 16 35 17 12 13 37 29 34 
31 29 14 8 28 39 5 22 24 0 2 33 34 10 
2 1 0 20 25 3 17 27 12 8 35 22 19 7 
2 33 25 17 13 37 11 19 0 7 4 20 23 16 
15 32 29 34 4 6 33 9 18 0 19 22 1 7 
22 38 18 32 23 31 37 0 27 4 16 15 26 14 
22 12 15 1 24 38 26 8 32 6 35 37 0 9 
38 0 35 6 8 37 19 34 2 32 3 20 21 22 
37 12 34 0 24 32 9 33 28 15 2 23 36 39 
18 20 11 5 33 6 25 32 15 21 24 26 31 0 
31 12 22 32 0 39 24 4 10 17 11 2 6 35 
19 15 1 20 26 23 8 38 4 25 22 27 2 0 
17 31 30 3 24 0 33 27 29 26 36 15 4 12 
12 19 21 5 31 39 22 32 7 8 14 0 24 36 
0 1 17 27 37 11 14 21 28 5 35 26 6 8 
8 39 18 34 5 25 17 21 32 9 20 31 0 33 
31 30 12 6 37 21 20 2 35 22 0 14 5 13 
36 12 10 13 8 39 29 0 14 26 30 22 33 31 
30 0 35 5 4 18 36 16 11 14 25 19 23 37 
33 27 10 9 26 1 25 38 20 16 0 24 5 18 
32 33 22 14 36 26 21 11 25 2 8 20 0 28 
19 3 1 38 13 20 30 21 27 24 29 15 0 4 
12 35 27 24 31 26 0 32 25 1 10 14 29 28 
9 38 10 27 0 16 22 6 33 32 26 3 24 39 
11 0 26 6 38 12 7 33 2 9 8 23 32 10 
33 32 29 0 26 13 12 6 36 17 1 38 27 23 
25 20 7 23 22 12 27 35 8 18 21 13 34 0 
26 3 36 27 14 11 2 24 37 13 23 0 15 4 
22 9 28 13 11 0 14 24 8 26 10 32 39 35 
25 19 20 4 28 32 33 34 3 30 38 37 35 0 
36 17 0 2 32 35 7 3 38 25 9 37 29 15 
34 24 27 37 16 9 0 2 14 38 10 7 12 20 
0 38 36 12 14 23 24 31 8 29 3 11 32 39 
9 34 22 0 31 36 39 35 14 13 24 10 29 11 
0 31 12 15 20 19 36 33 27 10 25 30 2 22 
8 32 35 38 29 37 13 0 12 21 18 10 4 17 
20 2 6 10 12 0 1 5 33 36 14 18 25 8 
0 29 38 11 13 1 36 16 39 24 32 28 7 31 
38 2 1 15 31 17 11 32 24 36 14 9 0 35 
0 3 4 8 2 39 7 5 16 23 19 21 36 14 
21 3 22 10 0 13 15 29 8 9 33 12 39 1 
9 31 6 12 34 30 38 36 0 28 18 29 14 37 
14 39 18 22 24 0 12 37 3 4 2 8 27 6 
15 2 32 37 8 24 5 0 10 7 31 34 17 12 
0 12 36 17 7 25 16 15 19 13 4 33 39 23 
14 20 34 0 35 38 6 8 26 17 2 21 37 25 
5 9 18 35 13 39 15 27 21 25 0 29 34 17 
39 5 26 2 4 16 15 34 3 22 0 19 12 1 
34 35 26 33 31 0 17 15 3 20 27 2 5 23 
31 5 3 39 17 12 16 11 35 8 1 0 18 33 
0 35 24 21 20 9 25 5 30 3 8 38 31 19 
11 21 14 38 23 3 0 37 29 9 25 19 33 2 
28 17 16 38 20 8 3 0 22 6 13 7 11 12 
35 21 29 24 18 5 38 15 9 22 13 25 0 3 
10 3 36 16 0 30 1 26 34 14 38 18 29 12 
3 18 5 28 24 9 6 29 20 0 36 15 4 13 
15 21 7 11 0 26 9 38 39 3 35 20 14 5 
38 35 16 5 13 0 23 8 6 25 7 28 14 20 
16 26 0 12 37 24 25 6 31 10 29 19 15 3 
16 12 11 28 10 37 29 6 38 33 39 0 26 3 
38 26 23 27 0 22 34 16 24 19 28 37 2 8 
28 22 11 39 15 10 3 25 21 0 5 7 4 36 
39 29 25 18 11 20 35 0 33 3 22 1 36 4 
12 38 11 31 32 39 7 0 36 20 29 8 2 15 
0 37 17 21 23 24 33 13 22 18 10 14 2 39 
2 8 5 12 37 38 0 29 39 26 31 21 33 27 
14 19 4 38 22 7 37 26 8 20 33 0 32 23 
6 32 20 9 19 39 17 0 28 21 18 4 23 36 
19 35 13 0 36 26 27 15 17 3 8 33 14 38 
31 7 0 25 16 18 10 24 3 4 39 30 26 35 
26 2 19 38 14 12 0 39 17 35 31 37 1 22 
33 26 22 23 31 0 11 20 38 13 1 16 12 25 
20 35 27 0 8 21 5 39 17 26 2 32 33 18 
35 36 30 20 19 26 37 29 22 9 17 28 2 0 
34 28 24 0 8 23 13 20 27 37 31 10 16 2 
18 38 37 11 16 10 0 5 2 24 22 35 26 27 
16 7 24 0 5 10 35 19 2 1 6 39 8 14 
9 8 11 21 4 3 2 28 13 23 19 0 17 14 
30 2 37 24 16 28 0 39 17 22 3 29 25 34 
23 11 37 17 21 9 0 13 27 35 29 10 15 26 
14 7 15 16 33 36 1 25 8 23 0 30 27 35 
2 31 19 6 13 0 37 21 34 11 7 39 32 35 
35 32 8 14 28 0 11 18 26 3 2 10 12 17 
31 25 0 39 15 9 35 21 24 3 30 12 22 19 
26 6 0 29 3 30 27 35 31 2 39 34 13 25 
4 9 17 39 31 16 22 34 36 24 0 37 20 2 
27 7 34 20 14 36 18 0 2 28 31 16 21 38 
38 35 0 36 22 37 21 31 3 9 30 16 33 26 
32 35 9 26 30 5 38 2 15 0 39 12 25 1 
16 20 28 34 1 14 5 10 0 19 12 13 9 22 
5 34 31 22 12 7 18 0 36 25 8 33 14 15 
26 24 23 35 19 17 0 28 30 38 8 33 37 12 
32 13 36 12 9 8 23 28 22 18 25 0 30 16 
23 29 5 33 35 16 28 1 19 39 0 20 30 11 
3 38 27 16 36 2 10 33 18 12 39 0 28 14 
7 20 31 21 0 25 12 22 37 14 27 4 18 10 
16 5 0 23 26 20 6 25 10 28 22 4 27 29 
8 18 30 27 1 13 6 0 20 33 22 11 28 31 
11 17 15 24 26 30 21 4 20 23 2 0 22 7 
16 36 17 22 0 24 19 30 8 15 9 20 33 23 
1 21 0 37 20 29 12 27 10 13 36 4 3 8 
11 20 8 13 0 24 9 16 14 32 2 7 34 21 
30 20 8 18 37 0 36 14 9 16 15 25 19 35 
34 17 25 24 5 26 38 0 16 9 28 23 1 6 
23 5 18 32 30 10 33 3 13 16 0 9 36 8 
35 7 9 26 2 30 34 0 4 25 10 29 1 37 
11 29 5 19 4 31 16 0 18 2 26 25 24 32 
35 32 20 0 10 4 12 30 16 18 19 24 9 33 
39 22 19 17 7 27 20 0 15 25 32 3 13 30 
22 2 0 1 7 27 28 32 11 24 21 39 12 16 
38 30 1 31 13 11 39 18 34 36 15 2 0 17 
31 14 16 3 36 20 13 0 28 24 39 9 34 26 
22 17 29 35 25 38 2 27 37 0 33 20 28 26 
19 28 7 17 5 21 0 39 22 29 27 30 36 26 
33 29 2 34 0 3 37 18 14 17 35 8 16 5 
37 38 24 31 32 9 16 28 27 19 26 0 14 8 
27 34 14 5 11 28 30 9 36 24 31 35 0 39 
18 31 28 9 7 37 0 2 21 15 22 19 23 24 
14 4 29 23 17 37 18 36 25 28 27 32 7 0 
36 7 38 28 35 30 18 6 21 10 0 1 31 2 
27 0 19 8 25 6 31 39 36 34 13 18 15 28 
28 39 25 12 37 33 21 36 6 24 19 31 32 0 
33 8 1 37 9 23 11 14 2 39 30 34 0 24 
24 19 31 6 5 1 26 20 37 17 21 0 3 32 
27 35 29 9 3 1 15 14 7 0 2 18 28 21 
29 16 13 6 35 0 19 21 1 37 27 38 32 10 
10 12 27 0 33 39 14 16 35 20 8 37 9 13 
0 34 3 4 13 16 22 37 38 8 31 30 25 1 
3 17 2 4 20 15 1 0 25 35 27 16 38 14 
12 19 16 9 0 32 25 6 20 5 27 11 4 29 
0 8 7 1 33 10 4 38 14 32 21 35 36 31 
17 9 36 4 11 1 16 6 0 26 5 37 35 10 
36 3 26 24 35 11 20 23 18 5 8 28 6 0 
29 25 33 23 1 39 15 28 8 19 0 31 24 27 
16 12 30 5 38 0 15 8 4 18 11 6 34 36 
32 22 31 20 7 3 21 4 8 2 17 11 26 0 
6 24 0 28 9 3 33 32 30 7 15 20 38 31 
0 7 5 17 25 35 26 19 10 9 33 38 23 39 
26 36 9 8 23 39 12 33 30 27 38 35 0 21 
8 35 31 32 17 0 28 20 3 26 18 11 9 36 
16 2 4 0 8 37 15 36 22 35 38 27 24 17 
3 13 32 11 5 10 20 0 29 23 1 34 25 30 
1 6 36 0 7 15 19 18 14 8 32 4 11 20 
16 32 36 6 25 13 37 0 7 1 31 14 17 9 
26 32 30 10 35 0 23 19 7 4 39 17 34 16 
0 17 28 12 9 38 39 27 14 11 29 5 6 19 
27 23 13 17 9 39 30 2 22 18 19 0 16 7 
28 4 2 11 24 19 33 39 7 37 14 29 12 0 
22 39 17 28 1 23 29 19 38 20 8 30 15 0 
9 22 12 15 13 10 37 14 3 35 1 20 27 0 
2 0 9 6 32 34 37 10 11 13 12 24 19 21 
16 22 38 32 29 21 11 33 24 25 34 0 5 9 
0 29 34 25 9 21 11 14 33 8 20 17 15 32 
27 4 14 21 1 39 37 6 0 3 7 16 34 15 
18 0 35 19 37 32 29 28 33 27 1 6 2 36 
17 1 0 36 5 26 7 32 19 38 10 18 6 24 
37 3 4 15 14 38 30 26 21 33 5 25 0 35 
21 16 19 1 17 25 29 11 15 14 27 5 0 3 
13 29 27 26 5 9 22 12 8 19 24 0 21 31 
3 34 2 7 27 14 20 5 19 1 0 22 30 4 
19 39 25 12 9 15 4 8 17 0 11 20 31 27 
36 18 24 21 28 0 37 8 35 26 7 29 23 11 
21 14 15 0 39 13 19 5 8 27 10 17 32 35 
0 3 20 9 22 4 23 38 29 32 35 5 39 37 
17 27 25 9 31 0 22 15 12 13 39 19 24 36 
2 39 27 29 35 25 17 18 0 15 6 20 38 8 
15 18 34 0 37 16 30 33 8 28 24 23 38 31 
0 26 13 9 27 16 34 12 29 8 17 39 1 18 
39 36 19 14 0 18 21 38 4 13 10 28 32 5 
17 12 23 31 21 25 35 0 8 9 5 37 32 26 
15 13 18 0 14 23 38 12 24 25 30 6 28 16 
31 30 16 0 11 21 6 1 37 22 24 17 19 33 
37 33 5 16 24 26 0 7 32 12 13 2 23 3 
3 27 0 10 22 9 12 13 37 29 14 7 24 21 
12 6 39 0 8 20 17 9 11 22 36 16 31 21 
20 39 36 37 19 4 18 27 16 1 0 30 3 28 
39 28 7 17 2 31 6 16 13 29 23 15 0 3 
23 27 15 39 21 28 10 29 25 30 22 2 0 26 
29 28 2 20 4 14 13 24 18 10 0 19 22 27 
17 18 14 23 3 5 25 6 7 0 8 29 31 35 
21 17 1 25 0 30 10 38 36 6 29 28 37 18 
30 25 22 12 33 27 38 13 28 24 11 34 36 0 
8 0 35 39 18 34 26 2 5 3 14 9 15 28 
11 8 20 14 25 18 0 4 31 28 29 17 1 3 
3 24 0 21 34 20 28 17 2 4 33 37 6 8 
7 19 38 36 26 24 30 0 23 6 37 32 25 12 
34 0 32 4 19 21 35 30 10 1 15 2 31 14 
0 27 21 23 17 5 16 12 4 30 36 11 39 35 
29 38 25 39 14 23 0 8 21 19 7 34 4 31 
39 2 7 16 11 35 21 20 34 31 33 0 8 9 
25 17 8 11 7 33 2 4 0 21 22 32 14 6 
1 25 32 15 14 38 0 33 26 31 16 22 37 29 
4 5 39 18 35 37 12 33 21 15 30 19 3 0 
22 11 26 14 3 28 0 6 39 5 25 10 24 37 
39 12 10 0 31 7 29 32 28 30 3 6 11 8 
17 9 36 12 18 15 5 8 19 34 1 29 24 0 
31 35 36 24 30 28 7 9 20 18 23 26 0 15 
2 17 4 18 27 0 5 38 14 19 22 16 33 39 
39 8 38 17 10 36 1 24 0 3 6 11 7 13 
36 37 21 4 3 15 34 19 31 38 0 20 6 17 
20 8 13 3 23 38 30 0 9 34 32 37 35 39 
3 13 26 20 19 16 9 27 31 21 32 22 0 24 
0 23 25 12 4 27 2 7 38 15 29 26 21 35 
11 21 24 17 20 26 29 0 8 14 23 18 3 30 
36 15 30 2 38 27 33 23 16 20 11 7 0 9 
12 11 34 35 4 0 30 37 7 28 24 15 32 9 
0 24 18 29 3 4 26 23 31 30 37 33 28 39 
9 20 29 22 25 1 28 24 12 35 4 0 36 32 
26 20 4 25 30 1 13 5 23 0 31 27 10 19 
10 17 7 39 20 0 32 16 28 19 30 27 3 15 
31 6 17 22 33 14 39 34 0 29 38 25 13 10 
0 10 16 24 29 27 19 20 5 26 15 35 6 32 
14 33 1 9 18 28 35 2 15 20 27 0 24 19 
3 16 20 30 21 35 5 13 32 19 39 7 0 31 
29 22 21 32 25 2 14 31 0 10 18 5 4 19 
13 25 18 24 31 26 0 33 2 6 36 22 15 16 
23 14 36 2 6 35 30 0 29 16 13 12 39 31 
35 24 6 39 22 33 2 36 12 27 16 4 0 19 
32 4 10 14 22 30 17 35 15 2 31 0 1 13 
19 30 14 33 16 1 12 8 0 5 6 11 24 17 
6 2 24 7 26 0 5 37 13 27 9 30 10 3 
0 11 23 10 4 25 30 24 22 6 17 1 37 9 
38 37 7 29 16 8 3 32 35 24 0 9 19 39 
3 32 0 2 11 22 37 20 36 35 28 17 8 31 
1 8 12 34 32 31 16 28 10 0 3 30 25 18 
21 24 28 26 38 22 5 18 23 2 8 33 0 29 
12 29 18 37 21 31 19 22 15 2 34 0 16 39 
0 18 12 27 9 10 17 34 13 8 35 1 23 14 
34 2 11 3 28 9 4 0 29 39 36 24 12 7 
13 0 8 10 20 22 11 15 14 4 3 38 39 2 
8 17 20 9 28 12 21 15 4 29 0 1 14 35 
27 37 38 7 18 16 3 0 35 34 9 24 6 19 
13 2 32 36 30 15 0 17 37 5 31 27 1 39 
0 31 13 28 24 18 29 32 27 9 22 6 5 1 
24 19 14 0 23 21 38 8 25 31 32 10 18 6 
0 36 28 9 24 23 7 14 16 25 38 34 18 31 
38 27 32 36 4 0 35 23 39 22 10 33 8 6 
39 35 17 1 0 24 34 20 9 29 23 33 31 22 
36 35 0 37 34 38 9 39 13 1 3 14 26 21 
20 0 5 19 2 21 17 11 26 31 33 22 6 34 
0 33 29 24 39 17 9 5 22 23 16 8 20 14 
38 26 34 0 22 25 28 15 19 18 4 7 21 11 
32 35 38 0 39 21 7 27 4 28 18 16 34 13 
31 34 2 29 0 32 11 15 22 13 12 20 37 36 
31 14 21 26 22 3 4 28 13 34 29 0 23 19 
37 22 27 7 29 21 3 16 36 14 18 8 26 0 
6 21 19 17 22 7 16 24 4 14 38 0 34 3 
38 8 15 28 5 24 0 30 29 13 32 9 37 26 
26 29 7 0 15 10 11 12 37 18 23 2 1 13 
17 10 12 9 19 15 30 0 37 20 26 39 33 11 
5 18 0 23 14 29 22 19 12 38 6 2 27 37 
37 18 36 35 34 16 39 38 0 30 14 24 31 33 
21 16 25 24 30 7 26 8 33 6 31 9 39 0 
25 24 20 27 18 0 9 23 29 6 5 15 8 1 
16 22 18 34 6 36 7 4 19 39 9 10 12 0 
12 33 38 8 35 0 13 6 26 10 39 36 7 25 
2 3 14 24 31 5 7 6 0 32 17 20 21 29 
0 7 22 32 12 25 3 1 16 17 11 13 26 38 
13 8 30 10 35 22 7 39 17 4 21 18 0 19 
16 28 2 0 26 31 32 5 15 19 23 38 3 11 
16 11 28 22 4 34 20 29 21 13 0 14 6 25 
5 31 12 26 15 21 35 14 0 29 39 30 25 33 
22 5 31 25 11 18 21 3 0 8 2 13 10 20 
8 23 33 25 3 4 37 29 36 5 28 0 14 6 
10 21 4 0 11 5 16 19 3 2 15 24 32 22 
21 24 5 31 27 14 22 20 0 4 29 12 39 37 
3 36 25 1 38 0 31 22 29 39 14 13 24 20 
2 16 28 29 20 22 31 10 8 38 32 12 0 7 
28 0 3 18 34 8 31 17 30 33 9 23 1 21 
21 33 26 25 20 24 0 6 15 34 30 1 28 10 
39 34 13 14 3 0 21 16 1 19 9 30 2 6 
11 39 22 0 12 6 7 28 16 18 10 36 29 9 
27 0 4 28 1 18 9 5 13 3 12 22 8 23 
3 31 9 5 8 15 26 7 35 14 17 28 6 0 
0 30 38 10 35 28 23 15 33 31 39 8 1 19 
34 29 18 13 30 5 0 3 15 8 16 25 19 31 
19 15 26 5 14 13 23 12 27 9 34 0 36 18 
19 3 34 29 23 12 9 21 0 8 18 1 14 13 
8 34 19 9 28 29 36 0 4 10 37 25 33 31 
18 0 17 31 7 34 16 39 15 14 30 6 10 13 
33 12 32 38 19 0 3 1 21 8 17 27 26 13 
25 19 18 24 13 34 12 0 23 4 37 6 20 39 
1 6 21 36 0 26 20 11 23 9 4 3 38 24 
21 15 33 5 0 27 38 28 18 10 3 17 31 24 
35 19 8 0 34 4 32 2 29 33 17 25 16 9 
29 2 16 7 0 25 30 37 8 23 18 14 22 20 
38 27 8 35 20 23 2 37 12 15 0 7 26 3 
32 24 14 0 30 2 6 23 13 28 5 29 10 12 
0 16 38 6 3 24 35 11 37 26 27 14 39 15 
12 16 35 9 0 36 2 21 8 3 37 29 30 26 
22 1 12 5 17 34 6 30 32 13 33 0 25 15 
8 7 33 29 3 24 16 15 22 0 13 18 2 12 
3 37 13 21 0 6 9 10 18 16 5 2 39 22 
30 13 29 19 34 36 4 0 24 33 7 26 17 3 
10 38 28 39 20 26 33 6 34 25 14 0 22 31 
37 18 0 28 38 19 39 26 7 2 12 29 35 36 
38 0 12 24 19 34 5 14 20 26 35 31 22 28 
0 37 8 16 5 26 19 2 20 28 9 29 4 35 
18 35 31 12 0 13 36 3 5 14 32 7 27 20 
29 1 9 10 18 23 19 13 39 37 6 0 27 33 
17 8 24 37 5 19 4 36 0 26 33 39 20 28 
9 3 35 19 13 1 20 0 26 34 37 11 28 33 
25 26 36 22 1 0 7 4 28 15 13 32 8 14 
12 33 38 10 9 11 6 15 17 21 26 28 0 25 
19 22 37 28 3 39 16 12 38 0 8 17 20 32 
20 32 2 0 25 30 9 22 1 37 28 26 18 24 
27 17 1 9 38 39 31 29 6 15 37 25 0 21 
5 0 9 11 21 23 3 10 29 17 34 19 18 39 
20 24 7 30 35 3 6 39 11 37 1 28 0 19 
38 0 39 10 3 21 11 31 2 6 5 34 27 19 
39 10 34 24 19 23 31 0 7 37 15 9 16 35 
28 30 5 15 2 34 13 25 35 39 0 6 9 4 
32 2 21 9 13 30 5 29 0 26 25 38 37 4 
22 0 2 38 8 16 1 4 33 30 31 34 15 10 
15 4 33 38 36 26 37 7 19 0 1 23 14 25 
23 5 14 18 22 39 26 0 12 13 6 25 16 29 
31 32 26 0 22 30 2 37 15 33 18 14 13 20 
38 29 1 21 6 2 5 9 11 19 0 14 10 8 
27 12 2 35 21 32 25 39 0 14 19 17 28 34 
26 14 18 0 10 35 32 15 38 20 33 34 2 37 
22 21 13 8 19 0 30 5 15 29 12 3 32 18 
