15 0 24 27 13 7 10 33 35 29 38 25 23 11 
32 13 0 2 15 20 25 19 12 14 37 17 39 27 
21 0 34 17 37 16 3 32 5 2 13 27 9 8 
10 28 37 7 19 23 35 6 36 34 0 16 39 27 
20 28 7 8 6 31 0 19 10 26 5 29 39 13 
27 35 22 0 17 4 38 10 20 33 6 25 39 31 
0 28 7 35 3 34 36 1 14 17 20 11 13 33 
34 0 2 26 15 14 7 28 25 16 1 35 21 19 
0 32 13 5 35 1 2 10 17 14 9 29 11 4 
4 21 7 19 2 30 38 24 23 3 29 25 11 0 
36 19 31 27 2 9 18 7 14 5 11 0 17 30 
32 1 29 5 31 21 8 17 12 24 7 0 11 15 
19 7 4 20 6 24 25 37 39 0 27 22 12 21 
27 36 25 9 10 8 22 19 35 31 0 39 24 3 
17 18 14 15 29 16 37 1 5 33 0 22 36 26 
0 9 29 13 21 3 30 1 2 32 11 28 18 16 
12 36 9 20 0 35 23 18 17 13 27 11 22 21 
16 3 15 23 21 39 17 25 34 29 12 18 0 31 
37 1 12 11 21 31 35 27 0 8 23 16 39 4 
38 31 6 16 29 23 20 36 15 28 25 11 0 2 
38 32 0 26 17 29 39 21 8 7 14 36 1 20 
18 23 29 0 12 28 11 31 32 36 13 21 4 5 
2 0 17 13 26 34 16 19 14 8 22 9 18 24 
5 17 14 30 39 11 26 25 1 36 27 31 18 0 
29 5 36 10 21 3 39 35 9 19 38 33 0 14 
31 13 26 28 9 30 5 29 0 36 16 19 38 6 
31 34 15 8 21 0 6 10 3 18 9 2 29 19 
27 17 35 32 23 31 30 26 0 1 38 22 5 9 
25 18 11 39 20 2 33 23 3 0 29 22 34 31 
19 29 4 23 2 17 13 32 15 14 0 12 36 35 
7 35 30 11 15 34 29 22 0 28 21 14 10 4 
1 2 38 18 27 11 36 7 26 17 28 22 31 0 
0 11 31 18 34 29 3 21 35 19 6 1 23 7 
23 26 20 38 14 12 16 34 36 32 29 7 37 0 
0 32 14 15 21 33 1 3 2 7 12 18 20 5 
3 24 0 32 29 9 34 39 4 38 20 15 37 2 
2 32 0 38 9 14 35 37 24 1 39 5 20 34 
37 33 27 17 10 0 16 15 20 31 18 24 38 35 
27 9 23 13 18 11 0 29 7 3 8 30 34 5 
4 28 15 32 26 14 0 6 16 30 21 2 25 18 
19 22 2 9 24 11 3 33 39 21 28 12 0 18 
33 0 4 8 28 37 11 13 27 26 14 5 15 20 
30 32 3 0 8 39 7 34 19 16 24 14 5 11 
8 10 31 16 24 36 12 30 9 14 21 0 32 39 
19 29 15 30 27 28 7 12 34 38 0 36 33 35 
23 18 39 20 17 29 0 6 37 33 11 21 7 27 
12 23 36 17 32 0 4 22 7 34 3 37 1 39 
21 20 38 22 6 11 30 26 18 36 7 0 12 37 
35 7 6 3 18 34 30 17 0 22 9 31 5 11 
0 13 12 31 27 9 37 1 2 38 16 28 7 11 
17 21 35 0 36 4 38 11 37 25 9 19 13 29 
22 6 23 34 26 20 11 21 9 7 37 14 0 10 
31 16 8 37 20 21 34 2 13 28 0 30 5 24 
31 23 4 34 17 0 35 33 36 8 32 24 9 21 
6 35 33 21 34 31 0 27 5 16 8 28 17 20 
22 27 0 16 35 2 20 29 4 23 12 38 25 39 
13 30 32 28 23 36 0 31 4 16 39 11 34 17 
38 14 20 0 26 4 17 5 25 15 1 2 21 34 
17 21 13 9 10 12 19 38 6 0 3 35 15 32 
22 16 24 15 35 28 27 29 25 20 30 2 39 0 
23 11 24 7 20 36 12 28 14 35 9 38 31 0 
36 14 1 5 12 23 8 0 22 7 39 35 13 16 
13 4 36 6 35 3 19 38 18 9 1 11 0 16 
0 4 27 34 21 5 24 26 20 17 25 30 3 9 
29 8 37 16 18 31 13 27 21 24 12 10 30 0 
34 26 13 1 21 27 2 29 14 12 11 0 8 36 
13 5 0 29 18 38 12 16 6 21 36 17 39 34 
32 31 11 25 22 0 3 37 2 9 23 17 12 8 
24 10 16 0 9 38 29 34 13 25 20 21 1 4 
2 10 22 12 35 0 5 19 27 39 16 30 23 34 
39 26 20 0 6 27 34 13 35 18 7 30 37 5 
3 14 17 5 0 9 36 19 27 18 15 34 22 16 
19 17 27 9 11 7 8 0 5 32 29 36 18 20 
11 1 26 18 23 14 31 19 33 25 37 39 0 22 
20 34 35 0 19 33 13 2 18 38 25 3 12 4 
35 39 10 11 28 22 8 23 25 27 24 6 7 0 
18 6 16 9 10 33 36 1 5 0 35 27 23 34 
2 31 11 29 38 13 4 0 27 36 3 5 17 16 
39 38 13 17 34 14 26 30 21 36 8 0 32 3 
27 28 9 7 17 22 8 0 35 14 18 19 16 30 
39 0 27 22 4 30 5 33 35 34 3 21 25 29 
12 37 34 10 0 22 15 14 2 4 13 8 25 26 
36 10 26 29 17 23 21 0 22 12 32 15 3 33 
19 26 18 16 27 10 33 4 15 38 13 29 0 12 
1 9 25 36 4 21 6 20 10 38 8 13 0 37 
15 3 19 38 9 36 0 35 12 34 31 10 32 4 
10 34 5 18 0 33 37 13 28 9 1 25 11 2 
36 19 20 34 0 31 26 15 35 4 37 30 27 3 
11 21 34 22 36 7 0 30 19 10 31 32 18 24 
11 17 29 20 10 30 33 0 32 5 16 24 4 19 
7 31 5 4 6 37 32 2 25 0 23 13 26 29 
14 18 20 11 35 7 8 16 0 28 19 5 32 2 
4 0 5 17 13 10 16 31 1 18 6 39 11 12 
29 0 18 27 3 15 36 21 37 38 1 20 32 4 
20 31 1 0 13 24 18 38 23 21 27 7 33 39 
39 38 24 11 29 20 15 25 0 1 4 10 23 19 
9 20 7 36 38 29 28 30 0 18 39 5 4 2 
38 18 9 21 2 29 25 14 20 0 16 34 37 35 
27 19 31 34 26 6 32 5 0 20 36 37 25 9 
2 34 1 15 35 18 0 20 27 29 14 28 38 31 
39 16 22 9 12 0 4 8 11 19 33 32 14 35 
36 26 20 16 13 38 17 6 33 0 15 39 31 27 
24 3 0 12 23 28 36 19 32 38 14 6 34 39 
5 35 8 10 1 0 14 30 34 12 17 37 28 29 
23 35 22 20 13 27 12 36 18 19 37 4 14 0 
35 38 0 36 25 14 34 18 30 21 10 26 2 22 
2 34 1 39 32 23 0 35 30 14 5 28 17 22 
3 0 36 32 37 7 13 30 16 18 11 12 24 29 
17 6 0 13 34 3 10 36 2 4 35 19 12 23 
0 37 12 32 13 23 35 4 11 34 16 22 7 27 
12 4 15 37 35 8 23 14 1 29 19 0 39 16 
19 4 37 0 16 2 35 31 3 11 15 18 8 34 
33 18 1 14 25 31 0 23 34 24 22 10 11 13 
5 21 13 14 26 31 0 22 20 1 32 12 30 8 
33 13 35 32 0 10 2 27 26 31 23 5 1 30 
8 22 25 19 39 37 26 15 0 31 20 35 38 24 
26 0 2 39 11 17 6 7 15 19 10 1 13 24 
20 17 8 37 19 24 34 35 27 25 36 0 10 11 
0 5 2 29 11 31 15 20 6 19 30 23 36 21 
32 37 21 34 14 23 0 2 13 20 6 39 9 8 
37 2 10 7 23 26 28 35 25 0 14 11 3 19 
38 29 35 0 28 15 6 24 10 13 18 31 8 3 
30 19 4 39 10 12 37 18 16 5 9 27 26 0 
25 37 33 15 30 7 3 18 21 0 35 14 12 10 
3 14 20 6 0 29 28 26 25 17 7 4 10 32 
26 8 28 36 0 22 11 31 19 27 5 4 21 34 
29 0 35 15 25 28 4 7 9 34 16 31 17 3 
12 29 3 39 32 6 30 16 23 10 33 0 34 20 
14 9 13 36 33 5 31 0 32 21 18 8 28 26 
21 3 5 9 26 14 10 39 0 23 32 19 29 6 
0 5 27 17 11 20 26 28 6 4 29 3 9 39 
0 29 21 16 4 8 11 35 20 23 38 37 15 17 
30 2 8 39 18 11 17 19 15 38 0 14 24 12 
33 4 15 3 39 35 10 17 0 27 25 11 5 1 
39 15 33 23 20 28 0 26 10 7 25 21 14 38 
4 12 20 21 13 39 36 37 27 0 35 32 26 10 
12 33 22 15 17 21 14 1 0 2 34 25 13 30 
4 2 14 12 22 0 13 33 11 37 31 6 26 16 
37 33 24 0 5 10 6 26 16 28 2 7 30 13 
36 15 31 0 38 6 29 32 13 28 17 5 23 39 
29 35 39 22 37 28 17 14 12 20 4 0 36 27 
24 27 15 37 33 6 31 39 4 32 0 16 20 13 
6 35 16 3 9 20 4 18 30 7 32 24 5 0 
37 0 14 36 24 35 4 21 23 2 25 22 26 15 
31 9 23 19 37 38 10 0 21 39 34 28 26 15 
28 15 3 12 22 29 2 0 31 30 34 19 23 17 
25 0 15 17 3 16 30 35 9 11 13 27 23 6 
38 32 29 27 35 0 2 9 37 23 3 26 4 30 
0 19 25 28 31 34 13 22 4 9 36 5 21 8 
4 0 27 3 30 25 39 35 15 26 6 2 20 23 
36 6 20 34 1 33 13 26 0 35 32 8 15 24 
22 25 19 14 5 12 37 33 0 28 13 1 39 38 
17 6 2 20 14 26 22 5 18 39 35 34 31 0 
20 9 3 23 19 27 22 16 18 26 0 35 28 11 
18 17 39 0 15 13 31 21 14 30 34 32 1 27 
7 35 12 9 5 30 2 20 37 4 1 0 26 16 
23 29 0 30 18 22 33 1 20 19 2 39 38 3 
23 14 25 0 6 11 28 5 2 20 21 32 13 12 
38 27 39 17 15 4 25 14 21 23 6 10 2 0 
0 35 33 25 2 20 34 18 9 14 3 8 6 17 
25 0 5 28 31 11 3 21 22 26 35 34 29 12 
24 2 31 28 6 13 11 0 30 10 3 17 32 18 
7 6 39 8 17 32 11 4 27 12 3 10 16 0 
9 2 21 24 28 37 10 38 1 13 18 20 12 0 
5 21 10 0 14 2 24 12 31 33 36 4 27 8 
15 8 5 0 21 6 9 14 38 26 35 13 24 1 
4 10 0 11 2 1 35 30 28 6 15 36 7 3 
28 3 20 8 35 16 1 6 14 4 23 39 31 0 
20 8 34 21 18 0 38 5 29 26 36 30 31 3 
16 38 15 30 37 32 18 0 7 4 19 25 9 1 
2 35 32 4 16 0 10 11 20 15 8 34 13 23 
6 11 13 12 23 36 9 0 17 1 19 32 4 2 
36 33 9 16 34 17 35 8 15 28 0 20 4 14 
33 15 26 19 8 4 31 11 29 38 2 16 22 0 
0 33 17 2 3 1 5 14 16 19 32 12 39 30 
33 0 21 18 27 12 1 8 14 11 30 7 19 35 
3 15 36 16 33 6 38 35 0 17 18 29 1 25 
31 9 18 21 0 16 15 39 36 11 30 27 22 19 
1 18 13 14 10 35 8 17 26 4 23 20 0 9 
33 1 35 4 38 23 6 22 15 13 0 19 9 28 
20 29 3 31 17 5 26 8 19 11 12 35 0 34 
15 9 0 39 6 19 3 22 17 18 12 7 30 26 
38 22 19 0 12 35 18 25 23 37 31 15 21 11 
10 15 11 0 35 27 29 3 19 14 31 12 9 8 
9 3 6 17 27 36 20 5 35 26 16 0 11 37 
21 8 36 10 29 3 20 1 7 5 16 0 33 6 
26 38 13 39 5 19 31 33 22 25 12 0 6 7 
9 28 10 26 0 7 4 36 18 39 20 5 21 11 
27 14 29 25 31 3 4 37 23 0 8 36 22 35 
32 28 11 26 18 15 19 21 0 29 38 25 1 2 
0 4 25 22 16 15 8 1 6 9 34 5 17 32 
29 21 33 30 11 2 7 0 36 32 28 25 9 39 
24 17 29 39 20 36 6 35 11 21 0 33 34 8 
1 32 22 34 0 27 24 31 36 14 12 5 39 2 
0 2 38 35 14 5 12 7 10 23 31 30 6 1 
31 6 25 39 7 0 23 33 12 2 3 27 32 29 
25 5 10 6 24 11 26 0 7 39 32 30 9 19 
0 34 26 35 33 39 15 24 14 19 12 2 17 37 
17 0 10 25 21 20 15 23 16 34 11 3 27 36 
23 8 5 25 35 0 14 2 33 19 37 30 32 31 
31 22 20 36 29 1 34 15 10 39 11 7 0 8 
32 33 4 31 26 7 6 16 0 22 12 5 30 20 
38 0 29 12 21 28 5 11 19 18 30 22 13 2 
14 2 32 22 12 34 17 0 29 11 7 15 19 38 
16 9 13 15 8 12 32 4 25 33 22 30 2 0 
9 35 19 38 33 1 3 0 14 16 26 39 24 7 
25 9 34 5 20 1 35 2 19 4 23 0 15 17 
0 7 23 25 10 24 8 37 12 33 16 15 35 18 
39 20 15 33 5 1 9 12 28 3 8 29 13 0 
23 36 35 7 26 16 27 33 25 19 32 15 10 0 
37 24 27 1 22 29 12 20 14 2 32 3 0 5 
7 9 28 33 13 24 26 37 5 22 20 39 0 3 
16 4 12 36 25 31 17 2 35 28 0 9 20 11 
0 13 1 3 9 5 22 7 15 10 14 24 11 21 
21 28 38 3 8 16 1 24 30 14 18 17 0 36 
0 15 29 25 37 26 24 31 13 28 16 21 38 35 
3 28 22 27 0 25 18 5 8 38 4 34 7 6 
17 8 15 29 30 37 14 4 20 16 32 31 0 25 
30 37 24 31 25 8 27 1 20 11 0 17 2 38 
3 8 25 4 0 5 21 2 17 39 12 32 26 6 
1 11 24 6 18 23 0 29 32 12 16 8 10 39 
5 23 1 0 27 3 14 4 10 2 17 25 18 21 
21 35 15 20 29 38 19 37 6 0 5 1 11 34 
19 31 1 9 34 37 25 21 28 7 6 23 8 0 
27 0 30 14 8 5 10 29 39 23 33 3 16 34 
8 15 38 39 0 22 4 1 2 13 33 6 30 36 
15 5 2 22 23 36 28 29 31 3 25 0 34 37 
14 21 19 0 34 38 3 28 5 26 16 35 8 1 
1 29 38 3 30 12 9 39 7 15 0 4 22 16 
30 25 13 7 6 3 8 26 0 12 5 18 4 19 
0 31 19 12 9 10 27 35 36 22 20 16 28 11 
5 17 10 0 30 16 1 3 26 33 32 23 25 29 
1 6 33 31 32 25 29 13 15 14 4 10 11 0 
10 19 34 0 17 32 33 21 11 18 31 20 22 26 
4 14 38 5 19 34 32 29 24 39 31 21 17 0 
0 29 11 16 39 34 15 38 4 14 21 8 17 1 
4 6 29 2 8 17 9 30 37 33 21 0 35 18 
32 27 3 11 9 17 28 16 30 0 33 38 21 5 
23 12 28 0 7 26 37 10 20 11 2 32 3 1 
32 13 31 1 4 0 21 14 16 11 17 7 34 10 
33 26 14 37 9 11 0 31 34 36 22 6 5 19 
24 36 9 32 3 1 0 23 8 29 16 35 31 34 
23 35 16 0 22 6 7 12 30 17 32 2 33 39 
10 17 29 33 26 28 15 38 7 3 35 23 0 8 
0 12 8 19 9 27 11 15 18 28 30 24 17 38 
20 36 6 7 4 0 39 23 9 19 17 5 8 28 
13 36 0 11 15 22 20 1 27 14 30 25 3 5 
4 2 7 37 29 10 38 12 0 9 20 1 17 21 
0 10 23 2 3 9 15 11 38 5 27 17 29 12 
16 33 27 20 2 15 38 8 39 0 19 25 21 10 
10 2 34 11 19 33 15 38 30 25 27 6 8 0 
36 35 28 34 3 20 8 0 26 2 37 14 25 29 
36 16 35 12 34 4 15 39 8 6 0 10 14 2 
28 32 38 30 3 16 29 17 37 0 18 21 19 7 
0 3 2 28 23 18 20 27 37 13 24 4 9 31 
15 7 3 0 21 27 22 29 17 19 30 10 9 37 
20 15 17 8 11 3 1 5 0 27 26 2 23 16 
21 26 19 30 23 37 0 5 3 16 24 18 36 27 
15 0 38 31 11 18 25 37 16 12 1 10 3 34 
24 21 33 11 31 6 7 16 36 8 25 35 0 9 
14 23 24 17 2 38 0 31 4 36 6 15 39 18 
20 39 3 28 11 6 1 15 16 5 8 32 25 0 
39 37 6 9 22 13 3 2 20 25 0 32 30 12 
0 4 36 38 26 5 18 20 13 23 7 2 34 15 
21 26 2 28 19 16 24 0 22 12 7 3 9 18 
7 5 0 27 2 38 9 12 28 31 11 37 35 14 
6 30 21 4 9 7 37 31 0 27 25 3 2 11 
17 16 23 0 26 31 5 14 6 32 25 2 22 4 
0 38 4 31 7 32 33 11 9 3 15 34 26 6 
16 14 6 0 37 34 30 28 39 23 29 10 8 20 
34 25 29 3 23 15 17 21 4 10 0 11 12 35 
27 26 0 37 21 19 10 39 5 24 12 2 9 6 
15 30 31 28 0 38 6 19 25 34 10 14 20 5 
32 1 19 22 14 28 10 0 27 17 26 18 23 12 
26 25 19 20 24 21 0 22 37 14 1 3 27 29 
19 7 1 13 15 16 25 0 5 23 22 36 9 37 
9 6 24 16 33 23 12 14 0 26 11 5 32 34 
0 39 16 33 32 34 10 31 9 18 8 21 1 35 
12 17 16 14 29 18 2 22 13 25 27 3 15 0 
8 0 28 11 17 27 15 3 18 6 26 7 9 34 
11 22 3 0 35 26 18 30 23 6 25 34 7 8 
0 39 19 7 27 13 18 33 24 17 25 6 34 23 
0 23 12 31 8 18 35 11 37 32 33 15 36 30 
13 20 0 5 34 7 30 26 19 32 2 29 14 15 
0 5 26 14 2 27 11 32 21 19 7 29 13 12 
12 11 0 25 21 27 26 1 17 16 18 22 9 6 
34 38 20 8 4 12 10 7 0 15 13 3 25 18 
21 9 37 15 1 3 22 17 16 11 39 0 5 27 
19 9 36 4 24 8 1 23 18 13 2 25 7 0 
20 35 27 1 33 15 2 0 25 16 4 9 10 21 
38 30 21 23 17 13 25 2 24 0 11 20 16 28 
8 17 15 2 36 0 21 5 11 13 7 1 14 34 
0 34 39 16 10 15 11 12 22 26 29 5 36 8 
31 0 27 26 10 3 33 2 19 17 21 36 25 5 
33 24 23 21 16 0 29 26 4 22 11 19 3 17 
2 32 13 24 22 6 8 35 7 0 33 11 37 14 
31 1 20 2 30 22 26 32 0 21 36 25 6 10 
26 34 16 35 17 10 0 32 12 30 39 5 36 25 
4 16 0 18 2 10 20 12 33 34 30 19 27 7 
35 39 20 25 0 9 3 5 27 17 26 11 1 34 
22 26 29 19 12 7 2 0 28 8 20 23 17 16 
22 0 25 12 38 35 36 15 3 21 30 18 29 17 
22 20 33 27 19 4 0 24 17 26 30 34 38 29 
0 25 38 28 15 21 33 4 11 22 23 13 24 9 
14 30 10 23 8 0 33 15 39 22 19 17 3 7 
37 7 9 24 16 31 23 19 0 36 15 22 4 28 
1 34 19 9 18 0 13 3 27 22 7 8 38 31 
32 27 36 12 25 0 31 6 4 39 10 23 21 37 
0 7 16 39 10 27 32 6 23 15 26 29 9 35 
29 10 21 34 27 18 38 15 17 8 0 20 1 25 
37 6 0 27 9 16 15 11 18 2 35 1 34 14 
24 15 0 6 17 1 18 28 36 9 16 19 38 21 
17 5 34 32 19 2 36 28 0 38 39 37 31 29 
16 27 31 5 34 0 30 35 24 26 32 14 3 11 
33 37 7 17 0 36 23 8 24 39 30 32 18 10 
9 3 38 26 6 20 35 1 4 27 0 2 25 19 
12 38 0 14 35 9 39 3 20 2 15 28 33 34 
14 21 9 6 10 17 16 34 4 32 3 2 0 35 
39 36 0 21 13 4 3 10 33 14 8 15 30 18 
11 35 2 33 4 27 23 1 19 9 15 34 10 0 
32 6 36 18 31 26 15 9 5 8 16 27 0 30 
9 35 13 1 33 39 31 12 34 0 36 8 6 4 
0 26 18 12 31 6 14 3 10 13 23 17 11 29 
22 13 26 38 0 10 8 30 39 5 23 28 29 11 
2 30 32 20 17 5 14 0 21 27 31 12 3 15 
1 34 37 21 8 9 0 27 29 35 28 3 23 26 
1 27 5 17 38 13 0 22 4 8 37 3 30 25 
10 38 30 24 4 37 8 36 25 11 5 0 17 12 
27 21 14 22 35 23 24 39 6 15 33 25 0 19 
14 31 21 19 0 36 23 22 9 1 7 16 13 24 
33 8 11 7 0 25 2 34 28 23 5 37 21 38 
23 5 0 32 9 2 30 14 16 19 18 22 37 29 
7 1 0 32 18 22 39 10 5 9 30 23 3 2 
2 0 4 9 38 7 36 31 34 16 12 26 23 3 
0 33 8 5 13 27 32 25 11 17 28 34 10 20 
5 2 33 35 38 14 16 32 3 30 10 0 12 8 
29 8 22 32 37 10 0 1 28 30 2 26 31 36 
22 31 23 30 9 13 39 1 17 18 33 24 0 12 
0 1 35 24 30 23 19 10 13 6 27 21 11 20 
37 22 21 14 31 38 2 5 33 36 28 0 4 6 
1 39 9 4 2 23 36 22 30 29 18 7 0 38 
2 22 10 31 32 15 12 27 13 26 0 33 24 25 
12 3 23 31 13 0 7 6 19 8 20 35 36 21 
23 15 0 34 37 9 12 39 22 36 18 10 33 38 
16 13 23 20 29 3 4 8 25 18 9 32 1 0 
37 21 33 20 27 28 9 18 39 4 5 24 12 0 
36 26 15 19 1 13 16 21 0 3 27 18 2 33 
0 5 4 39 23 21 37 15 19 32 6 10 33 38 
9 35 21 11 23 12 16 37 34 0 22 33 31 4 
8 22 39 16 31 11 6 10 21 35 26 29 0 9 
33 28 0 34 39 12 13 17 5 29 22 27 25 2 
18 21 31 22 0 25 8 27 19 26 1 24 6 30 
35 5 0 30 26 13 29 1 2 39 16 32 10 23 
33 24 10 38 25 14 3 32 23 2 35 0 37 15 
33 9 16 5 14 0 23 34 18 37 28 26 39 20 
3 4 24 9 20 18 22 12 0 28 30 14 34 2 
12 24 25 39 19 28 7 18 0 10 23 13 11 20 
38 5 29 0 7 25 13 35 10 6 39 16 26 19 
2 15 14 17 6 32 3 11 9 5 22 10 38 0 
28 2 16 0 39 36 4 21 25 18 35 26 27 5 
14 9 0 23 31 2 34 21 33 3 36 10 8 26 
30 9 36 23 7 35 27 0 18 20 8 16 3 32 
0 21 6 10 34 13 23 29 39 17 3 5 26 27 
20 29 14 21 0 33 15 39 5 28 1 35 10 24 
28 0 9 11 16 24 12 10 4 8 33 25 34 6 
2 9 27 14 24 28 0 31 22 32 13 39 1 30 
19 2 0 14 21 34 13 9 27 29 24 5 38 25 
22 5 0 26 28 12 35 2 33 25 36 11 10 6 
8 6 5 0 33 19 18 1 37 14 4 13 35 3 
35 25 28 38 12 0 36 16 23 18 27 17 7 39 
35 11 20 25 0 22 2 36 12 14 10 33 13 9 
10 33 1 24 4 13 37 29 14 0 6 2 34 31 
18 26 0 36 5 11 12 33 30 10 37 34 3 19 
12 28 15 34 9 37 35 29 0 36 21 38 14 22 
31 17 29 35 7 33 0 39 14 24 1 2 23 4 
31 16 22 24 30 36 26 2 1 0 5 21 11 33 
0 35 37 26 21 9 3 38 15 22 36 17 33 25 
13 19 5 37 39 24 3 9 29 14 30 33 31 0 
32 8 0 24 30 7 35 25 6 13 16 3 38 34 
7 2 21 12 35 17 27 37 0 34 22 39 18 6 
2 5 19 8 13 11 4 0 7 14 33 29 17 25 
35 10 37 32 31 13 16 3 0 24 15 18 9 39 
30 15 32 28 7 0 21 5 37 18 17 6 31 36 
12 39 25 29 7 34 0 15 38 13 21 36 8 24 
9 37 11 20 33 1 0 25 13 3 8 27 4 16 
38 4 9 11 20 27 1 36 34 6 22 30 0 21 
7 17 0 38 2 39 4 5 15 16 20 27 1 13 
15 10 21 35 0 18 6 14 30 1 3 28 38 32 
22 24 0 11 1 36 19 3 26 37 20 18 10 14 
12 3 23 13 11 6 15 21 38 36 32 20 0 25 
28 8 0 16 7 18 6 29 9 27 23 4 38 22 
0 37 33 20 34 13 14 35 1 3 6 25 2 23 
20 18 24 19 2 9 7 11 12 10 8 0 32 31 
4 16 11 36 3 18 6 2 12 17 9 0 34 30 
37 21 35 20 27 39 10 3 4 0 1 12 24 13 
7 9 14 28 22 33 1 11 4 36 15 6 23 0 
26 4 35 1 32 10 13 20 22 28 0 5 39 25 
11 20 31 0 17 2 21 38 22 24 18 26 23 6 
25 1 4 23 31 32 37 27 2 12 11 34 36 0 
7 4 39 30 13 28 0 26 6 31 25 24 2 17 
16 15 26 7 17 35 37 19 39 32 18 21 1 0 
19 2 29 23 17 0 8 15 16 5 4 10 36 34 
38 14 23 28 0 34 37 29 3 27 4 24 31 10 
1 35 32 5 36 39 20 16 0 33 24 18 23 30 
33 0 28 19 9 10 23 39 12 27 29 11 15 25 
0 2 7 4 37 30 28 1 16 35 3 32 39 19 
19 28 30 7 14 0 39 18 4 32 21 38 3 20 
9 12 14 16 34 27 26 17 31 3 25 0 1 15 
39 9 38 17 2 15 5 6 0 26 3 33 27 11 
3 23 13 39 32 0 7 30 16 11 20 4 5 10 
10 2 36 0 20 16 32 4 19 14 26 17 31 12 
35 0 15 19 31 16 14 24 2 34 17 26 8 37 
10 0 30 4 37 9 32 5 19 23 14 27 18 21 
29 20 35 23 18 15 5 10 1 16 30 25 0 27 
7 8 29 0 9 13 32 31 25 24 33 37 12 21 
0 27 33 34 19 25 20 14 3 29 16 6 23 32 
37 34 24 9 20 16 0 13 2 25 22 12 17 35 
25 2 13 5 37 9 21 1 0 36 19 6 18 11 
37 18 14 13 29 8 17 9 34 31 0 35 6 21 
3 0 32 12 2 34 25 22 14 26 16 38 9 21 
9 37 6 27 25 38 13 4 33 10 36 5 0 28 
15 31 36 22 13 17 0 25 32 2 21 28 8 33 
0 20 39 8 26 23 4 29 32 30 15 35 27 11 
26 0 27 14 18 22 12 8 35 13 10 33 2 37 
7 31 11 28 9 5 26 20 0 38 14 19 35 37 
18 14 38 25 0 1 2 24 30 29 28 31 36 20 
30 31 28 36 5 0 34 6 29 19 22 16 20 15 
29 9 0 17 28 22 25 33 37 20 34 27 38 23 
8 15 7 37 0 26 4 22 23 31 38 12 6 16 
16 23 6 36 0 14 38 20 18 2 21 32 10 34 
17 11 4 12 7 21 35 36 23 3 8 6 0 29 
6 3 30 7 11 23 36 28 5 27 14 34 0 39 
35 0 6 2 37 36 16 12 38 5 15 34 10 22 
3 24 25 2 5 39 14 34 1 29 10 30 0 31 
36 15 4 29 14 25 2 26 0 34 22 11 9 20 
31 4 11 33 29 36 32 25 2 24 1 0 8 23 
5 0 2 7 23 26 38 15 24 27 25 9 10 3 
39 12 16 14 8 31 2 32 10 13 27 0 28 23 
24 32 36 38 0 13 14 34 9 33 15 25 19 7 
11 9 18 8 6 31 20 16 26 13 17 15 0 3 
17 5 10 27 0 14 7 32 11 18 34 16 30 24 
17 9 0 24 3 15 25 1 22 8 19 31 7 38 
31 24 11 30 0 39 1 23 22 25 37 13 28 19 
32 21 0 36 39 33 23 19 22 13 34 35 31 37 
37 2 34 0 10 16 31 28 38 12 21 1 25 29 
36 3 7 20 2 0 21 13 25 6 26 33 16 24 
15 36 19 33 20 6 0 17 28 9 12 39 22 1 
11 21 22 24 32 15 7 17 25 9 36 37 0 6 
38 33 13 3 37 29 0 7 12 5 28 30 22 27 
24 27 10 39 26 4 34 20 0 23 13 14 29 22 
33 4 13 31 15 7 24 32 36 0 29 10 5 8 
34 25 9 33 35 12 32 30 21 8 39 1 0 31 
32 24 7 11 0 38 34 20 30 25 12 10 3 33 
9 0 2 20 12 7 37 28 15 19 11 33 22 35 
23 18 11 15 7 0 28 10 22 33 3 13 21 16 
32 35 11 3 7 34 5 29 26 0 2 21 1 24 
28 23 8 15 29 25 18 3 6 7 9 1 4 0 
22 37 0 26 13 14 31 18 39 1 15 34 21 33 
24 26 5 9 31 37 27 36 25 29 32 21 18 0 
15 14 27 0 6 37 31 24 2 30 11 35 19 8 
37 13 24 4 36 39 23 20 22 18 12 0 32 10 
0 15 34 39 14 28 4 24 22 11 37 33 30 16 
26 32 35 3 5 0 8 6 21 11 17 39 27 4 
26 23 9 22 0 18 20 17 32 30 21 5 10 29 
18 22 29 20 0 5 15 1 19 31 38 34 10 7 
21 34 16 0 22 10 38 4 33 36 7 26 37 29 
38 7 25 8 18 2 29 1 19 24 5 16 0 39 
9 31 11 22 33 25 23 0 38 10 32 19 26 13 
16 35 22 0 8 4 5 10 24 20 11 25 33 18 
27 17 0 5 8 22 23 36 10 34 35 24 29 4 
22 14 1 11 29 34 36 26 10 0 3 27 23 32 
11 35 20 23 4 18 29 0 33 28 6 30 15 1 
1 32 2 15 13 0 26 28 35 34 30 37 21 18 
0 30 14 26 7 24 29 19 32 34 37 12 20 31 
8 29 21 19 32 24 14 0 30 18 20 10 39 25 
0 19 11 37 35 26 36 14 39 1 6 7 18 30 
34 12 5 2 22 4 20 18 10 0 29 6 28 19 
0 3 38 30 31 16 13 33 29 21 4 39 17 12 
26 35 17 0 6 31 27 39 2 29 32 20 38 14 
38 23 37 32 28 21 0 11 33 8 12 1 22 26 
34 0 22 27 12 30 21 18 1 19 4 29 35 24 
35 0 25 9 29 11 5 27 21 17 3 19 20 18 
3 14 6 19 30 0 39 21 11 15 20 22 9 27 
5 1 12 33 14 6 0 8 11 30 29 32 18 15 
27 29 30 28 3 35 16 0 21 18 23 19 26 37 
16 10 0 11 38 35 34 24 36 33 21 3 12 5 
24 30 10 19 6 27 20 11 5 15 33 0 8 21 
28 27 6 15 8 3 9 0 17 37 38 21 14 39 
39 25 0 29 28 12 22 23 9 18 10 14 5 6 
9 31 17 36 12 1 11 2 10 0 25 20 21 15 
9 36 18 24 2 38 39 32 14 33 1 0 22 13 
16 0 18 8 3 9 35 15 13 20 11 26 2 4 
15 0 3 17 36 39 2 33 28 18 12 8 24 4 
3 11 31 29 10 25 16 30 20 21 5 38 0 7 
34 37 32 35 29 8 4 39 14 0 33 15 26 11 
13 32 33 31 35 20 3 36 39 0 19 23 7 2 
0 25 27 16 22 20 19 5 23 33 10 14 8 26 
39 10 9 33 22 37 4 21 13 16 32 0 6 31 
17 8 35 29 23 2 0 30 1 22 11 15 26 14 
12 29 3 39 7 0 17 22 8 27 38 33 11 16 
28 27 7 22 39 10 8 37 5 19 29 0 18 26 
25 0 11 6 36 28 15 22 24 1 18 14 13 23 
13 0 34 1 10 26 18 30 4 29 3 16 7 19 
14 3 7 38 12 5 17 13 37 21 0 10 4 26 
10 30 12 17 25 11 6 0 2 35 34 1 22 3 
2 30 12 18 28 26 20 4 25 29 10 0 19 9 
29 0 10 5 36 21 3 15 38 1 39 18 19 22 
16 0 15 5 33 32 8 1 39 7 24 10 11 6 
20 14 4 24 19 34 18 10 23 37 6 1 36 0 
37 14 1 5 4 28 18 10 11 26 22 21 0 32 
16 13 24 19 36 4 21 31 10 15 12 0 25 7 
19 21 24 13 36 17 1 29 38 9 2 8 0 34 
17 11 2 31 6 29 37 38 0 5 39 15 16 3 
22 31 24 18 35 14 5 16 26 7 0 10 15 8 
21 6 26 35 16 25 12 27 33 4 14 13 36 0 
14 23 2 29 26 24 25 39 5 17 37 19 0 28 
34 21 35 28 5 10 12 13 0 32 7 9 3 23 
37 33 7 18 6 30 1 22 29 21 17 0 12 10 
32 0 16 36 28 5 26 39 33 13 10 20 34 24 
20 28 7 4 0 29 27 12 37 5 32 39 15 9 
26 27 34 35 4 1 12 0 21 39 30 17 18 16 
24 4 36 33 19 8 0 9 5 21 32 23 26 29 
19 16 2 10 27 34 11 20 37 33 18 35 3 0 
18 27 35 32 9 12 23 31 13 0 20 14 39 34 
3 39 29 28 14 19 17 21 20 12 32 0 25 36 
36 2 20 25 4 13 27 3 29 15 14 0 21 30 
8 4 25 18 29 37 14 35 22 3 26 19 0 32 
30 23 3 36 0 16 9 22 24 1 13 28 38 39 
4 15 27 9 0 32 36 25 37 2 38 23 21 30 
7 8 2 27 16 14 15 31 29 0 37 28 23 21 
36 15 14 35 38 29 34 3 27 0 21 16 1 25 
3 2 22 29 19 16 30 23 15 24 32 21 0 1 
31 24 20 25 26 39 3 15 0 36 38 21 37 13 
21 28 0 4 33 34 6 14 10 13 17 22 9 36 
35 6 16 10 7 36 38 32 34 37 12 27 21 0 
37 23 34 3 33 25 2 1 6 29 0 21 11 20 
1 31 14 9 19 39 29 2 17 35 0 7 11 36 
35 1 25 19 0 29 26 39 34 27 2 28 21 7 
36 17 0 4 1 24 8 27 6 2 5 33 10 37 
32 15 13 26 23 6 39 36 14 5 33 8 0 28 
2 9 17 19 0 4 21 25 22 3 35 33 20 28 
3 0 5 10 11 34 19 23 26 9 35 4 29 21 
14 31 32 5 8 7 15 21 0 39 3 27 20 11 
34 7 2 16 27 5 3 28 32 38 25 33 0 26 
11 0 23 3 6 12 10 16 18 30 37 7 25 32 
13 39 34 0 28 38 29 5 20 2 7 25 33 16 
22 29 0 20 36 39 11 31 3 8 16 37 19 38 
30 37 27 8 20 5 10 0 29 12 36 38 19 17 
5 8 7 30 19 32 27 37 16 1 14 22 0 2 
20 19 31 36 39 25 3 28 7 35 14 38 32 0 
25 10 12 22 1 35 21 38 32 23 19 14 0 16 
14 0 7 10 32 27 15 25 2 28 21 37 36 39 
35 19 39 12 7 0 11 23 21 4 9 3 13 36 
0 30 6 2 28 29 16 22 15 37 1 5 11 33 
4 8 37 15 29 6 10 36 18 9 13 0 16 26 
28 26 3 2 31 24 39 22 0 33 10 8 5 7 
11 2 0 27 10 17 30 24 31 1 3 5 28 35 
12 16 26 20 13 2 23 32 3 0 1 18 25 9 
4 21 35 1 34 30 23 0 36 25 38 5 37 29 
34 4 32 16 25 22 12 29 0 21 14 9 8 38 
10 3 14 13 0 2 16 7 20 36 12 6 38 5 
10 2 1 22 28 35 7 32 11 31 36 0 18 6 
22 34 19 30 0 13 5 31 9 15 8 14 7 32 
36 28 5 8 33 24 16 4 15 0 27 9 25 30 
21 1 7 6 4 32 38 39 0 14 13 12 28 17 
38 36 24 32 13 26 0 8 5 28 21 20 22 9 
9 19 10 2 25 0 33 8 35 29 6 15 7 27 
24 0 34 17 14 15 33 8 3 27 26 20 38 35 
10 5 32 6 0 35 19 11 14 34 16 9 23 4 
32 33 27 26 18 14 24 9 21 25 31 10 11 0 
0 21 32 39 36 33 35 30 14 11 23 13 4 1 
36 37 35 24 21 2 15 6 34 27 8 39 0 12 
9 13 25 16 8 27 15 39 14 20 32 5 33 0 
19 5 0 36 21 32 35 14 20 4 15 23 6 39 
18 8 21 32 22 0 24 36 30 31 12 3 34 33 
36 5 13 8 10 1 22 3 25 0 34 16 37 9 
1 5 31 25 16 6 15 36 24 20 21 34 4 0 
20 6 30 17 5 34 4 19 3 2 36 0 21 18 
14 5 0 1 15 8 4 13 37 25 33 2 18 28 
0 8 37 20 9 33 11 3 1 27 4 12 2 31 
31 29 7 23 13 30 1 3 10 33 19 37 0 6 
10 0 9 23 19 12 35 32 21 33 26 3 34 14 
18 6 2 13 38 4 27 1 16 30 17 35 21 0 
36 29 0 34 19 22 20 25 11 23 6 30 13 4 
20 35 14 33 1 2 15 10 22 0 30 21 8 18 
30 33 0 14 34 4 29 16 35 17 3 13 5 20 
33 11 23 38 18 7 24 0 32 22 6 19 39 21 
1 12 29 9 14 25 3 38 37 0 20 21 5 6 
24 25 21 10 8 33 32 31 0 15 16 3 38 27 
31 9 34 1 38 13 39 19 22 30 20 2 17 0 
21 13 37 4 18 6 20 33 0 24 29 23 5 11 
2 0 34 35 23 36 11 14 6 25 30 3 22 7 
27 32 13 4 0 11 30 36 7 22 6 12 29 3 
2 0 5 22 1 31 21 39 12 3 10 18 6 30 
23 36 24 34 0 16 2 6 38 15 9 21 7 37 
3 36 21 39 15 34 20 14 0 13 9 16 11 23 
32 29 8 27 11 20 31 26 21 0 6 23 33 34 
35 23 24 17 27 25 0 9 5 14 26 8 38 33 
35 8 38 30 17 39 3 36 26 24 10 15 0 5 
37 7 18 0 12 26 34 28 13 39 19 4 17 30 
38 13 0 25 14 9 4 5 17 21 1 31 19 35 
7 34 39 1 6 36 31 22 20 23 0 24 37 15 
31 24 33 21 32 10 1 27 20 37 0 23 35 3 
14 36 24 2 35 22 25 39 13 34 27 31 11 0 
39 34 19 37 11 38 18 35 12 23 27 16 22 0 
21 3 9 27 38 0 12 5 34 28 30 14 1 7 
33 20 8 4 25 1 0 34 31 24 28 3 7 14 
20 10 13 14 12 17 16 1 35 19 9 33 22 0 
3 8 19 7 27 36 15 28 35 0 21 11 1 18 
29 10 30 3 18 11 0 35 31 19 5 12 14 27 
34 38 23 14 20 17 12 0 33 24 31 4 11 9 
18 35 23 13 3 2 20 0 6 4 15 22 37 38 
24 22 11 28 0 27 5 20 2 33 21 29 34 9 
39 24 35 18 36 19 3 5 31 23 30 28 0 4 
27 1 33 19 34 8 17 30 25 0 39 23 37 4 
18 35 9 27 16 29 11 0 2 13 17 6 3 21 
19 27 22 0 28 16 20 6 8 10 31 9 34 24 
0 18 14 25 2 16 37 36 11 3 20 29 5 24 
0 11 23 13 14 36 29 30 3 16 19 34 25 7 
26 38 12 24 21 4 31 15 13 39 16 5 37 0 
3 29 34 17 31 33 0 7 6 37 12 16 10 18 
22 10 17 30 29 5 35 25 37 6 0 32 14 18 
0 38 4 2 36 18 33 16 27 20 8 30 39 35 
1 39 8 23 11 16 22 2 33 6 27 35 25 0 
6 22 13 25 29 1 37 7 8 31 15 17 4 0 
7 0 21 23 18 10 9 36 26 5 16 30 6 27 
9 12 37 5 16 39 13 10 31 14 17 0 35 38 
30 18 26 25 38 5 36 24 32 23 8 17 0 10 
28 12 6 36 0 37 10 19 5 33 2 31 38 22 
37 38 0 1 12 27 9 33 28 19 34 23 3 29 
6 34 17 8 37 7 0 22 15 11 18 1 39 38 
19 8 36 0 13 38 9 1 32 20 5 26 22 28 
31 23 13 6 25 2 4 17 8 21 9 14 7 0 
9 17 23 14 34 27 13 0 6 11 19 5 10 33 
14 26 8 21 20 35 7 33 19 1 24 36 0 38 
0 34 21 20 9 5 19 32 18 26 7 4 23 16 
34 13 35 14 18 3 17 24 0 12 30 27 2 23 
20 18 30 7 23 0 22 10 3 29 39 21 13 1 
22 9 25 20 0 5 29 38 37 39 21 7 15 10 
3 13 16 17 0 36 31 8 38 32 20 29 10 33 
5 32 7 9 11 17 25 6 34 28 18 1 0 15 
0 23 14 6 26 27 9 17 30 24 38 22 34 36 
5 0 8 28 30 17 25 15 10 35 33 26 9 3 
34 16 0 24 19 7 17 15 2 26 12 39 38 36 
0 30 39 3 19 15 22 26 16 35 28 32 24 34 
9 18 30 6 12 7 29 0 25 28 36 17 24 37 
9 4 39 13 37 14 34 31 28 0 35 38 27 5 
25 37 10 8 12 33 39 0 21 28 18 17 23 3 
5 14 10 8 36 12 0 23 9 22 2 24 29 38 
7 14 35 25 26 10 0 11 29 39 6 3 20 12 
12 9 10 13 1 31 22 25 16 2 20 0 39 34 
7 23 31 2 29 22 0 38 26 28 30 34 10 18 
26 22 15 0 36 34 19 29 8 39 12 32 25 24 
23 6 8 0 21 14 19 34 30 38 9 24 27 13 
10 35 18 14 39 0 3 5 34 25 21 17 20 16 
38 29 12 35 21 11 3 6 0 32 2 5 37 16 
9 10 23 27 3 14 5 0 4 8 2 11 16 30 
16 32 21 14 29 37 20 35 23 1 34 3 10 0 
35 5 29 22 38 10 7 0 4 19 34 27 14 21 
26 0 17 19 28 37 9 35 10 38 30 13 36 24 
38 30 11 25 32 29 0 37 16 8 31 27 22 2 
1 25 11 16 39 0 37 35 17 14 19 13 12 9 
7 11 31 18 15 0 12 13 19 37 35 17 30 2 
0 14 38 16 4 26 12 35 3 21 39 31 28 37 
14 24 8 31 29 26 18 6 39 15 0 32 16 5 
6 27 12 9 7 15 17 11 13 39 25 0 3 2 
32 0 15 36 12 35 5 6 11 18 2 31 19 16 
29 21 26 19 24 13 34 0 2 3 37 35 31 30 
8 17 35 32 11 21 6 0 18 10 9 34 28 22 
14 2 18 28 7 0 32 25 11 15 20 3 33 23 
22 11 9 30 20 12 0 17 18 29 39 1 24 10 
37 28 17 35 7 29 0 27 23 38 4 15 36 34 
14 24 5 0 8 4 31 25 1 17 20 10 16 2 
25 7 9 13 29 6 15 14 0 24 23 17 20 33 
34 27 7 24 22 35 13 3 38 21 10 32 8 0 
22 27 6 37 33 13 0 23 11 34 32 15 35 8 
16 14 31 37 11 39 23 36 1 34 17 8 0 6 
16 5 26 35 24 6 0 25 22 15 37 11 27 8 
33 3 0 10 29 6 20 4 2 17 38 5 36 35 
26 15 19 12 36 17 30 0 22 8 37 16 28 5 
39 36 3 8 16 19 0 5 20 29 23 12 10 17 
0 21 28 33 10 8 22 4 19 30 7 38 1 17 
1 35 0 13 26 37 20 5 15 38 6 34 27 23 
8 39 11 37 20 28 16 24 31 25 26 3 4 0 
29 34 38 3 22 0 35 18 11 23 1 31 6 14 
2 11 8 22 0 36 28 30 35 20 21 7 1 13 
30 21 4 23 16 0 36 26 31 17 37 27 20 24 
27 0 25 35 28 23 29 11 12 4 30 5 21 33 
9 20 27 18 4 32 16 19 3 10 2 17 0 33 
23 35 13 34 9 28 25 19 5 0 39 7 3 2 
24 15 33 9 7 32 20 19 4 16 0 8 12 27 
16 28 26 25 8 0 3 15 12 1 20 10 33 24 
13 28 8 7 23 6 12 1 37 35 0 11 34 19 
26 21 39 14 20 38 22 10 23 18 9 36 0 3 
29 35 5 19 33 4 18 3 15 9 39 0 30 14 
20 13 31 5 23 14 10 26 34 11 0 1 19 32 
19 27 32 24 14 35 8 30 6 39 3 16 23 0 
24 35 8 20 23 3 18 38 26 15 21 0 36 25 
23 0 28 3 25 24 4 39 17 13 6 14 9 30 
7 23 15 0 39 5 12 1 24 22 32 9 2 19 
