1 19 2 13 15 17 14 21 20 3 7 9 10 23 
24 18 2 4 10 27 6 25 7 28 20 5 8 26 
3 11 17 26 27 9 8 23 24 1 12 22 25 4 
5 0 20 27 17 6 29 15 8 14 25 24 13 28 
6 12 7 24 22 10 1 14 21 29 4 3 2 11 
7 6 3 10 2 24 0 1 27 17 8 4 18 16 
9 15 7 20 13 14 0 24 27 8 16 3 10 21 
10 23 2 16 26 5 8 27 14 4 9 15 17 7 
28 29 18 17 7 15 27 16 8 20 9 2 0 26 
15 16 27 14 2 18 24 3 0 5 9 23 29 6 
7 2 8 14 13 21 12 11 1 23 27 24 17 15 
3 7 21 18 28 2 4 0 20 22 10 13 26 14 
23 27 14 17 16 4 11 29 18 28 26 6 22 12 
15 10 24 7 5 16 19 9 14 4 8 11 0 29 
4 11 7 24 5 14 23 9 20 26 17 3 2 15 
3 23 5 19 2 28 21 24 17 11 16 4 15 10 
1 17 24 16 23 13 5 10 18 12 2 11 25 0 
8 7 11 24 2 15 20 10 22 21 18 14 9 6 
7 21 25 28 8 10 2 3 18 4 16 9 1 12 
23 2 27 18 16 20 25 13 22 1 24 12 29 26 
14 7 25 0 2 13 12 18 29 16 5 10 21 6 
2 10 29 11 9 4 13 26 1 12 5 8 15 24 
2 29 4 16 21 25 17 27 10 0 23 24 18 15 
17 11 4 14 24 5 0 20 23 22 13 7 15 26 
26 11 19 7 29 28 4 20 12 25 15 0 10 6 
7 21 5 11 8 14 29 23 2 12 18 0 6 24 
11 22 0 2 5 28 21 23 29 24 19 7 16 3 
28 24 4 0 26 22 16 25 19 14 17 21 7 9 
17 26 7 25 4 0 6 13 11 19 3 5 2 23 
21 28 6 8 25 26 19 12 15 5 22 9 10 14 
5 18 14 0 22 20 27 6 17 26 28 7 19 11 
4 16 25 24 29 5 3 9 17 1 26 22 21 10 
6 18 27 21 10 24 16 29 11 0 19 9 4 28 
29 19 26 27 21 18 13 9 7 24 5 2 17 14 
5 8 17 6 26 14 20 19 10 16 24 23 1 28 
18 12 3 24 6 22 19 15 4 17 29 2 20 26 
22 15 18 21 16 11 7 2 25 20 4 24 0 6 
26 27 28 25 1 20 15 13 12 3 4 11 2 6 
18 20 4 19 6 3 29 12 16 2 1 27 23 24 
10 12 21 0 2 8 23 3 16 7 17 15 22 5 
21 8 25 15 28 19 5 12 7 24 11 22 27 4 
16 20 4 25 11 8 24 26 17 2 1 18 27 5 
12 22 6 16 27 13 3 26 4 25 2 29 1 18 
14 7 17 28 6 10 3 1 15 20 2 29 18 9 
3 19 8 1 14 29 11 21 13 4 5 0 20 12 
29 8 14 7 11 0 4 13 24 5 20 23 1 3 
11 1 9 2 16 25 4 27 12 7 14 24 17 5 
7 3 22 26 1 16 9 27 2 23 12 10 28 20 
11 23 22 1 18 2 19 6 0 10 13 4 12 29 
28 1 29 7 14 4 5 22 3 8 21 18 2 25 
6 28 3 5 16 20 29 24 22 17 11 12 0 4 
9 26 3 13 18 24 17 7 15 16 6 11 10 28 
24 19 10 29 17 27 13 26 6 23 4 1 18 7 
17 13 1 16 12 14 29 26 28 11 22 7 20 23 
8 26 18 27 6 22 3 2 14 15 12 17 21 1 
12 27 18 20 13 0 2 23 10 6 24 3 17 4 
27 13 0 21 4 24 15 18 1 8 23 17 10 3 
1 27 3 13 8 19 23 25 15 5 29 4 28 22 
13 16 6 18 9 15 24 28 20 14 12 5 27 3 
2 26 13 3 28 18 12 10 20 6 1 16 14 8 
19 11 9 16 26 28 10 4 17 7 27 13 22 0 
25 6 8 3 9 14 29 22 18 27 26 21 10 13 
15 26 19 18 9 24 3 11 28 5 29 23 12 8 
9 15 27 28 2 26 11 29 21 1 7 6 19 18 
1 11 28 14 16 27 2 0 12 17 7 8 20 6 
13 21 17 1 15 28 23 14 10 22 29 0 7 9 
12 26 29 2 28 27 4 15 22 13 10 23 17 18 
10 6 24 22 0 14 3 20 17 13 15 28 25 16 
26 11 5 15 0 14 21 24 4 2 28 23 12 27 
9 22 6 15 20 28 17 21 19 1 16 18 24 25 
26 3 23 6 4 16 20 2 1 10 17 9 22 12 
11 5 9 14 17 22 0 26 2 3 6 8 4 19 
4 1 10 18 17 6 3 22 11 15 14 8 9 19 
27 7 24 13 9 0 19 1 17 16 26 4 11 20 
4 15 6 28 24 7 12 25 5 13 1 22 11 2 
26 6 25 19 22 9 21 0 23 1 8 18 29 16 
22 14 20 18 13 1 4 21 26 10 24 27 9 25 
17 10 12 5 24 14 26 21 3 22 13 15 0 1 
9 6 23 15 26 1 18 5 28 29 8 27 22 4 
13 0 18 17 20 1 21 11 29 28 5 4 16 26 
28 26 21 1 19 4 20 6 9 5 17 22 25 27 
5 0 28 7 4 14 1 24 2 3 29 10 26 23 
2 6 17 24 11 12 0 19 25 15 10 23 28 3 
2 4 29 5 8 24 17 12 0 9 18 25 1 3 
22 15 18 17 28 27 14 21 9 26 0 23 7 16 
23 17 5 3 21 14 15 1 24 16 26 2 7 27 
25 5 6 28 11 17 18 2 15 13 29 4 23 0 
15 1 14 27 26 4 6 0 2 11 8 24 23 7 
4 9 27 5 16 15 10 1 2 29 13 0 6 24 
18 3 0 7 20 4 26 24 12 5 19 15 29 28 
22 11 0 5 17 14 10 20 23 8 19 24 15 1 
23 9 27 3 10 13 6 15 22 7 19 21 8 28 
0 11 17 18 2 9 14 29 3 23 25 22 16 6 
4 12 3 18 27 10 0 6 8 13 26 1 7 22 
10 26 7 23 20 3 24 18 1 2 21 9 22 8 
8 3 25 7 6 2 11 13 27 28 0 18 22 14 
0 23 14 26 11 25 24 15 28 17 7 3 2 1 
3 6 23 0 5 15 9 29 1 22 12 27 21 14 
6 9 2 4 1 21 29 27 3 26 19 8 11 14 
11 13 10 9 29 16 8 14 5 25 12 17 28 1 
9 14 24 29 26 2 5 3 22 12 21 13 20 27 
5 11 3 28 8 13 16 7 26 23 10 24 19 22 
21 27 19 28 0 16 22 1 3 4 10 7 13 24 
19 24 5 13 29 26 0 15 3 7 11 18 21 28 
16 28 1 24 27 25 13 11 2 6 22 10 9 29 
26 6 8 27 1 25 3 16 29 17 2 20 11 4 
18 15 8 16 24 11 1 3 25 21 7 10 2 28 
25 22 13 24 12 19 27 23 9 2 6 5 1 3 
3 13 9 7 15 18 26 23 2 19 8 4 1 14 
21 2 23 10 7 11 8 25 4 13 26 14 15 5 
16 27 28 29 14 23 26 21 19 1 10 5 18 24 
29 24 13 12 8 18 5 20 25 10 4 27 1 26 
26 10 13 27 15 6 9 7 20 23 22 16 14 18 
14 18 0 25 10 13 29 7 3 23 8 21 19 11 
4 18 10 6 19 2 14 5 24 26 15 13 29 0 
21 12 25 1 28 13 0 23 4 5 14 19 16 10 
3 15 7 14 11 23 1 21 16 19 9 0 5 10 
28 15 1 24 22 7 4 3 26 29 5 23 6 9 
10 19 9 18 6 15 2 5 8 20 29 11 14 23 
4 3 17 26 22 9 29 1 25 28 7 13 19 14 
11 3 7 1 18 28 23 26 12 24 10 4 27 6 
18 12 11 2 0 15 6 1 20 9 8 13 28 25 
6 5 8 17 22 19 25 9 1 0 23 3 4 28 
19 3 27 29 28 9 21 25 14 10 1 22 26 2 
17 4 6 21 0 19 10 1 28 13 29 8 16 24 
24 1 21 20 5 6 8 7 2 27 15 9 16 19 
9 19 1 15 3 0 6 10 17 14 5 24 23 4 
5 2 29 9 10 11 13 27 14 21 20 0 4 26 
5 19 1 3 29 0 18 25 12 28 26 15 22 2 
4 6 26 11 28 15 22 25 12 14 24 9 19 13 
14 25 26 3 4 11 28 2 6 13 16 20 10 8 
7 25 1 16 21 15 14 26 8 27 3 24 6 17 
24 6 1 16 13 9 29 14 2 3 25 5 19 12 
12 14 20 27 10 4 3 8 18 2 25 16 26 11 
26 16 15 5 0 13 22 6 3 17 2 25 27 10 
1 16 20 8 9 24 26 14 6 25 22 28 5 12 
14 10 25 6 11 18 4 19 5 1 15 20 8 28 
29 8 10 2 5 9 18 13 25 28 24 6 20 22 
9 13 21 14 26 11 3 27 16 4 19 5 18 25 
22 7 0 5 17 27 4 24 3 13 23 29 18 11 
7 10 13 12 27 18 23 6 2 20 28 14 24 8 
4 6 29 7 28 2 23 8 12 17 11 18 22 1 
8 5 15 24 7 21 14 17 9 10 25 2 23 29 
2 23 12 0 3 9 15 16 1 24 18 6 20 22 
19 8 23 18 14 3 22 2 28 6 10 15 9 1 
20 10 24 5 14 29 16 21 1 13 15 11 22 9 
7 14 6 29 23 15 16 21 8 28 2 11 26 17 
19 14 16 17 2 22 9 5 23 20 27 4 12 18 
2 21 13 18 24 29 3 22 14 0 11 16 8 28 
13 16 18 12 27 20 7 25 15 26 3 22 28 4 
14 7 19 16 22 27 15 28 29 0 24 18 17 4 
21 20 0 25 8 5 14 15 26 18 4 16 23 24 
17 24 10 18 27 28 7 20 1 26 2 16 9 25 
14 1 26 7 20 5 19 15 18 11 10 29 3 0 
3 19 12 22 18 27 7 2 0 10 6 4 5 14 
2 15 27 0 23 18 26 9 17 25 11 13 16 19 
10 27 8 5 15 14 0 26 13 25 9 22 16 18 
0 1 14 9 10 7 13 12 6 20 29 27 21 11 
16 22 15 26 9 29 14 12 4 20 25 6 24 7 
1 10 11 3 26 22 19 13 24 0 4 23 9 5 
3 13 15 24 2 25 10 29 5 21 6 9 4 12 
5 4 22 24 3 29 0 6 13 10 7 16 25 11 
20 1 15 9 17 22 21 18 8 3 11 28 24 7 
1 24 18 11 25 22 6 7 13 15 8 27 29 20 
11 13 5 19 7 6 2 27 12 14 17 1 15 24 
28 9 27 7 2 16 18 5 8 11 17 23 4 14 
12 8 11 6 9 24 29 7 23 25 1 26 10 3 
11 7 13 0 26 29 20 21 19 17 15 6 4 14 
24 12 6 20 27 13 22 0 5 9 14 10 3 23 
8 11 21 12 6 17 16 23 4 24 2 15 9 25 
13 9 28 25 23 15 8 4 27 16 11 26 3 18 
18 20 10 8 15 3 24 5 28 6 17 16 0 13 
13 16 10 19 1 0 21 3 6 20 12 14 27 15 
14 28 11 25 13 9 6 24 8 17 0 2 7 23 
24 13 25 1 4 11 20 18 3 29 28 27 26 16 
21 20 0 14 5 24 18 29 22 25 7 27 19 16 
13 19 27 14 18 23 3 15 2 7 26 11 4 25 
4 18 17 1 22 0 3 26 13 5 27 16 6 7 
12 7 8 27 14 13 25 0 6 2 22 29 20 23 
3 2 21 17 20 19 0 8 24 5 15 12 16 6 
24 15 12 28 25 0 7 11 10 1 23 5 19 20 
4 23 22 16 29 24 18 2 9 17 5 14 25 10 
26 15 10 16 20 5 3 14 24 18 29 27 11 23 
10 6 28 16 25 14 19 9 23 15 3 5 7 11 
26 2 4 23 6 19 22 28 10 5 0 7 24 21 
1 4 22 12 20 24 3 8 18 13 17 14 19 16 
29 16 17 18 0 12 24 13 21 10 23 11 28 27 
18 29 1 7 3 26 21 10 28 16 11 27 22 14 
12 16 11 19 5 1 15 18 26 10 4 6 21 28 
27 18 5 16 28 14 26 7 15 13 8 12 20 29 
29 1 14 3 6 0 26 25 7 16 22 11 12 17 
0 25 3 4 7 5 14 13 8 28 6 22 16 17 
7 27 14 13 22 8 6 2 17 12 18 28 16 9 
7 26 4 29 5 23 6 14 9 27 1 12 24 20 
18 24 0 2 9 13 8 26 6 17 10 29 11 7 
22 15 8 16 0 13 18 11 23 4 25 29 28 27 
26 28 29 4 21 22 24 27 19 10 13 7 23 12 
0 27 4 8 10 3 22 17 2 26 23 28 16 13 
10 11 21 0 20 7 25 6 24 9 26 2 22 3 
11 23 3 14 19 20 27 7 15 16 13 18 10 4 
10 8 3 24 16 17 2 15 26 14 19 12 13 0 
20 18 13 7 8 27 1 25 4 22 0 12 21 19 
16 7 0 1 28 14 26 6 24 13 3 10 4 23 
2 22 11 6 26 13 25 5 17 4 14 1 19 12 
19 4 16 28 6 25 11 21 17 10 26 2 13 18 
15 5 3 12 23 11 26 21 6 28 25 10 29 16 
25 7 10 26 12 15 4 14 3 22 20 24 27 16 
18 20 22 26 25 13 1 8 6 0 23 16 15 2 
6 16 4 7 0 28 19 3 22 20 9 13 10 17 
2 7 26 13 11 23 19 4 17 6 20 14 27 15 
16 29 24 23 22 26 11 5 3 6 18 15 7 27 
26 19 2 13 8 9 0 18 24 11 17 10 14 4 
5 14 29 20 28 1 19 27 18 25 3 21 12 9 
11 17 21 16 10 1 9 5 2 3 7 14 0 13 
25 6 23 19 12 28 11 0 16 8 24 20 9 1 
24 2 7 9 21 28 29 0 1 11 14 20 17 6 
9 2 8 16 24 23 17 19 20 7 25 21 29 28 
7 29 13 14 1 11 17 8 27 28 10 26 23 19 
1 6 4 14 10 9 23 11 7 18 20 8 25 16 
1 9 28 22 29 4 12 10 25 6 20 16 24 15 
4 18 5 7 21 22 20 28 24 2 11 3 23 8 
15 23 1 8 25 21 14 20 19 13 11 16 3 18 
10 26 23 4 15 11 21 9 6 2 24 25 29 12 
13 2 29 27 25 7 3 20 26 19 11 18 28 21 
10 13 26 27 6 0 15 23 29 20 3 14 5 8 
20 2 17 15 14 29 10 24 13 9 19 21 11 16 
26 5 4 12 17 7 10 23 3 27 6 25 15 1 
25 21 7 15 16 5 4 12 29 28 13 23 3 24 
29 23 5 6 11 21 18 15 1 9 16 20 14 26 
25 26 15 7 1 8 24 11 28 23 29 2 0 9 
3 4 10 2 13 6 8 18 19 7 27 15 20 14 
24 3 15 25 17 20 12 28 18 8 16 9 6 13 
20 27 29 22 18 24 7 5 10 14 17 16 25 2 
3 1 2 14 6 18 21 5 26 29 20 25 4 10 
1 13 12 6 18 14 0 4 11 9 10 15 25 24 
4 24 14 9 22 20 16 26 21 18 6 15 11 10 
9 12 4 17 8 19 13 21 15 5 16 26 24 3 
17 28 24 11 29 21 27 0 9 13 12 8 14 22 
11 9 29 28 23 2 24 0 22 7 10 26 1 27 
13 29 18 12 5 28 14 7 22 6 0 3 17 21 
6 14 29 11 24 13 1 7 3 9 18 19 0 22 
16 22 26 27 10 20 7 9 21 1 23 29 8 19 
5 1 26 27 29 2 13 28 19 7 16 17 6 3 
25 17 26 12 16 22 10 23 5 6 21 19 8 27 
15 14 11 5 0 4 8 26 7 29 21 17 6 19 
20 18 5 17 7 11 22 27 23 26 12 0 3 19 
5 13 25 2 17 7 20 11 8 9 29 12 28 10 
29 11 21 5 20 25 8 17 2 1 12 27 16 3 
10 14 12 13 7 1 16 5 3 27 23 18 26 4 
3 5 28 4 23 27 2 14 12 15 18 16 1 8 
4 13 17 25 11 1 12 19 9 6 5 24 29 10 
17 19 27 11 18 8 20 14 5 0 28 15 7 24 
14 11 2 26 15 6 27 12 9 3 13 22 10 1 
15 3 8 19 16 4 13 12 21 17 28 22 27 20 
24 8 27 26 25 6 19 20 28 22 14 29 3 5 
0 10 25 29 11 20 28 9 1 14 27 19 23 13 
20 5 10 4 3 9 12 7 1 25 23 13 8 6 
18 25 11 0 9 7 21 23 14 20 28 12 5 22 
29 1 15 19 4 8 0 16 25 18 20 5 17 23 
29 13 27 18 6 25 8 9 4 24 20 14 10 17 
17 25 2 9 4 13 1 18 3 12 28 14 10 20 
20 9 18 1 21 24 26 17 2 14 15 7 12 23 
22 5 3 4 7 17 8 28 19 9 6 20 12 14 
12 0 14 2 10 3 25 24 28 16 29 5 15 13 
28 22 6 21 27 13 16 20 2 3 9 29 8 4 
18 0 12 2 6 22 15 11 9 5 16 14 17 26 
11 26 13 27 9 5 4 7 21 8 24 1 6 0 
12 2 16 9 10 18 15 28 26 0 1 7 24 19 
20 10 22 12 15 18 17 19 4 2 27 24 11 16 
20 13 17 7 25 22 14 23 0 1 8 3 2 16 
3 25 0 8 29 26 19 10 22 7 17 4 24 27 
15 25 24 27 29 13 26 5 9 2 20 23 7 8 
2 12 7 24 20 1 18 28 11 21 13 9 5 29 
4 28 2 13 14 16 10 18 19 0 11 12 8 25 
13 4 6 5 24 11 7 19 18 21 9 25 10 23 
11 29 13 23 22 21 2 9 17 15 4 24 10 25 
6 3 0 15 19 11 4 29 12 28 9 25 22 16 
11 6 7 18 3 0 17 9 10 26 22 23 14 8 
7 19 26 0 14 22 25 23 17 5 29 3 20 24 
19 26 4 7 12 11 13 25 14 15 22 18 5 16 
7 12 8 27 23 18 21 25 29 20 1 26 2 11 
3 28 9 1 22 5 24 19 6 11 23 20 21 10 
21 20 17 10 25 24 15 2 14 16 12 11 27 13 
21 11 26 20 29 9 14 0 19 15 17 24 16 12 
28 13 25 8 12 6 1 16 14 4 11 15 7 17 
20 18 3 19 15 8 9 10 2 25 23 14 16 29 
6 24 0 29 21 11 13 2 5 22 15 23 3 16 
15 4 27 3 2 21 28 22 6 0 13 1 14 25 
10 9 11 7 5 23 2 25 21 3 8 13 12 27 
8 15 0 18 27 14 25 6 20 5 9 2 28 11 
4 17 16 13 2 8 9 25 12 1 19 26 18 10 
28 12 14 20 3 19 24 17 10 9 5 22 25 11 
25 21 1 29 8 14 3 22 27 10 15 2 24 0 
5 6 24 7 29 22 21 2 15 28 1 25 16 23 
2 14 16 19 20 8 9 26 0 18 27 6 23 13 
3 24 10 20 4 7 13 9 6 23 26 16 25 5 
5 23 24 9 0 1 20 3 2 18 16 27 29 26 
22 8 1 13 3 0 6 4 23 26 27 17 10 12 
6 24 20 14 2 8 0 22 23 26 5 13 3 18 
10 19 28 6 16 4 22 12 27 23 8 11 9 1 
20 11 26 29 27 28 2 15 6 5 21 7 16 4 
5 17 13 3 22 18 7 6 2 25 16 15 24 14 
4 9 14 25 13 28 26 19 21 0 10 15 2 18 
17 6 13 25 19 29 8 0 11 22 21 16 1 12 
21 28 11 20 29 22 15 4 5 1 2 3 27 23 
29 10 6 21 28 11 8 14 9 24 16 17 22 0 
1 13 8 6 0 27 22 26 5 18 21 12 4 24 
3 9 25 1 6 15 18 20 16 5 27 23 4 17 
15 9 3 29 10 7 12 26 6 27 0 20 14 21 
3 22 27 10 4 16 8 18 5 21 29 13 9 12 
29 13 3 4 17 24 23 19 26 21 28 18 6 8 
29 15 8 25 4 0 24 16 18 17 10 27 12 28 
16 9 25 27 2 21 8 14 0 10 1 3 22 23 
0 5 26 4 7 14 1 9 24 17 19 12 25 21 
4 11 21 23 0 18 2 29 9 12 22 27 6 10 
9 19 11 4 25 23 3 15 13 0 1 28 29 17 
12 28 11 4 9 24 5 10 3 14 6 20 27 8 
7 14 21 26 10 0 25 6 23 13 4 12 16 9 
27 13 23 2 26 16 14 10 3 18 4 11 15 8 
14 11 3 8 25 6 20 0 16 18 9 12 21 29 
8 11 20 0 2 12 15 13 24 3 29 7 14 5 
24 16 18 23 28 27 20 21 13 22 8 4 7 17 
8 9 24 6 0 26 17 3 15 12 22 1 27 23 
22 17 3 16 4 5 1 25 27 20 6 18 0 26 
12 0 16 6 14 19 8 7 28 4 27 22 1 26 
17 26 28 19 29 2 25 15 10 8 9 20 11 18 
9 24 6 4 25 19 22 27 13 10 16 15 18 28 
0 3 10 19 9 6 23 22 18 27 24 15 4 25 
15 0 24 19 13 5 28 1 29 8 27 11 10 26 
2 19 15 11 29 16 10 24 0 17 23 6 13 18 
9 8 5 29 2 6 10 16 27 18 24 4 15 19 
2 17 20 3 5 10 4 25 8 7 9 6 23 26 
17 18 14 4 25 8 23 27 7 6 15 10 0 24 
23 1 4 26 25 8 17 16 12 10 28 15 5 19 
7 11 28 26 4 8 27 0 29 23 1 3 12 24 
17 26 6 24 20 10 29 15 9 12 18 21 27 14 
1 15 29 23 5 11 2 0 7 9 3 17 26 18 
11 21 20 14 4 5 22 1 13 8 12 6 23 28 
12 5 1 0 20 23 15 17 18 28 27 22 16 8 
26 19 17 9 18 3 25 20 21 6 28 29 5 22 
23 0 10 4 1 19 29 18 11 6 20 8 15 21 
5 3 28 15 21 9 1 25 26 22 13 6 14 10 
13 26 0 6 24 7 16 18 29 27 22 3 10 12 
22 13 12 19 0 26 2 9 17 16 24 4 15 14 
12 26 14 8 24 13 19 25 3 21 11 22 17 20 
14 3 20 4 0 8 11 24 18 27 17 19 13 7 
18 24 16 27 5 11 25 20 4 17 3 26 29 8 
6 1 0 10 8 18 25 2 23 26 4 9 27 19 
18 26 14 22 8 20 6 21 13 15 3 29 16 2 
4 26 23 16 17 3 19 6 0 10 27 2 22 1 
1 19 10 13 20 25 9 28 21 16 12 22 7 5 
0 22 18 26 29 15 25 13 10 23 6 14 17 2 
10 2 20 0 21 27 19 26 29 14 8 23 25 11 
23 6 24 2 18 26 27 21 25 0 1 8 15 14 
6 13 15 8 27 20 4 29 3 17 11 21 10 9 
14 16 26 1 18 3 12 24 6 7 28 9 17 27 
18 12 29 22 28 7 1 25 3 21 4 5 15 6 
2 6 14 5 17 12 13 28 3 11 22 20 8 25 
20 21 4 17 10 5 6 9 15 0 14 7 24 2 
5 4 15 28 29 12 19 3 9 1 11 26 10 22 
11 22 28 18 29 23 0 2 12 19 6 14 9 27 
28 19 8 6 4 16 15 21 22 17 24 18 29 2 
1 15 8 2 5 14 6 11 20 25 3 18 7 12 
6 22 26 24 0 3 25 12 14 19 7 8 11 9 
27 0 3 23 4 7 13 26 17 12 10 6 1 29 
8 9 27 21 15 18 16 29 5 14 12 13 24 1 
8 17 22 16 23 15 25 20 27 5 21 26 18 10 
12 11 28 4 7 21 8 23 3 10 26 16 2 18 
4 6 24 21 2 20 5 15 23 18 14 3 8 27 
5 8 21 10 23 3 20 25 7 11 27 16 4 14 
19 16 21 26 15 11 17 6 25 20 8 2 22 0 
19 29 13 24 21 17 4 10 18 11 14 27 7 20 
20 15 10 17 5 18 24 21 6 1 13 3 19 29 
20 11 5 18 21 2 25 13 8 4 29 15 9 24 
23 19 5 4 3 8 9 10 1 26 11 12 14 6 
4 29 5 22 28 2 26 1 8 20 11 15 25 9 
22 0 17 11 4 3 14 16 12 2 9 20 13 25 
23 0 14 28 21 6 9 26 20 22 24 10 17 15 
14 18 6 0 13 17 28 26 12 9 8 20 22 5 
4 19 21 0 12 22 6 23 15 10 9 27 5 18 
21 5 10 22 9 16 0 11 15 28 19 24 17 20 
6 16 11 23 25 10 15 14 29 22 13 12 27 8 
14 26 18 19 12 11 13 8 29 2 16 24 25 3 
13 14 18 1 0 12 11 22 9 7 8 24 3 19 
13 3 28 12 0 27 1 5 16 25 29 15 19 14 
19 22 12 2 24 14 5 21 26 10 17 0 3 11 
28 20 12 23 18 3 5 14 17 4 25 22 6 13 
9 2 8 11 27 7 4 12 6 3 16 22 19 14 
18 5 6 14 22 0 11 16 21 29 4 1 3 2 
11 5 9 4 16 1 22 26 19 14 12 21 3 17 
15 8 3 25 21 23 16 28 26 24 13 17 14 18 
18 9 11 14 20 3 24 2 17 4 22 15 25 26 
6 27 19 12 20 21 11 2 23 16 24 22 28 9 
5 16 26 15 2 6 10 4 25 14 18 17 11 21 
27 25 0 23 10 15 22 14 13 18 4 20 2 28 
18 7 27 22 2 19 0 21 16 4 12 29 23 8 
20 17 23 14 15 5 12 8 26 25 6 24 10 18 
18 29 16 19 10 0 20 23 2 3 28 14 22 26 
8 6 3 12 21 5 20 17 4 28 0 10 7 14 
29 12 11 26 2 20 3 22 27 13 18 19 28 7 
10 7 25 29 16 24 15 18 22 3 19 0 13 9 
10 0 9 14 13 12 3 25 4 1 24 15 18 22 
23 28 18 20 8 7 13 26 12 10 16 24 3 4 
15 10 22 27 5 25 6 16 20 17 14 13 28 24 
0 29 8 9 14 2 24 16 25 12 20 15 19 11 
14 11 21 25 3 6 18 4 9 8 17 2 23 1 
26 9 8 11 19 12 14 24 7 10 27 28 1 18 
11 18 6 1 7 16 28 12 25 26 23 15 14 29 
29 4 27 14 1 9 7 26 15 12 5 10 6 24 
3 13 11 16 25 21 5 28 9 0 27 15 10 6 
29 15 23 28 18 22 1 25 26 17 12 3 0 4 
2 9 23 25 7 14 20 12 4 27 13 19 22 1 
28 24 26 11 13 12 15 6 22 3 27 0 23 29 
0 25 29 22 4 10 18 28 3 26 24 13 17 21 
5 11 8 29 1 24 6 17 18 3 7 12 13 23 
18 10 8 24 3 27 20 6 29 26 21 2 14 28 
12 29 8 3 5 15 9 16 11 13 22 4 19 26 
18 0 1 27 4 6 20 5 19 8 28 15 17 24 
0 14 1 7 19 20 5 12 9 4 29 10 23 3 
8 26 7 16 6 19 12 28 3 11 10 18 27 24 
28 9 24 26 12 10 22 27 3 7 14 4 21 25 
16 27 19 25 20 18 28 4 10 7 11 15 14 24 
15 17 13 4 26 19 3 24 8 1 22 14 5 9 
17 28 2 11 6 20 1 7 19 24 3 12 14 9 
8 14 26 23 18 21 4 1 6 20 22 13 16 9 
16 5 22 2 19 17 23 21 29 25 24 3 12 11 
24 2 6 17 5 7 11 12 21 22 14 13 19 28 
26 0 12 2 23 8 11 16 14 21 29 4 3 7 
13 9 14 29 7 21 20 1 2 0 17 25 22 8 
28 26 10 15 0 5 21 11 17 16 13 12 23 20 
14 10 0 7 27 3 8 28 23 18 11 26 15 9 
20 25 5 10 11 21 23 22 26 28 3 13 12 8 
1 9 17 24 21 2 20 4 25 23 0 8 3 28 
14 20 15 17 29 6 19 27 3 1 2 26 8 13 
16 3 0 23 2 27 19 18 21 11 7 28 10 13 
5 9 14 28 10 18 8 25 16 6 17 4 27 13 
24 22 17 4 14 7 9 10 21 13 11 16 18 28 
2 3 13 14 8 24 29 5 16 27 28 15 17 6 
20 1 14 17 25 3 7 15 24 26 2 22 5 13 
0 12 22 20 8 26 4 11 24 10 28 9 21 1 
3 7 20 17 25 26 14 28 8 22 10 6 24 29 
4 5 10 15 24 17 20 18 27 26 28 6 19 21 
28 12 1 21 7 5 10 8 4 14 26 16 15 19 
16 27 22 2 28 25 19 18 8 21 5 15 9 13 
26 22 16 29 2 15 0 11 25 13 19 8 21 12 
14 29 24 22 26 2 19 23 28 20 12 0 5 11 
17 19 2 5 4 16 3 1 25 20 15 29 21 13 
13 20 10 16 21 11 0 7 28 26 9 6 19 27 
12 0 8 13 25 3 5 17 4 22 23 21 29 6 
17 0 12 19 28 7 11 6 25 18 3 23 10 9 
19 7 29 21 12 8 2 20 26 27 25 28 14 22 
9 23 27 11 21 7 14 8 19 16 3 0 10 17 
22 14 7 13 24 6 12 25 9 23 29 18 2 10 
6 27 7 11 18 20 21 17 16 25 19 1 28 15 
1 13 28 20 21 5 23 16 25 6 4 9 14 29 
24 23 10 28 3 18 7 5 8 26 27 1 25 20 
29 24 28 14 12 27 9 26 25 20 22 3 2 1 
11 28 9 6 14 4 8 21 22 18 13 3 10 12 
13 20 5 16 3 14 0 17 22 6 23 2 8 26 
14 12 8 2 0 19 17 10 21 9 27 13 18 25 
23 0 15 8 16 19 18 27 25 21 13 5 1 7 
15 28 27 29 22 24 7 23 8 9 26 2 4 6 
26 15 8 9 13 11 19 24 25 7 2 20 5 23 
5 19 14 4 8 16 22 23 21 11 24 6 12 25 
23 18 1 27 14 19 8 13 29 7 11 21 4 0 
19 4 11 14 6 9 21 22 25 12 3 0 20 10 
11 2 5 0 4 1 7 13 15 10 12 9 26 8 
25 24 19 11 7 9 22 15 28 27 1 4 20 10 
6 0 18 11 24 2 7 14 27 17 19 16 23 8 
18 23 1 14 11 7 20 21 25 10 0 24 29 6 
29 19 4 13 9 12 11 0 28 7 27 24 21 22 
15 11 19 26 25 13 3 10 24 5 23 6 29 2 
16 3 25 19 1 4 22 11 17 15 26 9 18 27 
5 2 27 12 29 28 10 14 11 1 0 9 18 19 
19 8 9 14 22 16 5 7 6 29 17 18 10 21 
6 0 11 1 26 15 29 20 28 12 21 25 19 23 
26 8 6 10 17 3 24 27 1 18 15 16 21 2 
3 13 2 1 5 0 7 18 15 20 25 21 27 4 
17 21 23 3 13 6 9 15 4 27 28 19 24 5 
11 18 8 20 1 22 24 12 7 23 0 5 13 9 
15 22 2 28 7 11 13 27 5 21 0 4 17 18 
22 20 23 10 12 21 7 0 4 27 2 5 28 16 
22 26 17 13 3 28 5 18 11 29 7 23 24 20 
7 2 25 17 27 10 9 18 6 20 26 22 28 3 
20 27 17 0 11 16 1 4 21 15 14 22 5 26 
12 5 17 1 14 22 26 27 2 3 7 24 23 28 
10 22 19 24 29 13 20 5 9 25 18 0 2 11 
2 3 19 10 7 24 13 20 5 27 8 18 29 25 
13 9 25 8 1 28 22 7 3 24 4 10 19 15 
1 23 19 10 25 28 6 8 21 12 9 22 18 24 
5 20 26 17 27 10 24 13 15 14 6 11 2 8 
12 13 4 27 17 9 7 25 21 16 20 14 5 24 
4 9 0 27 13 25 15 7 26 6 14 20 10 17 
3 7 9 14 25 22 13 4 18 28 11 10 21 12 
19 24 28 27 13 23 8 11 14 25 7 15 12 16 
11 5 18 6 21 8 25 17 26 12 16 28 23 10 
10 24 21 13 23 20 3 28 8 18 19 29 12 16 
3 20 1 17 4 14 21 28 15 12 18 7 9 11 
16 26 5 7 29 13 19 15 2 20 14 6 28 17 
5 2 10 15 16 9 19 28 20 14 8 21 0 23 
16 18 22 17 29 0 6 5 13 9 8 7 11 25 
12 16 11 28 2 19 25 5 23 7 24 14 3 26 
8 3 0 6 21 18 14 22 23 26 4 7 11 27 
1 11 15 12 26 21 3 7 29 4 2 8 19 16 
27 13 25 29 4 26 10 2 6 24 20 1 23 3 
0 15 24 8 19 12 3 20 2 21 9 23 11 17 
6 10 28 20 12 1 3 13 26 21 27 17 22 19 
18 13 24 28 26 17 8 21 15 7 29 3 23 1 
10 15 20 18 9 8 29 2 22 5 23 13 17 19 
19 28 6 4 26 24 7 17 29 20 23 9 5 13 
18 5 29 2 28 6 24 25 20 11 7 9 16 27 
20 3 22 12 26 11 21 29 19 8 14 16 6 1 
8 26 2 14 24 27 0 1 13 9 16 3 28 12 
26 11 28 17 29 22 19 1 2 6 23 3 5 10 
25 15 23 17 18 7 19 10 21 12 4 27 14 16 
3 5 25 15 20 8 21 14 28 12 4 19 17 26 
2 25 12 29 13 16 27 28 19 7 1 11 24 14 
18 12 22 5 17 8 7 6 16 28 11 29 15 10 
18 3 23 8 4 10 6 1 14 26 2 19 20 16 
8 4 29 2 5 19 3 18 27 28 9 24 16 26 
26 11 15 5 10 19 20 25 23 3 8 16 2 18 
18 15 17 9 19 22 12 16 23 6 14 3 20 5 
10 13 6 27 0 14 9 7 29 24 4 18 19 16 
23 13 24 27 29 18 0 26 6 10 2 19 1 11 
28 13 1 18 4 20 10 21 3 26 15 5 24 14 
3 11 28 15 8 22 12 26 23 14 9 21 25 27 
5 7 0 2 4 25 29 17 12 26 13 23 3 16 
18 1 25 3 26 4 5 19 14 2 16 7 17 10 
1 3 12 22 17 19 8 29 26 25 27 10 11 9 
2 22 12 23 26 21 0 17 7 18 24 9 19 28 
21 2 23 18 10 17 5 19 25 14 28 16 15 11 
4 12 8 18 1 26 15 6 28 0 3 5 23 13 
17 29 14 6 26 12 0 2 21 15 1 9 4 5 
1 13 29 10 3 20 19 11 26 5 22 9 12 8 
25 17 23 0 11 4 19 3 20 24 7 22 12 13 
28 15 8 5 25 2 4 3 18 29 24 9 6 13 
18 25 2 1 8 23 22 6 19 27 10 12 14 4 
18 19 28 27 1 5 11 14 26 17 13 22 21 7 
25 15 24 18 27 22 16 9 17 2 10 5 4 28 
26 10 20 24 5 3 4 19 25 21 16 29 8 12 
24 18 4 19 14 11 13 6 26 2 10 22 3 0 
18 11 26 13 22 20 10 27 1 15 17 12 9 23 
13 9 25 8 5 15 0 1 27 23 18 11 28 14 
16 5 12 14 11 10 2 0 25 3 18 4 28 29 
24 6 29 9 2 28 7 27 12 23 11 22 19 17 
17 0 19 8 11 10 15 24 20 22 21 23 25 12 
11 1 13 12 16 5 2 17 6 22 7 9 0 28 
3 29 28 11 26 5 13 1 6 24 16 9 19 20 
15 16 7 5 24 27 22 12 28 20 17 21 14 4 
11 0 27 8 10 22 4 16 19 9 14 6 15 2 
4 25 26 2 8 23 22 6 11 3 5 24 18 15 
4 13 20 18 25 8 16 22 2 3 26 1 29 7 
20 0 29 13 16 3 14 6 12 24 19 5 28 17 
3 15 26 10 21 6 2 12 1 11 27 20 23 0 
5 28 4 2 3 25 19 27 23 7 29 14 20 1 
4 16 0 22 19 23 21 13 14 27 5 8 11 25 
14 17 15 6 5 16 12 10 18 21 20 23 4 8 
24 4 25 14 3 5 22 10 11 26 21 28 17 23 
17 10 0 7 9 1 3 5 15 16 22 14 4 20 
16 21 11 1 19 8 17 22 25 5 27 28 14 3 
1 21 8 14 0 27 23 24 22 25 7 4 10 16 
1 29 18 22 21 11 3 4 10 16 9 8 26 28 
20 2 24 25 19 23 3 9 1 16 4 26 10 28 
16 2 18 6 4 11 15 27 9 7 20 17 14 24 
19 1 7 8 27 28 6 0 13 16 29 2 23 9 
0 21 23 29 24 10 11 6 13 4 22 14 1 25 
11 21 12 17 16 2 9 23 4 14 3 18 27 15 
6 24 15 14 12 3 0 16 1 4 28 27 22 25 
29 0 13 9 23 6 8 28 27 11 7 4 10 24 
12 13 18 6 1 7 19 22 4 5 8 9 15 27 
13 20 8 27 18 29 26 16 12 14 9 28 19 24 
18 17 15 11 9 5 4 13 25 29 0 16 12 6 
11 1 6 22 27 29 7 8 23 9 18 24 12 2 
17 7 15 29 9 28 22 18 0 25 20 16 1 23 
2 28 29 16 10 8 24 9 7 27 17 25 4 22 
23 15 12 21 11 18 8 27 10 2 0 19 3 13 
1 2 27 23 28 10 16 17 7 22 19 3 21 4 
17 28 25 1 13 19 4 20 2 14 10 8 11 6 
9 12 22 4 26 3 27 8 25 21 7 19 16 1 
25 7 14 26 5 9 3 1 10 27 13 20 12 21 
10 20 16 3 27 17 22 21 4 1 23 6 5 7 
22 25 1 21 20 17 11 7 23 0 26 18 10 4 
6 0 19 18 9 15 8 23 29 21 12 11 4 1 
8 7 4 29 16 10 0 23 26 12 11 5 13 19 
14 18 1 26 16 4 8 3 19 13 24 22 2 28 
25 7 4 16 0 18 8 9 2 12 14 1 15 27 
1 14 28 29 7 10 0 19 5 20 16 13 3 24 
3 8 22 23 16 13 27 15 9 5 1 21 0 17 
2 7 24 23 12 18 20 1 21 5 10 13 11 8 
11 8 15 26 23 1 5 17 22 2 14 6 19 16 
6 17 11 2 25 14 24 15 7 26 18 20 0 29 
23 13 1 2 0 12 28 8 27 10 20 11 15 7 
16 13 4 11 21 6 19 0 28 14 5 23 12 9 
21 3 28 14 9 17 12 18 16 26 10 11 8 23 
21 25 24 10 28 14 7 2 13 1 5 16 15 19 
8 20 22 6 9 3 28 25 16 21 5 7 14 27 
9 21 24 26 16 7 1 22 23 5 2 15 10 14 
24 17 12 5 16 1 6 25 3 4 14 19 26 20 
13 16 8 7 19 1 22 29 5 10 27 25 21 17 
13 2 19 5 8 1 28 20 14 6 21 17 10 18 
16 27 23 5 20 21 3 8 4 26 0 6 13 18 
21 18 2 27 20 26 1 17 7 10 9 19 16 15 
15 11 29 7 2 10 16 8 13 20 5 17 4 18 
16 1 15 10 0 21 6 17 18 2 5 4 27 8 
17 13 14 16 6 0 25 12 28 29 21 19 11 24 
15 6 29 21 25 24 20 8 23 19 7 18 28 4 
23 13 25 12 1 8 11 28 10 15 17 22 20 2 
25 5 10 0 12 1 11 16 26 2 27 22 13 21 
25 4 24 8 9 2 19 20 21 14 10 26 3 1 
25 15 28 6 9 26 10 20 12 8 21 3 2 27 
17 11 7 24 12 13 23 16 4 10 28 15 1 19 
16 9 24 20 13 8 27 26 15 19 11 14 10 23 
9 28 21 18 13 5 23 29 16 25 26 1 8 24 
28 13 3 9 17 21 16 2 23 25 1 19 0 6 
21 15 12 0 18 23 11 1 10 13 4 7 14 16 
18 8 5 9 25 15 16 2 14 26 6 28 10 1 
26 18 16 13 21 7 0 27 22 17 23 28 11 1 
27 26 7 24 13 15 16 9 8 19 1 0 17 6 
21 12 19 13 23 1 2 17 10 6 15 3 29 27 
23 9 3 10 17 18 1 4 28 6 25 24 21 14 
11 4 12 21 25 27 26 19 24 23 14 1 28 20 
16 24 17 27 5 15 28 1 2 9 6 19 7 12 
4 24 11 19 7 27 23 8 21 15 9 6 26 13 
21 26 19 2 22 11 23 14 4 10 12 13 9 25 
7 26 4 8 1 17 2 13 14 19 15 27 6 24 
28 22 8 21 19 0 10 9 29 18 2 12 5 13 
6 15 14 9 25 27 17 29 10 2 5 11 22 0 
18 6 16 23 29 26 20 15 4 24 21 12 10 0 
17 19 18 22 7 26 24 10 29 3 9 4 23 1 
1 8 23 4 12 7 2 10 11 22 18 24 28 25 
8 20 2 3 10 4 0 12 23 16 24 6 5 21 
10 5 27 23 6 14 25 26 1 8 18 21 2 17 
7 11 6 16 5 0 28 21 27 20 22 9 13 1 
25 13 17 15 20 29 0 8 12 11 23 16 22 18 
21 23 8 18 19 2 25 17 9 22 29 3 11 1 
9 17 4 20 11 19 14 15 27 0 28 25 12 24 
11 24 29 10 25 5 8 15 12 14 21 20 1 28 
15 19 8 29 17 13 12 25 28 7 3 21 6 22 
1 18 20 11 0 23 5 24 6 22 2 16 8 25 
20 5 3 22 24 12 14 16 15 19 13 29 8 28 
9 1 12 27 0 8 20 29 14 25 3 7 26 11 
4 21 3 0 13 8 23 5 1 2 19 9 15 10 
3 7 11 9 24 14 6 20 16 27 19 13 29 4 
24 12 29 4 16 25 23 15 19 6 1 0 28 18 
9 13 25 0 20 12 18 27 2 10 7 19 5 26 
15 13 0 23 22 10 8 3 25 17 5 27 12 14 
8 20 3 23 2 4 1 0 29 25 7 12 27 19 
2 18 23 0 11 29 19 10 13 20 24 28 14 8 
3 14 29 7 19 24 2 23 8 27 22 0 16 18 
17 4 1 19 0 2 7 28 21 5 24 25 3 16 
8 26 18 3 12 23 13 20 21 0 14 27 1 25 
27 16 14 18 26 9 20 28 15 7 5 24 19 29 
8 13 18 29 11 14 2 21 19 20 15 17 5 26 
1 17 6 5 13 25 26 27 4 12 21 29 11 8 
14 25 1 12 20 18 11 8 4 2 22 9 6 28 
12 13 26 6 17 14 7 16 3 20 10 11 8 28 
23 27 2 8 10 25 21 0 17 18 14 28 7 20 
28 11 23 27 1 15 22 26 4 21 2 18 9 10 
4 3 19 1 13 25 20 15 21 23 8 6 12 26 
16 25 1 2 14 15 22 3 11 18 17 9 21 10 
14 0 12 28 18 15 29 2 27 13 16 8 17 7 
23 28 12 27 18 26 1 24 14 21 22 10 0 6 
20 5 17 21 14 7 4 12 24 11 8 23 1 18 
22 19 10 25 13 2 29 4 11 8 16 7 0 15 
28 18 6 13 22 19 8 14 5 21 3 20 16 24 
4 22 29 3 28 23 21 19 14 16 24 25 12 10 
25 29 4 22 8 20 1 17 24 9 14 26 0 12 
18 8 22 16 13 11 24 10 9 1 12 20 19 0 
2 12 25 13 4 15 27 24 22 28 20 0 17 3 
2 21 24 12 3 14 9 16 27 1 0 13 26 22 
26 7 14 25 22 21 18 29 12 24 3 2 15 11 
23 5 20 15 14 22 12 13 19 10 27 11 26 6 
19 2 22 20 13 3 1 24 15 11 4 17 28 16 
13 9 6 24 10 2 29 26 14 4 8 21 12 27 
9 19 4 1 10 5 20 11 29 14 3 17 8 21 
29 6 10 21 13 1 0 11 25 5 23 18 16 4 
29 26 12 10 14 16 22 25 8 3 15 20 11 1 
23 3 26 22 25 10 7 27 1 20 11 17 4 14 
9 4 16 15 26 25 12 13 0 24 3 2 22 11 
1 22 17 27 14 24 13 26 16 19 0 21 15 3 
19 12 3 5 10 21 23 16 6 20 9 27 26 2 
5 8 4 19 15 16 6 11 25 14 12 28 21 17 
1 11 8 7 19 18 28 27 20 3 13 24 6 5 
6 4 2 7 12 1 14 22 8 11 28 13 20 18 
29 24 20 15 22 8 12 10 21 14 13 6 18 23 
28 26 9 25 11 14 19 5 7 10 0 23 1 8 
2 16 26 4 9 11 25 13 28 18 7 5 19 14 
3 20 11 14 9 10 17 26 18 2 16 5 6 4 
21 5 2 1 0 13 25 26 12 16 3 24 19 14 
16 26 6 28 9 21 18 12 15 19 13 27 5 23 
28 14 25 16 22 10 8 17 27 19 7 12 4 11 
21 23 26 6 29 0 27 9 13 19 12 15 7 22 
13 3 15 16 21 10 29 7 27 22 26 20 17 24 
1 15 28 0 23 11 10 12 27 19 22 8 16 4 
2 6 9 19 10 20 13 25 12 17 29 26 28 5 
25 18 16 13 0 3 2 14 5 9 10 21 6 7 
15 13 25 6 16 1 24 26 2 12 5 3 19 10 
13 29 9 1 26 27 8 15 22 0 19 5 10 14 
11 21 1 8 24 4 22 17 13 12 14 2 26 16 
11 6 17 27 12 8 21 16 26 13 19 2 10 29 
18 4 12 2 15 17 8 14 16 26 13 27 10 9 
25 28 27 22 8 24 7 26 23 21 12 29 11 4 
1 17 9 3 19 16 2 29 27 23 20 28 21 7 
16 1 23 13 29 19 7 25 14 5 9 28 4 11 
24 12 17 6 27 1 14 21 13 2 11 4 5 18 
7 22 13 29 15 17 1 20 27 25 24 5 8 3 
4 24 3 6 13 2 10 19 23 14 12 21 8 29 
17 8 12 26 2 6 23 29 4 20 15 21 11 27 
12 26 7 9 15 10 1 22 20 5 6 2 29 14 
20 12 15 11 27 13 14 18 25 23 24 8 16 19 
17 16 4 12 7 28 2 0 24 14 23 20 19 25 
26 0 9 21 16 17 27 11 25 8 2 14 24 12 
29 18 10 5 24 17 13 11 9 25 3 26 15 4 
22 8 27 4 19 20 2 0 16 12 28 15 11 13 
25 14 22 27 7 1 12 29 16 9 10 17 18 11 
24 5 18 2 27 1 8 15 19 26 29 25 20 17 
22 16 18 5 25 27 9 15 28 2 4 24 26 10 
12 15 3 10 13 26 17 1 19 22 7 16 5 6 
21 3 7 13 8 17 10 19 15 25 14 6 22 5 
13 29 10 8 23 19 28 3 27 14 2 26 9 1 
6 2 15 29 12 10 4 1 20 27 14 0 11 13 
11 19 9 25 17 12 6 10 2 1 7 13 24 3 
22 0 7 21 20 19 12 13 25 4 27 6 16 8 
11 16 18 7 8 6 19 5 25 24 27 9 17 28 
29 25 14 3 12 8 28 2 5 19 26 18 11 10 
15 16 1 18 24 26 13 0 25 28 23 22 5 7 
17 23 25 8 20 28 16 22 2 6 15 29 1 9 
5 13 11 16 26 27 21 29 10 14 3 8 15 7 
5 28 6 15 3 23 1 27 24 0 11 20 14 12 
28 22 24 16 0 26 8 18 23 11 14 4 6 3 
22 23 25 2 13 1 12 0 14 29 26 10 4 11 
28 7 0 10 23 12 1 29 16 11 17 15 5 20 
2 1 10 3 6 20 29 9 21 26 24 28 5 23 
16 27 5 24 8 25 23 15 1 10 19 7 29 21 
24 16 15 23 21 11 22 17 10 1 13 14 9 27 
29 10 8 19 18 20 5 7 3 13 17 12 22 25 
16 0 9 15 11 3 24 22 7 1 23 29 25 6 
10 26 20 1 23 27 5 29 28 16 8 13 21 0 
8 15 26 11 7 17 25 4 3 9 6 13 28 1 
0 18 22 3 27 14 6 29 13 8 19 24 23 21 
25 28 27 19 7 15 1 0 18 14 20 8 4 21 
8 14 0 10 17 19 15 7 4 2 1 27 29 12 
2 11 15 5 29 0 23 7 27 16 12 14 28 22 
10 28 21 12 29 5 0 20 6 23 7 1 17 8 
24 28 20 15 14 10 13 9 6 23 17 4 7 2 
26 22 14 19 23 11 0 29 6 18 9 16 3 20 
27 1 16 5 9 13 22 0 4 19 23 6 7 2 
14 29 8 5 9 28 12 18 1 17 10 2 19 15 
21 19 22 6 1 28 5 8 11 12 4 9 20 0 
4 24 29 18 12 13 16 20 0 25 14 8 22 21 
10 8 27 25 11 7 29 26 4 21 12 24 17 16 
20 25 24 14 11 21 29 19 1 10 23 12 15 26 
12 13 5 6 29 25 2 11 4 28 10 20 22 9 
26 3 7 24 29 21 0 2 14 19 15 12 11 17 
6 17 12 26 24 28 25 13 16 14 21 11 9 4 
28 12 16 2 23 9 5 18 1 6 0 20 22 21 
23 1 15 17 28 8 16 5 9 4 7 29 6 13 
18 5 9 1 20 29 10 15 19 0 24 14 4 28 
26 24 7 27 16 28 15 10 18 6 8 25 0 1 
4 19 6 8 0 3 13 7 25 14 23 10 20 21 
29 26 13 0 3 5 4 20 27 21 10 25 9 23 
19 16 23 28 20 11 5 13 22 7 25 8 6 3 
3 0 18 22 20 10 19 27 11 6 17 23 28 25 
19 13 11 24 23 20 15 4 28 3 16 17 21 7 
6 18 24 29 21 2 28 15 16 14 13 3 0 9 
12 0 25 11 7 6 1 16 10 22 24 14 27 4 
14 26 2 3 4 27 12 13 11 0 17 20 9 16 
7 11 28 8 12 14 23 5 4 24 3 19 1 9 
19 20 27 2 23 12 4 29 13 1 3 11 5 16 
8 29 1 9 4 0 21 7 11 18 3 23 25 22 
1 9 28 12 7 25 29 14 17 21 24 22 2 3 
11 21 28 6 29 7 8 4 20 22 9 12 13 27 
23 28 12 6 25 13 17 1 27 14 11 18 16 0 
22 6 2 18 11 7 1 17 26 3 8 4 23 5 
26 11 25 0 15 17 10 3 16 19 2 24 8 18 
0 25 26 15 2 21 4 23 24 27 17 11 5 13 
25 26 21 2 17 22 29 28 6 1 27 23 15 11 
25 27 9 24 12 4 15 29 7 23 3 11 21 19 
4 7 6 8 1 17 26 24 12 14 0 5 18 16 
21 29 4 19 9 10 0 7 2 27 25 20 23 8 
3 6 22 5 4 15 13 0 20 7 25 2 27 17 
9 12 24 6 7 10 11 26 8 16 2 15 17 18 
3 12 24 22 11 21 26 20 4 7 14 9 23 28 
25 21 17 24 7 12 4 14 22 27 19 16 2 9 
28 0 3 15 4 8 13 9 12 7 27 20 24 10 
23 0 14 5 8 27 17 18 19 7 9 12 28 22 
26 11 15 29 23 19 22 3 8 18 6 13 21 10 
21 11 10 7 13 0 24 4 19 8 9 22 1 18 
7 14 8 2 17 28 1 21 26 13 3 25 0 6 
8 0 7 18 24 29 9 25 1 26 14 19 21 11 
18 0 9 16 6 2 13 21 8 11 17 4 20 27 
1 4 6 29 20 21 2 13 0 26 25 7 11 16 
14 23 25 20 3 10 6 11 24 9 27 21 26 13 
15 28 1 14 23 5 18 17 3 20 29 9 26 4 
5 4 16 22 10 24 3 0 29 27 26 21 15 11 
28 25 5 20 27 4 11 10 15 0 24 9 16 18 
8 28 18 20 13 21 10 7 27 17 26 25 19 12 
10 25 23 14 26 6 12 5 20 8 1 0 27 19 
2 18 12 19 20 14 1 16 13 24 21 29 3 4 
18 28 1 2 19 3 9 23 13 29 15 11 8 10 
22 0 6 24 11 17 1 12 8 25 14 28 10 23 
14 19 18 9 1 3 21 25 27 5 10 17 6 4 
29 18 9 26 4 19 28 6 12 21 1 13 24 25 
9 1 27 0 7 24 20 4 2 22 15 6 14 11 
21 3 4 28 2 24 13 0 6 14 23 5 29 1 
12 14 6 23 22 2 26 18 25 16 1 7 21 4 
14 17 15 24 25 16 1 12 13 2 21 10 27 6 
29 6 18 12 2 27 28 17 15 23 7 21 8 26 
26 19 16 18 6 21 10 2 20 24 13 23 15 0 
27 1 12 6 22 14 21 4 19 20 8 29 26 11 
22 11 6 2 23 21 27 29 8 20 28 4 12 19 
5 15 6 0 10 27 17 11 20 18 9 1 16 12 
8 12 29 10 13 27 17 23 20 4 26 16 25 28 
0 19 11 15 3 26 5 27 21 24 25 6 8 10 
13 15 10 27 12 24 8 23 11 20 6 18 2 17 
26 2 17 1 11 25 8 27 7 10 22 5 24 28 
13 20 25 7 11 5 17 18 27 21 3 24 1 6 
7 8 18 13 11 27 23 22 16 10 9 24 1 2 
8 19 13 26 14 3 28 2 18 29 16 7 1 0 
21 25 19 15 27 20 24 18 12 5 26 28 14 13 
21 29 18 5 10 12 26 24 8 13 7 17 14 20 
14 1 20 25 19 28 8 24 12 7 6 11 21 27 
0 3 16 22 13 25 6 4 26 12 1 24 15 9 
25 1 9 6 20 8 12 13 11 21 10 5 15 17 
29 22 28 11 26 23 19 6 21 0 18 7 27 24 
2 28 29 3 23 8 21 6 27 1 4 20 14 9 
9 27 18 8 13 10 29 19 12 14 0 16 24 3 
14 23 26 17 19 29 22 25 13 2 4 20 12 3 
29 24 3 23 19 12 10 27 22 11 15 21 28 7 
2 10 0 14 16 6 28 15 23 11 13 5 19 26 
14 21 0 8 4 20 28 26 5 6 9 1 27 29 
12 20 15 9 6 0 26 23 29 14 13 21 11 16 
18 28 10 19 13 11 4 24 26 6 27 21 23 2 
0 13 26 3 21 16 4 7 2 17 14 23 29 24 
23 15 3 27 19 9 20 11 7 26 2 18 0 4 
14 17 20 12 8 16 19 9 0 4 1 28 3 6 
12 2 23 6 7 1 27 11 28 9 22 19 4 25 
28 15 13 29 17 1 0 12 14 7 16 24 25 27 
24 20 16 29 22 10 0 28 11 25 15 9 27 12 
22 4 12 6 27 0 23 15 20 28 21 10 26 9 
29 15 3 20 24 7 27 14 21 1 26 4 12 9 
13 15 0 6 1 28 14 21 5 16 22 2 4 11 
19 6 18 5 12 23 8 21 15 7 1 11 16 17 
29 16 2 4 1 0 14 23 25 22 8 18 15 26 
27 0 4 3 28 11 29 12 20 1 5 17 18 22 
0 2 17 5 3 16 6 20 8 1 28 14 23 29 
16 7 9 11 18 25 4 6 12 17 13 1 28 24 
22 14 5 21 17 19 16 23 11 10 8 28 26 29 
20 24 2 12 18 21 25 7 13 0 3 11 4 15 
9 6 22 7 17 3 27 1 2 8 14 29 18 19 
16 1 28 15 4 13 2 9 7 10 5 22 27 25 
10 18 16 13 1 6 7 5 11 0 12 22 8 3 
19 25 11 2 20 1 17 7 8 3 15 9 23 29 
16 8 1 17 7 10 29 9 23 14 19 22 20 15 
21 20 23 27 7 26 25 1 29 22 28 6 4 8 
13 17 24 9 14 25 5 12 28 8 11 3 7 19 
8 17 23 13 28 4 25 3 21 18 27 11 1 24 
19 28 4 18 21 0 1 5 16 12 15 29 25 8 
1 5 4 18 28 3 13 2 9 6 25 15 12 8 
7 24 5 4 14 2 10 29 12 23 25 26 22 1 
11 23 16 28 27 13 19 10 1 22 4 2 7 9 
4 3 7 29 24 20 2 19 13 23 11 5 26 25 
21 4 0 26 2 18 7 14 1 9 17 11 24 23 
10 26 20 13 3 19 11 16 24 21 28 2 1 7 
29 0 3 4 6 27 25 9 20 28 10 26 13 24 
0 8 5 19 9 24 2 4 7 22 23 1 14 26 
28 1 15 27 10 25 4 6 13 20 29 23 2 22 
28 12 10 20 8 0 22 25 18 24 4 1 3 7 
17 8 9 16 4 18 24 22 23 29 13 0 25 10 
27 3 13 24 22 7 5 19 15 14 28 9 4 6 
16 0 13 9 19 4 29 5 7 12 27 6 15 8 
7 28 17 8 19 18 14 10 3 25 13 20 2 11 
23 7 26 19 28 13 11 12 1 3 8 18 9 29 
16 5 27 25 2 15 8 0 19 9 11 21 12 20 
3 13 15 23 6 21 4 12 10 22 1 20 5 16 
25 14 1 26 13 23 21 22 20 5 12 27 9 8 
19 16 10 25 12 9 18 14 7 24 21 20 0 28 
23 3 27 11 22 14 4 12 24 19 6 28 9 26 
7 2 15 17 29 10 23 9 21 1 6 24 8 4 
1 14 26 24 8 4 17 22 12 29 27 21 7 9 
0 4 18 26 13 27 14 6 5 15 12 17 3 21 
6 5 16 10 3 18 13 4 24 23 2 0 20 25 
29 17 14 13 9 27 18 8 26 21 10 11 15 22 
21 2 22 24 25 20 1 3 7 15 4 8 29 10 
13 5 14 19 10 7 1 2 9 6 23 3 21 0 
6 27 2 4 23 10 21 12 9 8 26 28 7 20 
28 26 4 1 6 24 17 22 20 25 29 11 3 27 
15 6 22 13 27 19 9 18 17 21 16 26 10 0 
3 4 27 15 12 0 5 2 18 8 6 11 14 7 
7 10 2 23 25 0 1 15 26 21 27 4 12 17 
10 29 20 27 14 23 26 12 18 21 17 4 28 5 
11 4 24 10 12 18 16 28 17 3 23 8 0 13 
3 27 17 21 7 8 5 1 18 13 14 23 0 29 
0 17 16 8 3 28 6 5 13 15 9 26 4 10 
4 7 12 9 1 28 24 15 5 19 17 0 14 22 
11 26 20 14 25 10 17 18 0 7 5 4 22 3 
5 18 24 12 4 8 26 19 6 14 28 2 11 29 
2 28 6 27 24 21 7 12 4 20 29 23 15 10 
15 28 29 19 2 27 16 11 1 7 3 25 10 6 
13 12 26 21 17 24 7 15 27 5 14 16 9 2 
17 0 9 19 2 7 13 22 11 26 12 1 3 29 
12 6 1 24 9 17 19 26 2 16 14 22 29 3 
26 16 6 4 22 8 28 20 2 18 0 21 13 3 
2 7 11 19 8 15 0 21 25 1 29 23 22 14 
23 11 20 4 6 22 29 13 24 18 3 19 28 1 
3 16 14 28 21 4 13 10 22 18 9 8 17 23 
9 27 18 26 28 16 1 13 15 14 25 11 2 22 
11 18 24 12 29 13 19 1 26 7 17 22 3 14 
16 11 4 22 26 24 13 18 6 15 23 5 12 27 
18 26 20 13 29 1 6 3 5 11 23 19 17 27 
22 28 10 25 9 13 11 24 1 3 7 21 12 5 
4 20 27 22 14 25 1 16 15 23 10 11 9 7 
25 8 5 21 18 1 20 2 10 3 14 29 7 9 
22 18 16 1 3 8 24 2 19 4 11 5 12 20 
22 16 8 24 13 20 11 0 1 14 21 6 7 3 
6 19 25 0 2 12 21 16 18 5 11 14 15 10 
12 24 11 0 25 27 2 10 22 19 18 17 14 4 
2 13 28 18 5 27 11 19 29 1 7 20 23 16 
29 8 3 19 12 13 23 4 5 25 16 26 9 24 
28 27 18 22 12 19 20 13 9 16 14 23 8 25 
19 2 5 14 17 12 0 18 1 22 28 7 13 9 
24 29 26 18 14 2 15 11 0 19 28 20 7 27 
5 27 28 17 0 18 29 26 21 10 6 8 15 12 
23 7 24 3 9 10 20 14 18 22 29 19 5 16 
15 28 10 0 7 22 8 17 18 5 6 29 20 24 
18 15 29 21 3 19 23 17 27 20 12 6 4 1 
26 0 5 10 11 13 7 29 21 15 27 6 22 8 
12 8 28 29 22 9 17 16 4 14 1 11 19 27 
21 25 24 18 5 13 9 3 14 27 0 1 19 17 
21 28 11 29 9 2 24 0 23 3 8 18 17 12 
16 29 24 23 17 13 8 25 6 28 2 3 4 21 
4 8 17 22 7 3 9 13 14 19 12 1 25 15 
2 23 6 5 21 8 28 7 10 9 17 14 12 3 
19 29 13 8 28 20 11 22 4 6 15 25 12 1 
7 21 2 28 27 15 26 24 5 22 10 19 18 0 
23 20 5 1 24 17 27 22 12 10 25 4 6 2 
10 23 5 20 6 7 19 27 28 22 11 9 3 12 
21 28 23 11 8 22 10 19 13 15 16 26 5 25 
7 10 13 24 4 14 27 8 1 26 9 20 28 23 
26 4 22 9 28 17 19 27 14 11 2 21 24 25 
27 13 29 9 0 25 22 12 20 5 10 3 21 14 
10 27 25 14 17 21 19 22 5 9 0 6 29 1 
8 15 5 19 24 6 7 29 9 16 25 14 12 18 
3 24 25 11 27 20 10 8 7 19 12 14 2 18 
22 1 14 24 10 29 27 28 11 2 21 9 23 26 
2 9 14 12 10 13 5 20 24 16 22 11 15 29 
12 5 13 8 10 3 26 15 2 4 19 20 18 9 
27 8 28 20 0 13 17 2 16 19 6 24 26 25 
16 11 27 20 8 6 10 9 19 12 24 28 4 0 
14 13 4 22 20 7 16 9 27 17 5 12 1 29 
21 13 7 5 24 8 27 29 4 15 2 22 12 17 
18 13 24 16 1 9 29 12 27 6 23 25 15 19 
26 24 13 15 12 1 14 29 10 11 6 4 21 22 
26 5 16 21 24 13 7 20 23 4 19 11 29 6 
11 7 10 27 22 4 19 9 1 15 28 20 0 24 
25 11 17 14 4 18 20 24 3 6 7 12 0 9 
3 15 27 19 12 14 7 0 1 5 28 25 10 24 
23 13 29 9 6 1 20 26 27 4 28 0 7 8 
4 26 2 1 11 27 9 5 13 24 29 7 23 22 
1 13 0 6 7 12 8 21 27 20 25 3 15 24 
7 22 0 28 17 4 11 13 20 18 19 15 8 16 
27 19 26 8 23 21 17 12 9 15 18 2 22 29 
25 1 3 0 8 17 9 2 14 4 27 24 16 5 
18 16 21 11 24 28 3 6 4 14 1 29 23 13 
0 20 2 8 16 29 24 3 1 6 19 28 22 13 
7 16 6 14 3 21 0 23 24 26 19 12 5 10 
29 10 9 14 24 13 22 19 7 17 21 27 26 1 
5 9 10 27 23 20 1 24 4 0 2 16 11 13 
16 29 6 15 26 18 25 17 28 8 14 3 9 1 
23 20 1 24 8 9 19 7 13 27 17 21 3 16 
5 12 0 28 7 18 13 20 16 6 19 1 27 24 
28 7 29 23 19 22 13 21 17 15 11 16 1 5 
19 10 22 21 23 13 18 2 27 7 9 29 11 28 
20 21 22 17 8 11 2 14 23 29 25 15 5 26 
23 10 8 16 13 22 9 1 19 28 12 7 17 6 
26 18 14 0 24 29 19 25 3 22 20 2 13 1 
22 28 24 6 23 1 17 29 0 26 10 25 16 3 
8 27 1 29 13 23 0 6 4 18 2 17 22 25 
15 21 27 29 25 28 17 12 22 23 10 7 11 16 
22 1 26 24 25 6 27 14 15 29 18 11 2 19 
23 2 7 5 14 19 6 15 20 16 21 28 13 22 
13 8 10 29 23 26 17 24 20 28 5 22 16 12 
25 22 15 28 16 12 24 0 2 1 9 10 29 11 
7 23 25 3 28 20 29 18 10 22 13 4 16 19 
16 20 28 26 11 24 15 14 27 19 25 9 21 13 
10 29 28 6 25 2 4 20 26 7 24 27 18 17 
19 29 1 0 20 4 6 9 18 23 5 3 25 24 
5 21 26 7 16 19 25 8 29 15 4 18 24 13 
1 3 7 16 28 15 20 21 9 27 13 2 24 14 
26 18 24 13 21 22 5 17 7 23 6 15 1 9 
17 8 19 2 28 26 9 7 3 21 14 10 29 16 
17 14 22 5 8 12 23 7 24 27 18 0 10 9 
4 18 10 14 8 17 6 24 29 19 27 21 12 28 
24 21 6 16 14 20 22 1 0 17 3 8 15 12 
26 21 3 28 15 20 14 4 1 16 6 12 25 27 
16 26 21 2 24 14 1 3 25 13 6 20 11 22 
18 12 0 19 25 9 11 14 20 13 3 27 1 29 
8 12 2 11 14 23 21 4 3 7 26 19 27 24 
4 27 11 24 18 8 22 9 2 17 28 21 25 19 
6 28 29 4 8 26 1 10 12 27 7 18 15 3 
