6 18 48 33 21 31 8 0 45 37 4 19 1 16 
14 11 32 36 47 0 48 3 22 10 15 45 34 29 
15 46 8 0 9 32 49 36 11 39 23 43 29 28 
16 26 23 47 27 0 10 35 14 45 49 15 39 5 
23 14 0 22 32 28 31 48 17 16 12 3 33 11 
13 44 33 40 26 17 35 0 46 28 7 27 25 48 
40 7 0 20 17 26 49 12 37 42 44 34 27 8 
16 0 36 21 25 7 10 14 20 9 32 28 45 30 
42 7 18 30 35 0 20 36 21 41 8 28 26 3 
29 48 35 0 45 43 34 39 47 33 25 30 23 8 
0 39 44 2 21 19 17 23 14 22 33 37 1 9 
40 44 26 22 10 6 8 28 14 12 0 49 20 35 
14 37 23 25 10 46 44 38 13 36 27 29 0 43 
0 35 46 6 44 29 27 13 5 7 26 24 25 14 
17 4 38 49 41 46 48 18 24 5 9 10 0 40 
48 11 0 32 15 38 13 5 47 10 28 16 9 44 
6 1 46 14 29 4 0 17 9 23 10 18 40 49 
6 25 12 38 0 20 30 4 41 5 14 22 46 3 
33 5 48 43 30 19 14 34 0 38 20 25 23 10 
49 44 3 32 46 38 24 11 9 21 30 8 0 19 
18 44 27 10 0 26 40 46 22 43 47 45 42 37 
19 2 36 34 16 14 1 33 44 30 0 26 45 22 
12 1 38 27 14 18 10 0 30 35 37 31 2 42 
34 0 21 35 19 4 43 3 29 36 17 41 13 46 
8 23 24 0 15 28 13 46 7 11 27 20 37 47 
43 18 10 0 3 30 36 17 46 49 9 23 45 42 
8 29 33 1 34 15 41 21 19 43 46 16 0 30 
9 21 13 15 49 10 0 45 14 48 36 24 25 32 
34 8 40 32 10 28 0 47 15 42 16 45 23 37 
40 27 30 15 16 9 47 32 20 13 0 2 31 6 
0 29 2 40 41 14 31 47 16 3 44 15 37 7 
1 16 13 30 20 0 18 9 46 25 47 32 2 8 
22 38 21 19 18 13 27 49 0 40 10 34 4 37 
0 40 23 7 4 45 37 17 20 8 41 47 14 2 
48 19 23 3 0 39 33 26 22 35 36 42 44 47 
18 30 29 33 7 4 8 26 13 2 47 28 48 0 
43 22 21 36 33 4 5 44 0 1 13 41 23 27 
43 12 27 47 2 30 3 34 33 8 32 31 0 9 
10 36 25 0 4 3 34 22 40 48 17 43 29 45 
40 11 0 44 17 19 46 24 22 42 20 49 7 34 
28 16 23 45 6 7 13 0 17 49 14 48 39 11 
29 16 10 21 45 8 12 28 4 9 38 1 13 0 
26 0 39 46 30 16 15 27 41 44 48 49 12 23 
0 36 45 1 46 14 12 33 21 26 47 19 17 42 
39 32 13 12 20 16 11 40 33 3 0 49 14 5 
38 27 0 44 11 40 36 22 29 19 28 46 41 35 
35 43 37 26 6 21 32 23 29 0 20 11 41 49 
24 33 10 49 7 18 29 36 46 25 41 12 9 0 
20 9 11 0 42 28 37 25 31 10 2 16 15 47 
0 44 2 35 30 11 27 16 20 33 26 46 4 13 
23 0 19 48 8 34 28 31 2 12 11 4 3 22 
47 34 17 0 48 30 36 45 49 32 13 18 35 6 
26 31 13 39 35 41 11 29 9 3 0 24 40 7 
18 14 23 17 37 46 33 1 45 13 0 3 8 29 
4 45 42 46 25 10 15 27 12 30 0 38 18 24 
0 18 15 11 30 48 5 42 27 17 23 3 22 39 
42 22 14 4 2 27 47 0 21 33 34 23 26 44 
29 3 5 16 41 7 17 18 0 10 38 6 47 1 
2 39 43 0 1 47 44 6 21 42 27 12 18 33 
5 1 8 42 46 18 4 31 7 14 0 36 41 10 
29 24 14 9 0 15 11 18 38 46 7 45 1 13 
25 36 16 38 14 28 46 21 0 34 13 30 35 12 
22 38 0 45 19 32 35 24 43 23 1 34 48 11 
34 31 0 7 13 36 4 1 12 40 29 48 20 45 
48 44 47 8 24 18 25 33 20 14 12 37 0 6 
40 0 43 21 5 16 47 11 26 36 33 31 34 41 
29 36 45 14 37 13 27 1 2 26 15 0 41 22 
26 9 14 11 49 42 15 38 25 8 0 3 20 24 
43 36 48 7 0 24 33 16 4 8 21 1 13 10 
4 2 45 46 19 12 0 29 11 34 32 48 39 44 
30 48 49 20 9 32 47 19 0 12 5 18 46 22 
7 38 33 15 0 24 47 31 42 20 46 18 29 21 
20 15 47 16 11 3 43 10 34 37 12 0 46 24 
13 49 12 0 7 42 23 29 33 14 8 37 17 46 
35 9 40 7 18 14 47 36 0 6 17 2 25 20 
8 0 41 29 11 30 28 33 21 2 5 3 42 47 
17 34 0 49 41 9 11 25 6 19 20 30 3 37 
35 16 1 0 45 27 7 21 44 22 2 12 41 19 
37 6 36 42 34 0 9 35 13 28 1 10 3 33 
45 43 15 28 36 24 20 2 44 47 0 46 9 42 
1 36 35 0 12 45 30 42 10 9 18 13 6 27 
2 46 18 0 39 43 42 3 31 32 25 13 40 29 
20 26 22 6 0 45 14 39 25 15 42 36 17 34 
0 9 45 42 33 13 40 21 36 44 34 1 10 3 
38 14 37 43 23 19 0 46 7 45 49 18 11 2 
2 3 18 0 34 12 37 7 5 20 8 36 17 11 
22 14 43 32 24 19 23 8 29 0 35 3 27 6 
26 36 2 14 47 41 43 0 42 32 16 45 37 10 
39 8 37 20 23 40 26 33 15 42 1 46 21 0 
19 36 46 29 35 38 37 44 0 40 49 30 13 24 
10 37 39 1 41 40 22 0 35 4 46 24 20 29 
42 5 30 0 35 49 11 45 34 7 21 4 1 44 
31 35 36 39 14 5 6 10 48 49 0 13 1 16 
14 0 5 29 43 41 32 21 31 8 25 47 34 17 
19 40 36 28 31 1 14 16 15 2 43 24 0 44 
30 19 43 35 6 13 44 1 24 33 31 9 21 0 
0 46 1 33 39 47 22 11 28 6 49 18 4 24 
33 9 23 12 41 38 18 17 0 47 19 24 36 31 
37 46 33 27 7 48 12 43 29 0 18 13 14 22 
10 12 45 21 38 28 14 0 24 42 48 47 32 27 
34 0 29 6 32 25 24 45 27 11 17 38 49 7 
45 28 8 24 0 19 5 36 2 21 44 31 22 37 
10 46 33 15 9 0 39 14 19 41 5 4 2 7 
38 33 0 4 18 6 14 10 23 21 36 48 12 25 
48 4 27 38 16 0 43 49 2 46 45 35 31 10 
22 0 9 40 13 28 38 20 17 11 6 49 19 35 
6 11 44 36 37 4 28 0 34 3 20 35 49 38 
21 14 27 25 13 22 15 5 23 34 24 39 31 0 
16 26 10 45 36 0 9 48 49 43 11 41 25 33 
20 10 30 9 6 8 16 49 14 48 1 27 0 39 
0 32 30 35 29 48 36 9 16 10 27 28 19 31 
12 5 46 14 40 10 43 0 41 25 16 27 31 35 
41 2 48 0 44 1 8 19 36 31 27 13 37 10 
44 39 32 2 20 37 8 1 0 34 17 31 43 30 
25 34 2 42 47 37 10 18 0 29 38 35 28 19 
34 26 11 42 3 20 9 43 31 18 41 46 0 16 
22 33 42 21 14 16 17 12 41 23 38 0 45 13 
40 49 16 20 27 22 7 14 28 10 0 24 21 26 
11 39 35 30 37 8 5 41 13 31 29 0 36 38 
25 32 44 13 47 37 0 41 17 45 9 22 10 24 
12 27 28 5 30 31 0 42 32 4 48 6 38 40 
22 2 25 18 31 36 0 19 41 7 30 43 8 33 
47 18 11 49 35 21 22 0 16 42 12 37 48 19 
4 44 10 31 40 34 43 32 14 12 5 0 38 11 
46 5 41 32 7 26 45 12 31 44 9 0 15 40 
15 26 38 6 45 31 22 21 47 17 34 0 10 43 
8 12 0 17 2 36 28 43 16 30 14 3 13 10 
40 45 34 29 11 0 44 13 2 48 14 47 16 39 
23 16 44 34 32 40 0 26 27 11 48 1 2 46 
14 13 46 16 0 3 9 23 12 47 1 28 35 38 
4 44 40 48 21 3 38 5 6 2 0 49 46 29 
0 44 27 20 21 6 28 12 2 4 47 42 39 8 
12 48 34 0 38 13 35 20 6 39 36 41 26 19 
46 4 39 0 17 36 6 22 11 47 27 33 40 18 
47 7 45 6 42 0 29 24 32 27 14 46 39 8 
17 4 41 33 24 11 19 12 37 36 35 42 0 18 
32 27 16 42 39 47 45 23 31 49 13 0 40 18 
35 38 28 39 25 20 37 6 23 0 1 3 34 45 
27 17 48 49 0 38 47 7 39 13 6 19 32 46 
0 32 40 24 36 34 11 38 18 4 49 19 45 20 
38 23 30 28 49 42 37 17 0 41 22 14 48 34 
0 35 29 32 17 2 25 45 46 30 27 6 41 39 
14 29 43 39 35 33 2 40 15 7 0 36 26 13 
13 41 35 32 0 18 36 37 11 21 16 26 7 31 
13 36 37 7 15 20 11 29 32 23 0 34 18 40 
23 15 46 5 2 47 33 40 7 0 17 16 45 39 
16 28 38 10 14 36 1 0 18 8 4 46 45 37 
41 3 1 8 5 23 0 31 37 14 29 6 25 18 
29 6 0 9 3 18 41 8 33 20 2 15 7 11 
10 1 25 6 23 0 44 28 35 8 7 29 26 16 
48 14 23 13 46 0 4 8 45 20 34 42 26 2 
0 15 34 11 17 39 38 23 10 21 30 7 43 42 
22 19 46 1 23 7 41 31 18 11 47 30 27 0 
41 0 35 5 10 12 45 46 40 26 24 15 44 21 
5 19 43 16 47 48 17 0 41 42 2 34 45 39 
33 18 49 0 19 12 34 9 21 13 46 38 39 28 
9 49 5 26 47 39 7 20 17 29 0 30 13 44 
17 43 32 42 6 9 7 1 10 39 5 2 0 34 
3 30 2 18 23 0 48 19 29 26 16 5 13 8 
23 37 45 27 7 39 14 2 0 12 46 9 43 48 
12 4 3 46 21 40 38 33 37 32 23 49 0 42 
3 42 15 32 10 33 22 21 28 0 19 2 46 49 
18 43 5 11 4 24 30 46 15 7 21 12 0 10 
5 28 31 32 26 4 47 45 42 27 13 3 0 25 
23 30 21 14 18 36 26 25 10 35 41 7 0 45 
31 2 21 3 34 12 24 32 37 33 0 14 49 42 
6 23 22 29 27 17 47 42 28 0 40 24 45 12 
14 4 12 33 32 0 15 48 24 17 38 37 23 16 
7 22 45 32 17 0 12 18 28 23 21 30 46 35 
48 13 35 4 39 40 30 17 28 44 45 26 0 29 
48 21 18 43 35 34 7 28 19 30 45 32 0 4 
31 36 4 40 41 27 12 34 0 17 42 38 1 9 
2 25 35 42 10 0 9 19 5 45 31 20 27 7 
26 32 21 33 31 13 41 40 35 9 14 3 0 23 
9 38 7 49 30 44 32 24 36 40 13 29 0 41 
20 34 0 21 3 37 47 43 8 5 16 11 48 45 
43 27 44 23 33 40 12 45 28 0 48 25 46 49 
31 19 17 13 11 33 2 6 46 12 21 29 0 9 
49 34 41 37 12 0 6 32 42 2 30 38 8 14 
38 30 48 15 29 41 12 45 26 14 1 0 27 11 
7 1 34 3 0 30 27 12 9 28 13 26 22 48 
24 0 10 12 2 13 9 7 3 33 44 19 28 30 
5 8 38 44 42 26 28 16 0 29 2 21 48 27 
46 40 17 1 32 28 15 19 43 2 18 23 14 0 
6 21 46 18 23 42 7 37 47 43 0 20 40 41 
8 31 18 3 33 17 23 11 6 34 41 30 0 36 
13 2 8 5 29 7 17 15 0 24 48 6 27 26 
20 49 34 41 0 6 42 28 23 32 13 10 33 3 
47 0 36 9 12 20 4 26 32 3 2 11 30 33 
47 19 36 29 18 12 0 1 2 38 13 26 46 27 
3 27 0 28 15 1 45 46 12 40 30 22 20 47 
37 15 39 25 12 48 26 23 28 45 0 10 19 3 
28 42 21 6 14 47 34 31 27 43 29 33 0 38 
19 34 21 9 28 48 37 22 6 25 42 0 1 17 
22 21 42 24 37 34 3 31 33 29 5 0 18 49 
11 12 27 39 32 15 37 28 38 43 5 3 0 22 
0 4 25 32 10 24 14 42 37 2 6 9 45 27 
22 21 19 16 0 5 44 34 47 7 14 18 24 42 
46 21 32 20 0 18 10 39 15 17 42 33 25 31 
0 4 1 5 11 3 15 18 32 14 44 9 7 10 
25 29 4 0 22 7 32 8 34 14 49 44 45 46 
0 37 32 38 6 5 11 4 16 31 13 44 12 26 
25 33 11 28 38 0 19 20 30 27 39 18 34 17 
0 27 11 44 43 34 2 12 20 29 46 42 4 15 
40 43 25 31 33 0 34 29 45 1 21 16 3 44 
25 0 1 35 6 5 20 8 39 24 21 4 43 27 
0 11 48 1 25 47 49 16 5 46 18 28 12 10 
9 44 20 1 34 33 18 30 39 0 42 28 12 32 
13 8 31 29 20 28 27 1 15 24 9 0 18 11 
39 19 4 49 36 40 1 0 48 13 30 47 32 27 
29 43 24 1 9 3 0 11 39 30 23 26 8 10 
49 9 16 0 7 8 32 6 23 24 36 46 39 3 
7 49 2 14 22 29 6 15 35 47 45 24 18 0 
0 45 44 21 36 34 26 2 31 32 46 28 27 15 
0 45 12 16 34 41 48 24 14 47 20 32 8 9 
34 32 24 2 6 12 45 8 0 26 35 19 39 23 
35 21 43 16 7 13 18 3 23 12 25 39 15 0 
13 0 35 3 7 17 47 18 20 19 29 21 42 6 
8 27 35 10 43 28 39 25 38 48 0 36 29 26 
38 33 24 0 3 8 17 20 34 43 32 9 6 41 
42 8 16 49 34 0 4 35 5 44 7 36 20 3 
7 12 4 0 27 31 15 24 46 10 38 2 23 18 
26 29 46 47 39 0 5 8 41 3 27 16 20 40 
17 34 13 25 40 12 37 0 35 16 45 4 33 6 
49 33 15 0 8 30 25 23 27 2 24 47 34 39 
29 0 17 24 25 43 33 48 36 9 38 11 20 44 
19 40 22 3 25 24 15 0 9 46 17 20 43 36 
10 18 28 34 43 47 5 2 39 31 0 40 37 46 
19 10 11 4 33 44 38 43 9 26 23 13 16 0 
43 9 17 34 16 0 49 45 31 29 28 20 14 46 
32 13 9 27 0 21 42 44 26 12 30 10 11 23 
20 14 0 3 27 4 24 12 6 35 40 23 33 18 
12 3 34 24 42 31 43 46 48 0 1 13 37 11 
7 38 31 0 43 30 21 3 39 36 46 29 34 48 
30 23 42 45 13 22 7 38 12 33 48 0 11 5 
8 0 7 26 43 40 24 44 31 21 1 6 30 17 
28 49 6 37 17 0 36 16 3 46 12 18 2 26 
26 13 10 29 20 3 11 45 47 21 39 24 0 17 
6 19 11 14 0 3 24 1 35 26 43 47 29 36 
10 45 0 1 7 2 20 41 46 38 9 34 39 47 
21 31 44 49 15 24 42 48 14 45 41 0 34 9 
22 16 0 7 10 45 40 2 36 9 25 34 41 28 
6 0 34 44 11 5 43 27 41 42 20 38 48 3 
26 17 7 8 0 23 12 10 29 6 21 34 33 18 
0 3 31 14 38 25 26 23 5 34 8 46 11 12 
23 16 40 24 21 12 48 0 41 18 28 17 27 45 
46 1 23 47 13 32 0 5 4 42 48 16 10 29 
11 33 25 16 32 48 30 14 31 12 34 41 45 0 
25 43 3 0 28 38 2 45 16 4 29 17 34 46 
43 32 29 39 15 35 45 14 37 25 2 20 41 0 
0 13 11 39 7 20 32 49 25 9 28 36 45 48 
47 11 48 0 5 38 31 41 22 3 17 13 9 49 
26 18 38 5 22 11 30 6 40 0 27 24 8 28 
31 12 16 32 10 29 37 14 25 17 40 39 19 0 
49 36 15 43 0 8 5 20 27 23 22 12 19 11 
35 21 43 1 34 25 44 7 24 0 16 26 11 33 
12 35 30 48 21 34 33 26 18 13 25 46 16 0 
38 14 27 36 33 48 5 9 41 40 34 0 45 29 
0 20 47 36 3 29 10 27 16 23 40 49 21 25 
42 44 48 47 28 0 3 15 1 40 7 4 23 34 
17 18 7 41 8 43 0 29 15 28 20 4 31 6 
9 19 5 35 34 11 0 47 21 15 25 28 48 4 
35 47 9 39 14 20 37 40 34 3 6 0 12 15 
0 39 45 12 6 30 24 22 18 27 7 2 28 29 
49 33 41 43 24 21 16 0 17 19 12 48 14 31 
31 44 43 45 22 36 21 0 33 13 38 20 37 14 
34 6 7 32 5 0 2 18 13 1 29 43 23 3 
40 49 18 1 15 0 12 6 27 29 34 46 47 14 
20 24 16 3 6 7 13 49 40 45 17 0 26 18 
17 4 27 0 24 18 44 1 16 23 2 11 35 14 
5 3 1 23 31 32 39 34 41 7 0 10 6 2 
4 27 3 22 34 19 43 7 41 37 17 8 0 14 
25 0 10 48 30 19 2 32 20 28 45 22 18 23 
3 2 0 43 9 22 29 33 44 10 15 14 39 1 
15 23 10 45 1 22 37 33 28 24 38 12 19 0 
26 6 17 9 24 37 29 39 38 48 10 18 0 30 
15 1 18 35 0 16 24 8 23 44 4 19 28 2 
24 48 9 30 7 4 46 8 16 39 49 0 41 21 
3 5 40 0 15 27 33 4 18 22 28 42 13 48 
34 15 11 21 13 2 5 8 28 43 31 17 0 25 
16 19 1 2 42 30 43 0 6 31 28 9 14 38 
25 0 38 49 18 8 20 19 13 48 10 1 14 6 
30 10 38 29 33 47 26 45 43 28 32 0 20 46 
23 26 11 47 34 43 37 49 41 16 13 2 6 0 
20 11 28 31 26 22 17 4 0 42 49 14 8 6 
19 4 0 43 46 1 45 27 5 21 33 20 25 11 
40 45 0 35 22 19 17 36 46 14 49 37 32 33 
33 27 36 7 38 35 18 34 0 9 25 41 11 39 
40 14 38 44 17 36 2 0 26 22 6 32 43 39 
16 6 35 39 43 17 25 20 0 24 44 27 15 2 
30 36 15 11 41 49 31 25 21 42 6 0 18 33 
22 48 42 12 25 36 23 21 29 0 40 47 31 27 
37 10 42 41 27 46 29 1 32 0 31 9 23 22 
0 37 24 3 9 14 34 35 27 16 46 2 8 49 
19 45 0 28 26 10 4 47 39 18 3 17 6 22 
12 22 21 47 34 28 0 27 4 1 26 44 17 39 
12 41 31 5 36 48 32 38 24 0 45 40 30 29 
12 21 29 48 36 10 4 14 19 2 43 9 0 37 
38 16 23 32 0 13 2 42 19 15 1 48 49 20 
19 47 0 16 7 32 24 43 9 23 37 40 41 30 
48 18 8 41 0 40 38 17 10 47 30 44 27 25 
45 38 7 5 13 0 35 25 23 27 4 28 16 46 
23 0 20 28 48 5 24 4 38 18 30 44 15 6 
0 21 24 36 39 37 11 13 46 45 42 40 30 5 
49 18 3 40 38 36 0 2 41 47 29 14 23 32 
41 4 9 22 21 37 1 26 2 31 40 49 8 0 
41 15 26 49 7 21 40 28 13 22 27 31 0 17 
47 1 15 20 2 17 30 28 48 5 0 7 3 14 
44 30 26 40 5 39 46 18 47 29 0 13 6 36 
26 47 40 39 43 23 8 41 10 22 0 14 36 25 
26 12 27 8 6 0 34 38 40 24 11 32 21 48 
12 9 28 31 30 47 29 7 18 14 33 37 0 2 
12 6 28 36 48 47 0 4 7 38 17 27 30 44 
27 10 8 19 22 25 39 0 16 2 15 34 23 40 
0 7 15 40 46 24 44 35 43 13 6 27 10 45 
22 28 44 37 26 27 15 47 11 10 14 0 43 32 
47 2 5 0 43 28 49 26 4 1 11 7 24 40 
21 12 19 0 26 30 3 7 43 36 34 39 45 31 
49 22 35 17 37 18 38 21 20 0 45 24 5 48 
0 45 42 17 47 37 23 35 29 38 15 48 33 4 
29 39 32 15 47 45 19 9 40 13 33 20 0 16 
48 47 45 29 41 5 19 14 9 0 38 37 12 17 
22 47 13 49 41 0 19 42 20 37 48 36 7 45 
44 46 35 10 12 26 30 16 32 0 1 23 24 3 
15 29 1 16 38 40 0 13 32 47 48 45 28 22 
31 15 5 27 26 2 41 32 24 23 33 0 37 10 
21 23 43 36 29 30 41 22 39 26 19 17 5 0 
2 44 16 40 17 14 18 38 32 22 46 0 27 42 
17 37 27 8 0 25 12 11 21 4 18 13 31 41 
36 16 3 22 42 12 31 18 7 11 6 40 39 0 
9 17 49 18 27 10 28 15 29 0 43 47 39 8 
22 4 39 15 11 8 43 12 17 32 18 0 2 7 
3 1 35 26 41 21 38 23 19 32 16 0 25 44 
10 36 31 46 32 1 33 9 7 0 23 21 11 35 
4 5 1 23 0 26 17 14 18 15 33 7 3 11 
25 2 48 27 41 12 36 0 24 30 26 42 44 37 
15 25 26 45 18 9 6 0 33 28 21 29 38 39 
28 17 43 8 23 41 26 36 38 0 16 12 24 20 
26 15 32 8 10 1 35 18 19 0 36 4 2 47 
46 1 27 39 25 42 8 3 40 48 29 19 26 0 
10 44 23 36 9 19 41 42 12 11 31 0 14 27 
4 2 42 8 34 35 46 13 49 44 16 10 12 0 
45 26 27 22 20 8 32 6 36 42 47 23 40 0 
9 20 8 10 19 13 47 43 22 16 31 23 0 26 
3 45 23 37 44 46 0 10 24 8 41 13 18 1 
15 47 42 48 29 14 24 36 32 41 0 25 5 35 
32 3 11 34 24 17 29 12 28 0 49 37 18 26 
8 0 29 30 46 35 9 17 39 33 41 37 10 42 
43 8 21 30 23 11 17 0 35 24 36 39 34 40 
47 3 24 6 29 48 44 14 42 0 15 27 2 32 
23 42 17 38 20 9 14 44 0 33 37 31 16 27 
2 14 1 20 4 24 9 15 16 39 13 48 0 17 
3 39 8 2 0 44 6 22 43 30 5 10 9 40 
0 38 33 14 27 5 37 13 16 48 45 18 49 32 
47 46 19 42 40 14 3 8 35 10 48 24 0 36 
7 36 10 19 47 49 45 32 37 0 11 24 16 46 
0 23 7 9 1 25 5 41 38 18 6 33 12 47 
45 7 0 46 14 25 33 6 18 3 2 44 37 4 
18 32 39 29 19 0 14 49 7 34 30 16 28 43 
19 41 45 5 48 18 35 43 8 39 0 6 26 3 
24 43 4 11 48 9 25 0 49 31 33 38 1 20 
22 15 8 43 41 44 19 27 17 0 24 48 38 28 
26 41 7 30 16 40 11 17 19 21 15 22 12 0 
41 18 44 30 46 37 1 47 20 0 22 40 13 43 
5 21 13 12 17 23 0 41 42 29 19 45 6 1 
33 11 9 3 15 49 20 6 29 0 27 45 36 47 
32 14 44 25 5 27 38 36 20 34 4 48 0 49 
42 32 20 14 38 39 0 44 26 21 13 2 43 28 
1 19 7 39 32 11 8 45 27 42 18 0 43 41 
8 0 46 6 13 18 35 16 9 21 19 34 14 40 
11 43 47 40 0 26 23 15 32 18 45 42 20 13 
9 0 48 31 6 47 10 18 30 36 13 16 40 17 
46 39 42 49 12 35 0 11 22 26 16 32 45 23 
33 15 36 2 21 16 48 29 31 20 0 32 49 47 
21 0 6 46 19 5 33 23 36 14 1 7 8 48 
0 38 40 46 35 28 18 33 26 13 10 34 9 11 
12 33 30 9 7 36 15 19 0 38 49 43 23 13 
22 12 42 39 0 49 5 25 14 10 46 27 26 16 
18 38 25 1 3 0 10 8 40 20 21 22 33 46 
40 2 13 23 0 47 15 19 17 26 27 9 49 41 
49 34 31 0 8 36 1 24 26 45 29 39 28 13 
25 3 32 18 41 11 19 0 29 33 48 43 36 20 
36 41 46 28 49 19 37 29 7 23 45 3 0 18 
34 48 22 15 14 4 23 0 5 32 2 25 19 35 
3 20 25 39 22 29 37 27 18 12 43 1 8 0 
3 5 17 22 32 9 41 25 0 21 49 15 47 39 
6 25 30 26 27 47 0 24 13 22 49 3 38 39 
25 34 47 13 0 45 48 32 42 44 6 11 1 12 
17 29 12 23 48 0 43 18 20 25 36 40 41 21 
0 44 25 29 8 38 20 32 9 37 27 48 16 14 
45 0 20 23 10 1 34 37 8 47 14 30 16 40 
40 7 2 0 11 12 45 33 10 25 3 19 41 14 
21 0 19 44 9 48 20 38 30 1 16 25 6 11 
0 47 46 42 16 12 38 21 40 9 30 1 49 11 
12 6 15 21 39 35 20 29 24 25 49 44 13 0 
2 0 3 6 12 23 43 44 37 1 36 14 39 8 
48 46 40 15 18 23 1 22 39 21 25 2 35 0 
29 36 24 22 33 32 0 7 6 15 25 31 46 44 
27 4 30 1 32 0 42 29 5 44 16 43 34 23 
21 22 6 48 13 41 16 38 0 1 32 27 23 28 
5 9 47 21 29 3 25 8 4 2 1 0 33 49 
16 32 38 49 4 28 20 9 0 22 36 5 19 44 
0 5 26 3 12 39 11 18 14 7 31 10 33 46 
16 44 37 6 0 36 24 7 13 48 31 33 1 29 
27 23 35 29 22 37 7 32 8 42 28 0 11 34 
0 7 26 16 25 40 15 9 39 22 11 20 10 12 
42 0 12 19 14 43 40 35 2 24 7 1 9 28 
35 37 27 6 48 47 31 1 32 2 23 11 0 12 
0 12 40 1 16 28 46 41 38 3 32 29 11 49 
0 38 33 34 15 17 9 8 32 2 23 48 41 3 
19 0 11 37 21 22 34 27 6 38 9 15 26 1 
40 24 14 44 15 45 29 10 0 25 4 7 12 43 
20 11 25 13 0 4 15 27 14 5 34 38 44 29 
15 10 0 9 45 43 34 27 23 44 28 5 40 22 
0 11 27 14 41 40 34 25 21 10 44 32 13 19 
38 41 8 0 14 27 40 9 31 43 4 30 15 37 
27 10 2 23 14 42 34 18 11 39 20 3 43 0 
14 35 37 38 0 48 40 19 47 33 7 3 44 15 
38 21 43 6 46 33 17 3 27 8 23 7 22 0 
14 24 16 9 17 49 41 26 0 48 38 3 45 42 
16 23 43 10 15 11 40 26 46 5 2 32 47 0 
9 13 11 28 5 25 0 39 23 45 36 8 19 26 
38 23 2 40 1 0 11 12 39 29 28 4 31 6 
15 23 12 48 41 33 44 18 7 0 20 6 42 3 
25 32 49 19 38 34 28 39 45 0 43 1 4 6 
6 27 17 34 0 26 19 41 44 32 25 38 49 29 
21 34 33 19 41 0 5 15 13 20 3 7 26 35 
19 38 39 27 33 37 30 13 36 34 0 32 6 40 
19 22 33 49 6 48 8 46 35 1 16 29 0 40 
29 6 41 24 1 37 0 17 48 14 20 18 7 8 
18 46 0 23 43 24 3 26 5 40 41 7 29 25 
41 39 18 22 42 25 49 3 19 8 0 16 27 44 
0 44 31 27 33 30 24 32 14 38 29 22 26 1 
18 38 27 45 4 21 47 19 48 0 39 8 6 35 
46 8 1 43 27 13 0 7 12 17 6 30 20 5 
17 12 3 33 41 32 31 37 49 25 0 19 23 45 
41 5 17 4 2 33 0 38 32 10 12 14 48 22 
21 14 46 20 26 36 39 32 35 9 8 42 0 16 
39 30 27 23 0 15 47 21 5 31 2 46 29 44 
26 14 36 9 25 12 37 13 20 0 23 27 8 34 
47 35 45 28 9 21 0 17 18 16 15 11 25 30 
2 13 42 43 1 41 9 19 16 3 0 36 31 39 
46 44 33 3 24 36 43 25 11 0 34 49 14 23 
9 23 47 45 48 37 40 2 19 25 28 4 29 0 
15 26 0 16 20 38 8 49 46 5 35 13 11 44 
19 0 5 32 23 13 22 30 7 28 44 47 21 17 
21 33 48 43 18 12 6 4 0 32 30 41 39 5 
20 45 14 5 32 35 7 23 22 0 30 21 11 43 
4 31 15 10 29 18 22 44 38 0 36 8 9 20 
47 17 43 46 26 16 37 49 48 33 42 18 0 27 
42 1 6 8 28 44 17 29 20 11 0 32 9 3 
0 12 48 28 31 33 25 40 13 15 32 18 29 41 
31 10 0 6 44 12 9 23 24 25 17 20 15 11 
43 11 42 16 36 24 18 25 5 0 19 32 4 47 
18 0 28 29 47 27 39 7 49 22 16 6 42 32 
49 5 26 4 28 3 8 22 21 19 35 6 32 0 
0 11 35 42 32 23 37 12 43 29 10 5 17 28 
41 0 47 38 12 44 3 35 48 40 43 27 34 16 
43 49 44 0 31 41 24 36 6 16 13 46 4 19 
11 45 1 16 20 7 46 47 24 32 44 30 0 14 
4 0 31 16 30 47 27 41 9 46 42 5 39 40 
3 23 6 14 30 17 32 0 7 42 37 21 25 43 
2 32 42 44 40 0 28 26 17 4 16 12 5 13 
3 25 0 41 5 29 44 48 11 21 34 8 22 23 
38 29 5 6 24 37 20 30 12 18 40 8 10 0 
3 24 0 31 6 43 20 26 39 36 16 44 4 37 
20 43 48 38 9 46 32 6 39 25 10 0 41 3 
43 48 0 18 33 22 13 44 17 29 11 1 25 10 
15 23 13 42 45 0 46 41 17 25 29 40 44 39 
24 33 3 25 30 22 18 39 32 0 10 34 28 38 
13 1 7 22 26 0 38 8 37 29 19 16 47 42 
33 32 14 24 29 22 9 10 5 27 19 0 30 11 
17 6 35 12 27 46 23 0 26 34 5 39 41 21 
34 10 9 25 20 22 32 5 43 36 7 30 0 12 
37 12 13 41 9 18 33 24 39 48 36 27 0 28 
42 41 29 40 2 10 0 49 27 36 24 45 16 14 
18 1 22 6 34 13 16 0 24 23 14 35 15 41 
1 43 17 47 9 8 35 37 21 31 20 26 46 0 
33 12 20 6 26 0 11 10 29 1 5 35 44 4 
33 16 15 12 11 47 0 17 7 49 34 4 45 28 
0 12 41 15 37 31 17 48 4 6 21 30 28 24 
4 14 34 19 15 38 42 48 43 0 12 11 46 9 
12 0 43 1 27 5 23 35 47 32 29 21 46 19 
14 22 13 18 26 24 5 35 0 10 34 12 29 49 
16 40 0 49 5 45 9 20 14 44 43 21 1 4 
14 37 38 17 10 0 46 4 12 40 21 8 16 30 
31 30 10 0 20 3 47 1 22 38 28 34 27 44 
17 32 25 19 34 38 5 23 44 20 31 10 26 0 
2 13 30 20 11 0 40 48 31 6 10 39 45 25 
17 43 30 39 41 24 37 0 38 16 8 2 23 44 
19 45 42 44 43 0 31 40 8 36 25 14 37 17 
31 36 13 2 45 44 23 12 3 22 9 21 28 0 
14 25 0 11 15 36 29 40 7 17 32 24 22 43 
49 40 4 28 7 0 42 14 33 10 39 5 2 15 
29 41 38 1 0 42 13 17 11 32 2 19 23 43 
11 5 0 29 13 16 37 44 25 43 27 1 21 48 
16 17 19 6 14 23 30 0 46 41 47 1 32 5 
0 24 11 9 35 37 46 42 30 3 19 15 16 49 
43 0 1 15 42 12 10 26 49 46 30 14 6 17 
42 40 13 43 14 21 0 2 34 1 10 33 47 41 
20 0 4 28 49 1 36 32 22 48 33 3 10 5 
48 17 19 0 26 35 10 5 43 23 3 34 31 2 
0 48 22 30 19 36 46 38 7 49 41 14 10 4 
4 26 39 47 18 30 13 44 24 11 6 34 23 0 
9 43 15 26 35 49 39 20 41 23 0 44 3 10 
27 35 40 23 18 48 41 30 10 24 1 43 26 0 
38 37 29 0 20 46 17 6 28 47 16 45 35 7 
41 0 24 16 28 4 42 40 44 43 20 9 23 22 
30 0 35 17 1 23 10 48 4 20 26 47 3 36 
37 1 22 43 14 8 9 36 0 34 25 29 33 30 
10 1 9 28 19 38 26 13 39 40 23 18 21 0 
34 11 13 18 32 0 31 22 47 3 26 43 24 16 
26 10 2 35 29 27 39 9 22 0 43 30 49 12 
41 9 13 0 21 39 44 18 26 33 4 24 25 38 
14 5 26 11 34 38 37 46 32 16 31 25 0 47 
14 7 33 42 0 49 40 35 31 38 13 34 9 44 
46 19 3 12 44 32 2 15 0 24 7 27 20 9 
40 41 48 2 42 35 16 0 21 4 10 32 30 45 
4 17 5 14 33 41 29 31 42 0 46 37 30 24 
31 4 28 46 11 38 49 17 47 37 32 24 13 0 
49 47 40 37 21 23 24 28 29 27 8 0 35 20 
10 15 35 41 12 21 6 22 17 0 37 33 25 45 
11 31 17 10 25 23 39 30 26 0 42 43 8 5 
1 15 31 2 0 18 14 3 20 12 19 24 41 32 
6 1 22 23 9 16 13 19 36 0 34 18 46 39 
26 0 25 6 40 28 7 41 37 3 46 47 23 15 
48 2 0 24 45 26 13 23 17 46 43 16 7 11 
40 46 25 31 0 20 4 16 7 27 39 48 37 23 
0 3 44 38 43 12 8 22 6 2 25 18 36 26 
48 12 31 26 40 43 42 20 21 24 7 25 0 8 
19 1 38 42 15 8 45 0 12 6 5 23 41 13 
0 31 18 16 10 19 42 38 39 27 26 35 5 41 
35 6 38 21 7 24 0 42 4 49 44 32 11 34 
28 0 46 3 14 1 35 19 12 24 49 38 10 47 
38 18 0 35 12 11 17 5 32 45 26 48 14 29 
0 23 38 22 12 20 37 47 32 7 24 31 14 11 
8 5 35 31 39 48 16 38 13 2 6 23 0 18 
2 22 3 1 0 10 48 35 15 38 29 21 4 12 
8 4 27 29 41 11 42 48 5 46 15 24 6 0 
12 21 47 15 40 27 26 13 34 8 6 0 9 29 
34 10 49 3 1 5 0 39 40 7 16 24 29 9 
32 18 38 3 20 0 22 29 37 6 5 39 15 31 
21 0 23 41 10 17 20 46 19 1 4 35 7 26 
0 30 7 8 39 36 3 40 41 29 21 32 15 20 
0 5 45 43 24 33 18 49 15 29 41 13 32 38 
25 1 22 8 14 36 6 34 30 45 0 2 7 31 
42 2 30 17 37 0 48 34 27 38 44 43 11 6 
1 16 31 17 3 0 45 14 38 36 49 33 20 41 
13 30 33 43 12 20 39 38 0 8 6 2 31 18 
48 47 42 31 1 27 40 0 41 22 23 36 30 12 
19 46 28 26 32 43 9 0 35 39 48 17 34 30 
43 33 24 46 49 10 32 14 7 0 5 37 16 3 
2 18 20 23 12 0 35 45 47 3 26 6 28 33 
45 43 41 15 38 36 42 8 17 0 24 12 10 13 
42 41 45 21 24 27 0 48 3 5 6 10 35 8 
32 33 20 10 34 45 0 49 43 7 12 41 13 5 
40 43 8 0 6 12 24 46 39 25 19 1 4 13 
47 20 36 40 13 43 38 22 16 28 0 41 8 32 
19 37 38 36 27 8 44 33 12 29 0 20 18 26 
44 22 0 49 36 8 25 13 39 34 18 38 10 4 
48 12 19 21 2 10 5 26 38 8 14 17 16 0 
39 45 25 33 0 14 30 18 44 32 23 37 27 4 
24 43 1 35 47 0 4 42 33 39 20 9 36 10 
12 45 11 23 22 6 1 48 10 0 14 35 38 16 
12 0 47 24 45 6 33 13 44 29 23 9 20 10 
12 2 48 8 35 31 19 38 13 22 27 36 0 46 
0 13 35 42 11 26 22 37 29 25 49 21 30 8 
3 1 2 0 47 17 34 28 38 10 41 22 46 25 
1 3 0 44 16 11 25 2 10 14 49 29 19 31 
43 47 5 0 2 15 36 37 10 19 44 14 34 8 
42 21 1 45 32 0 10 4 16 28 43 11 38 19 
21 41 9 0 32 38 27 15 44 33 5 40 6 7 
13 42 31 11 3 45 36 5 16 49 1 0 27 17 
46 25 18 35 0 21 19 9 2 26 38 40 47 14 
40 29 24 49 19 2 1 34 26 27 17 5 4 0 
6 30 17 47 16 11 18 13 8 28 0 36 41 29 
19 0 9 48 13 40 8 39 45 12 26 16 37 30 
33 20 31 25 22 0 24 18 23 43 48 37 32 15 
22 36 4 32 16 26 45 0 2 14 28 48 6 40 
10 21 0 7 40 33 31 11 9 26 43 14 36 6 
36 20 38 9 24 14 0 16 31 10 11 22 1 13 
16 33 22 12 0 5 37 38 20 18 43 47 32 1 
2 19 14 39 22 0 3 41 42 13 37 49 8 38 
44 49 32 40 10 25 0 11 35 16 33 26 5 37 
0 9 19 16 35 5 39 46 43 17 49 47 7 23 
15 47 10 3 12 46 0 4 27 16 1 33 22 18 
9 13 48 31 46 28 18 0 12 37 44 38 39 14 
14 28 3 31 26 0 41 32 21 38 11 37 46 5 
41 43 40 0 9 26 33 31 37 35 49 48 47 34 
49 0 7 30 35 37 2 5 11 48 24 26 12 44 
1 0 40 5 13 22 19 37 8 27 3 14 18 12 
21 2 5 23 12 13 39 7 32 3 29 34 0 26 
47 17 15 9 25 5 30 34 0 49 27 11 14 10 
1 13 21 49 0 26 45 17 29 48 41 18 2 16 
31 26 27 32 13 0 10 18 7 35 22 20 37 9 
40 15 35 4 20 43 8 7 5 29 36 44 0 13 
0 31 29 40 36 4 15 37 39 30 46 28 49 9 
23 3 8 26 46 14 5 37 16 0 39 4 28 21 
29 41 34 0 22 16 28 27 3 40 35 18 21 25 
47 44 33 0 37 40 38 8 30 6 45 15 48 41 
48 44 4 35 15 19 2 23 0 13 37 29 14 42 
32 0 45 39 3 25 48 34 38 18 35 28 16 27 
40 14 19 30 6 25 31 48 44 46 47 20 0 3 
13 43 19 24 15 21 34 17 23 39 0 49 18 3 
2 41 7 44 12 38 13 39 37 14 27 0 10 49 
24 14 0 32 20 17 6 38 2 35 7 18 46 29 
38 25 21 2 16 5 15 42 18 0 10 34 39 17 
44 45 19 23 30 40 21 28 15 4 8 1 0 7 
46 5 15 6 34 44 13 35 2 14 49 11 3 0 
33 49 37 13 0 8 42 19 18 38 36 41 28 17 
1 30 9 17 21 40 8 0 26 29 4 5 19 3 
31 0 14 10 36 35 30 32 2 3 28 40 22 20 
18 22 2 46 13 36 21 5 44 12 17 30 0 24 
0 3 24 34 25 49 28 5 4 33 21 1 30 14 
0 20 40 7 6 32 5 46 30 43 24 47 16 22 
0 49 41 29 45 25 26 17 37 23 47 28 33 43 
4 12 11 26 5 42 8 43 0 6 9 25 35 37 
28 38 11 49 27 9 13 17 25 32 2 36 0 1 
25 34 30 13 49 3 12 23 2 0 26 11 18 46 
0 1 17 28 25 10 34 9 14 49 31 7 26 13 
24 49 7 44 14 16 30 37 21 34 0 12 22 6 
26 38 23 31 33 0 20 40 47 24 16 18 30 21 
46 44 0 49 9 45 1 20 31 19 15 14 16 22 
2 9 21 47 1 49 11 26 38 45 19 39 0 44 
21 35 23 34 0 10 38 13 18 44 36 26 6 3 
8 11 26 1 20 10 35 49 33 18 13 0 22 42 
27 10 31 3 47 22 21 12 43 19 36 41 16 0 
10 45 7 0 38 47 49 31 40 15 9 27 24 4 
13 9 4 21 32 42 39 0 25 2 41 24 47 10 
42 44 3 41 9 43 28 46 0 31 12 8 33 17 
7 40 0 45 28 27 48 18 23 29 32 36 10 47 
40 48 47 23 0 30 3 4 33 7 14 22 27 21 
46 38 0 15 4 37 7 36 23 17 12 45 42 29 
43 22 10 0 18 5 19 15 28 26 29 24 17 7 
6 19 0 21 36 44 25 22 15 47 17 49 37 8 
30 46 14 0 49 48 24 34 32 41 35 5 2 43 
43 2 15 27 16 34 46 13 41 0 32 30 45 8 
18 43 41 1 48 14 25 42 3 28 2 12 0 29 
27 9 38 1 44 49 41 42 0 37 20 4 45 23 
18 38 23 26 34 0 22 4 49 13 46 28 3 41 
47 8 36 49 42 14 48 23 28 0 37 2 45 18 
27 32 39 28 44 3 43 45 47 0 13 33 23 15 
18 27 32 25 0 10 40 29 41 39 42 48 36 13 
30 18 42 38 4 14 16 45 31 35 12 13 0 26 
24 36 8 42 9 3 11 34 44 45 40 27 0 43 
27 35 39 47 5 30 26 22 41 15 33 0 43 42 
41 28 1 17 49 0 45 6 23 20 36 32 30 25 
29 31 27 34 9 5 0 11 39 17 38 45 2 19 
34 24 10 0 30 48 44 25 38 33 37 23 45 13 
34 31 23 0 32 4 43 3 29 17 12 13 18 42 
14 3 42 43 24 46 41 28 21 26 20 45 0 31 
1 7 6 0 42 26 8 10 11 14 17 19 45 27 
23 15 9 42 38 48 0 39 45 33 1 26 4 47 
40 24 12 11 3 35 23 5 0 37 16 34 48 13 
22 16 20 13 38 2 27 48 25 9 4 28 40 0 
5 41 20 48 46 12 19 47 42 9 21 2 0 37 
48 44 0 9 33 39 11 6 12 43 10 35 15 5 
25 3 41 44 0 39 38 45 47 19 43 31 24 42 
6 37 11 5 35 25 0 13 30 39 27 29 9 40 
18 14 6 1 40 29 37 17 21 48 25 24 0 45 
14 20 39 31 25 48 18 15 5 0 16 35 9 8 
46 0 17 8 12 25 29 28 41 18 48 44 10 38 
0 26 38 24 15 8 30 27 39 10 47 32 36 29 
3 40 37 42 24 7 10 49 0 36 13 9 41 47 
32 5 20 4 40 29 47 23 17 10 11 0 3 41 
21 41 5 15 11 32 0 9 13 7 18 20 49 43 
17 10 46 4 6 14 15 24 33 12 29 0 26 35 
42 7 12 23 32 30 28 16 33 14 0 40 8 29 
12 42 0 36 4 8 21 24 10 41 26 43 31 15 
45 23 27 14 10 31 8 36 0 5 28 2 34 12 
42 25 13 29 36 12 49 21 0 43 24 46 31 48 
5 2 9 46 18 4 16 41 39 42 0 7 21 24 
0 36 28 22 27 12 18 2 6 19 31 3 29 15 
45 15 0 46 11 17 23 4 44 8 35 20 27 43 
13 8 25 34 22 24 35 19 37 0 17 47 48 32 
10 13 0 47 18 24 9 45 4 14 17 28 31 15 
0 36 39 37 25 15 19 14 47 4 10 35 3 34 
24 0 4 28 46 41 19 14 9 22 16 48 7 45 
10 13 33 21 29 12 27 45 28 47 43 11 0 19 
29 37 39 2 12 33 10 32 41 0 46 20 18 35 
34 13 45 31 41 26 20 46 0 14 49 23 40 7 
4 24 30 9 48 43 5 3 15 6 18 11 49 0 
0 27 1 28 25 6 45 9 10 18 44 3 12 4 
14 42 11 48 34 26 19 13 6 0 20 43 46 8 
12 43 36 42 0 4 45 49 17 11 8 26 23 32 
27 39 5 6 8 9 28 0 37 1 46 24 15 43 
11 26 10 6 38 37 5 41 13 3 35 0 47 23 
0 18 4 30 2 43 47 11 16 17 25 19 41 40 
5 27 25 21 44 33 0 3 1 11 35 23 34 43 
5 0 20 25 1 7 32 46 23 24 4 47 21 49 
16 32 25 47 17 0 41 1 26 49 24 14 2 46 
41 19 23 48 31 26 30 14 17 0 32 25 38 34 
39 22 33 5 18 23 24 43 32 2 31 37 0 48 
0 33 42 6 27 19 41 24 2 48 4 26 34 9 
35 48 6 17 23 16 0 2 8 5 27 41 37 47 
40 6 46 0 26 5 45 39 2 4 20 25 34 27 
0 13 34 29 36 11 37 7 33 19 21 2 6 39 
0 23 46 1 31 24 43 41 33 37 36 27 30 18 
12 16 0 23 25 2 4 13 38 40 9 24 3 11 
19 17 45 42 15 40 44 26 29 6 46 1 0 20 
42 43 0 15 19 13 9 14 1 39 25 20 16 35 
36 20 13 41 28 23 0 10 14 42 19 37 34 40 
23 0 37 35 17 27 2 24 5 25 48 21 12 18 
17 22 33 15 4 40 45 0 35 48 16 28 18 25 
29 13 20 49 3 18 32 24 41 46 45 35 0 47 
48 33 10 25 18 23 39 44 14 42 36 26 34 0 
1 9 40 12 34 37 14 36 7 31 23 0 38 15 
16 25 7 40 10 46 4 47 45 39 0 15 23 33 
23 8 46 43 3 2 32 0 19 11 47 44 6 42 
20 37 40 48 28 12 0 36 35 27 46 14 23 25 
18 0 14 28 3 20 46 35 15 16 32 13 38 37 
21 31 11 25 23 4 39 26 0 7 9 8 34 40 
25 26 31 24 40 0 9 43 23 34 17 49 41 3 
20 5 39 0 36 15 25 28 7 17 23 8 14 32 
0 43 31 41 21 19 39 10 20 42 28 15 34 1 
27 1 42 13 23 9 19 15 0 29 36 28 25 14 
37 8 3 0 6 28 42 49 33 19 9 43 29 26 
42 43 0 47 14 19 7 3 34 45 49 46 23 31 
17 18 22 5 26 39 29 10 32 0 37 6 49 14 
45 40 18 0 14 4 47 20 7 34 29 39 46 44 
34 8 6 29 42 17 0 21 39 3 26 36 49 7 
43 45 22 48 26 11 0 4 39 49 21 9 16 35 
8 43 13 11 7 20 22 36 25 47 40 0 21 12 
18 34 36 40 2 44 20 14 0 41 43 7 42 17 
5 18 29 24 13 48 0 4 7 27 6 3 40 38 
21 43 40 7 14 0 39 42 41 23 37 49 10 25 
38 4 24 12 35 16 44 20 13 10 22 11 0 45 
1 9 14 16 25 37 15 0 38 27 33 19 11 39 
35 0 40 2 24 13 46 42 23 3 17 44 31 12 
22 23 32 38 34 29 40 14 36 0 20 13 10 24 
7 16 22 43 1 3 0 4 32 27 5 40 26 37 
34 2 9 8 12 48 13 0 47 27 29 4 49 18 
26 8 15 18 0 49 32 45 41 40 48 11 37 21 
37 27 38 30 0 33 1 22 23 7 31 14 21 20 
7 39 0 3 26 32 11 13 25 6 22 9 36 18 
44 40 19 10 3 1 29 8 23 34 35 0 45 32 
15 32 22 24 1 16 2 39 23 40 20 19 41 0 
29 13 12 0 24 33 18 21 31 23 15 44 41 48 
9 7 0 23 19 14 49 32 38 47 10 24 1 33 
3 15 27 11 41 10 24 0 20 5 8 47 33 45 
22 26 35 41 36 43 18 27 1 16 31 14 0 9 
21 1 22 47 0 28 34 6 23 39 16 36 31 5 
43 23 21 38 0 36 29 10 30 37 4 22 32 41 
33 7 18 0 12 14 44 27 3 40 35 38 32 20 
38 37 0 9 7 46 31 11 4 8 36 25 39 47 
33 2 36 19 6 25 31 34 39 30 0 11 44 38 
8 34 0 29 4 30 18 44 36 13 46 40 20 10 
18 44 16 37 20 41 27 34 0 32 11 22 38 48 
8 48 25 2 4 41 32 12 11 26 22 0 1 34 
7 6 39 18 12 27 35 43 33 10 0 20 21 15 
27 23 20 48 0 22 39 32 14 11 5 18 46 36 
16 41 20 28 0 45 22 2 12 10 32 33 43 46 
22 2 0 5 12 41 19 4 8 27 26 23 31 24 
23 1 35 36 49 0 18 29 11 39 9 3 27 22 
27 31 42 0 30 39 48 21 40 14 26 45 6 35 
36 1 35 16 0 37 48 38 32 6 34 5 7 33 
8 49 44 17 33 41 14 24 0 46 20 10 9 45 
20 15 3 13 0 12 2 14 1 35 18 6 48 47 
39 27 33 34 41 21 35 0 7 5 10 9 4 19 
14 5 0 33 7 11 23 45 48 24 26 38 32 37 
47 6 39 0 19 9 13 36 32 4 26 3 37 43 
43 39 47 17 10 8 2 38 24 1 12 30 46 0 
48 0 43 28 1 15 34 41 20 5 7 44 32 8 
44 45 49 0 4 11 34 14 42 22 17 41 30 6 
47 49 20 43 39 35 48 2 26 9 42 0 33 23 
13 20 27 1 32 43 7 0 4 11 5 21 44 47 
16 22 28 37 13 6 44 45 12 34 7 0 15 36 
38 47 39 48 6 0 42 5 11 46 37 8 44 41 
33 1 34 41 36 35 19 38 43 48 2 18 0 22 
21 18 0 12 9 11 34 42 31 17 22 23 46 37 
4 3 10 9 44 33 22 48 37 19 0 43 28 20 
23 45 33 44 29 5 13 35 8 22 34 42 0 37 
0 7 11 21 3 33 19 23 13 43 30 41 27 37 
22 12 37 23 17 7 0 44 32 6 3 9 10 30 
36 34 29 8 4 23 6 26 0 5 20 38 48 14 
26 29 20 47 23 13 15 40 0 48 36 35 4 37 
40 39 49 24 36 19 10 0 42 31 30 29 18 22 
49 21 0 2 32 18 24 45 42 25 19 40 27 44 
3 12 20 0 5 17 38 7 22 8 41 19 46 39 
17 1 44 0 36 25 22 29 47 30 6 43 7 19 
23 14 26 5 31 0 37 30 43 45 48 18 12 36 
3 44 30 0 10 49 1 37 28 17 21 9 27 11 
47 33 0 39 18 42 11 45 28 1 3 8 10 29 
7 34 9 8 24 33 25 21 0 3 15 45 12 42 
22 31 49 32 29 2 44 24 0 48 37 30 9 26 
14 25 12 40 34 8 0 33 20 42 41 4 35 15 
0 12 44 13 7 19 39 30 10 11 17 36 45 1 
35 32 44 11 3 4 23 20 6 30 2 0 42 38 
47 13 34 32 10 0 48 15 11 24 46 28 36 42 
45 48 0 23 13 39 27 7 9 20 33 16 11 5 
5 32 16 48 0 35 10 11 43 6 18 49 24 15 
44 17 26 19 7 8 11 14 0 40 37 39 36 2 
28 5 38 17 22 30 33 14 0 45 40 8 47 29 
33 31 27 32 19 11 42 17 47 48 4 0 13 35 
6 35 28 33 10 34 38 16 37 0 48 25 40 13 
6 12 16 34 26 0 21 32 42 3 25 49 44 31 
8 47 0 36 15 6 1 27 44 19 9 11 49 21 
17 20 48 23 40 34 0 30 39 1 36 2 47 38 
23 48 0 35 21 31 16 36 5 1 42 32 7 49 
24 22 0 35 5 1 34 41 44 6 13 7 29 17 
0 27 6 30 13 24 14 4 44 5 3 15 35 48 
34 46 30 39 40 9 45 1 10 0 19 22 26 11 
15 12 16 0 46 3 4 2 10 13 20 23 42 25 
26 5 38 47 24 0 31 44 46 27 16 11 48 15 
3 4 48 13 46 7 11 20 15 19 0 33 45 42 
4 46 28 5 3 49 37 14 6 7 18 24 0 19 
39 0 16 33 44 38 45 7 5 18 29 23 30 3 
45 37 41 15 47 46 12 43 10 17 3 1 0 34 
17 43 0 42 37 13 6 8 36 23 24 19 22 41 
3 47 21 46 34 40 0 14 43 33 27 30 9 4 
43 25 34 0 45 23 49 2 48 4 41 28 31 42 
13 48 23 0 16 39 35 26 2 25 46 33 22 34 
47 32 5 10 26 38 18 6 41 33 44 40 16 0 
0 22 8 19 35 3 9 4 30 24 32 33 31 7 
2 11 22 27 39 8 13 49 31 48 0 10 30 38 
29 32 25 22 20 14 26 40 27 30 10 12 49 0 
14 0 41 34 45 31 1 46 6 5 33 16 4 30 
26 45 17 22 0 43 46 14 15 48 34 38 29 10 
43 6 31 0 9 8 42 40 38 27 26 30 18 21 
37 31 32 26 34 16 10 42 0 12 35 5 2 14 
8 31 34 15 18 33 14 42 40 0 3 23 30 25 
47 31 1 24 13 0 30 21 11 16 20 36 15 28 
35 16 0 18 5 9 30 19 2 40 34 29 36 37 
37 5 24 34 27 45 17 13 42 6 30 0 8 47 
10 47 24 6 12 40 45 9 25 46 37 0 42 44 
20 12 32 29 19 14 27 24 0 10 49 33 43 45 
12 37 0 1 48 3 41 9 47 46 40 5 25 23 
9 37 41 20 42 49 0 43 13 33 5 23 25 10 
0 11 1 33 19 28 38 15 47 18 13 44 3 27 
4 32 30 46 44 3 21 13 11 0 45 16 39 35 
0 25 46 14 18 27 26 36 2 34 12 3 35 49 
31 0 26 47 5 19 36 38 45 23 9 4 13 33 
11 1 6 16 25 18 39 28 22 37 0 34 30 5 
39 24 31 46 36 21 30 27 0 17 45 40 49 23 
5 16 23 9 0 6 43 36 14 32 49 28 2 12 
0 7 20 46 6 2 29 35 8 43 1 23 47 14 
2 8 4 37 20 44 19 27 0 48 15 13 29 28 
11 4 1 3 33 0 36 18 13 40 16 47 34 25 
36 23 7 0 6 17 4 33 11 24 46 45 34 21 
44 14 31 19 37 16 25 18 24 28 38 0 39 47 
13 10 35 30 48 26 32 0 23 28 15 20 31 37 
3 46 49 33 21 34 4 0 40 41 9 15 43 11 
26 0 47 48 28 4 32 12 18 38 16 9 29 30 
2 40 6 39 23 29 46 43 17 14 9 47 42 0 
15 43 38 45 34 0 24 42 14 33 4 18 32 25 
37 47 4 15 33 27 42 0 34 35 8 10 45 48 
27 14 42 49 8 47 19 15 23 0 20 48 37 10 
31 8 48 32 7 38 24 4 40 26 0 41 13 44 
20 2 45 19 17 40 6 0 43 30 22 25 5 12 
36 19 0 42 6 10 9 33 7 29 34 25 43 15 
35 20 9 32 45 47 39 18 24 30 0 36 40 49 
33 38 5 6 16 23 28 3 31 0 12 37 9 21 
5 41 49 11 48 10 13 18 22 33 14 0 39 43 
29 39 12 21 34 17 4 11 10 0 1 3 49 15 
1 37 4 38 20 27 0 46 13 7 39 9 18 23 
27 18 2 24 38 14 17 44 0 43 5 47 9 19 
9 32 41 24 14 36 39 2 21 34 0 17 15 46 
14 31 15 28 20 35 21 0 23 43 44 17 38 10 
37 0 29 9 15 28 43 32 45 31 39 4 34 47 
16 4 11 40 41 13 0 8 36 29 37 27 5 30 
19 39 1 0 17 10 4 31 26 18 27 48 38 11 
0 6 18 30 37 19 4 11 17 15 26 23 21 3 
36 25 9 46 10 15 41 0 26 21 24 34 18 5 
0 19 27 17 1 7 11 10 30 39 9 33 18 4 
7 35 10 6 29 22 0 31 11 37 8 49 18 39 
39 10 36 17 33 0 48 12 5 14 40 45 31 38 
7 12 36 22 10 41 0 45 43 18 23 5 24 47 
24 36 0 44 8 46 19 32 11 43 37 1 34 5 
35 40 25 38 32 6 31 0 19 43 20 33 39 26 
30 0 28 3 40 8 22 48 27 20 46 16 5 1 
29 0 37 35 43 46 10 21 47 45 42 14 49 27 
0 27 10 41 22 19 33 31 3 40 23 25 43 1 
18 26 41 49 21 33 8 44 13 11 0 46 47 36 
32 7 19 28 31 34 0 33 25 48 49 47 21 9 
19 33 34 13 44 3 48 38 32 7 0 46 15 40 
47 0 7 36 2 29 25 30 15 46 42 11 32 5 
32 41 27 39 19 36 6 3 43 28 31 0 33 30 
9 24 44 23 30 25 34 29 21 49 32 8 0 48 
27 24 44 47 16 0 9 1 3 7 40 8 41 13 
25 44 7 22 0 31 36 3 8 5 6 9 28 21 
30 6 17 47 16 0 3 37 13 12 46 27 23 10 
29 32 42 26 28 0 7 2 33 35 13 39 10 47 
20 9 32 42 45 40 26 6 24 27 34 0 5 43 
24 22 41 21 3 17 9 10 30 33 0 37 4 45 
17 0 27 44 1 7 11 20 45 25 34 3 46 24 
47 39 17 44 33 4 19 8 26 0 41 32 20 10 
41 20 34 1 0 8 47 22 30 15 36 7 3 32 
43 33 41 25 0 21 15 3 46 2 1 34 45 30 
41 28 22 26 32 39 21 47 0 23 5 14 38 43 
42 23 32 0 41 9 1 4 34 33 31 7 29 2 
1 26 0 17 28 11 3 23 45 13 12 7 4 16 
24 32 47 39 9 48 0 38 36 27 13 26 46 33 
19 20 27 9 38 22 2 8 31 37 0 30 1 4 
29 41 30 0 19 20 28 15 5 38 44 48 9 49 
0 7 17 24 40 8 39 9 47 49 13 46 2 5 
23 13 24 49 35 19 30 0 44 2 45 10 12 33 
5 23 16 49 2 4 14 0 34 31 15 33 18 35 
11 3 46 39 8 0 16 38 33 30 1 45 47 21 
34 0 6 13 22 44 45 14 9 25 49 23 40 20 
41 24 18 37 32 42 35 26 0 49 30 43 28 45 
4 9 28 44 0 13 22 38 31 2 32 43 11 23 
5 36 35 45 34 48 7 1 41 33 0 37 19 14 
49 20 19 38 47 32 15 36 1 24 42 0 9 34 
35 36 2 31 39 17 0 27 33 42 38 14 40 20 
43 42 14 1 34 29 0 31 18 15 7 21 11 17 
7 9 19 22 45 10 48 6 25 36 41 11 0 20 
49 20 18 41 25 14 6 43 0 45 2 40 42 1 
28 38 42 9 26 19 33 34 25 14 17 0 35 21 
48 0 34 11 3 21 39 36 23 46 16 18 49 33 
8 31 41 16 9 33 26 49 42 0 32 28 19 2 
21 30 18 19 43 34 36 23 38 35 3 29 0 47 
17 0 32 26 24 36 9 47 21 1 27 8 49 4 
0 13 28 10 9 26 48 21 20 33 14 34 40 4 
9 23 17 34 3 37 38 31 0 30 44 45 21 15 
43 14 1 25 38 6 36 7 32 48 16 12 18 0 
48 13 0 34 2 41 37 30 15 10 35 46 3 9 
1 0 33 30 18 29 36 23 7 15 2 46 9 49 
36 2 3 35 9 19 24 30 43 0 48 28 37 34 
32 28 31 21 1 12 44 38 14 35 49 0 43 5 
23 47 4 17 3 46 38 0 22 12 13 45 49 1 
11 7 20 13 24 0 48 17 26 23 6 35 18 8 
36 21 26 20 6 23 34 28 0 10 43 38 45 2 
26 25 15 23 35 0 20 32 21 41 6 18 3 49 
25 1 49 23 10 11 3 4 44 36 40 0 31 24 
22 40 32 24 48 0 10 36 18 38 17 30 7 16 
4 35 8 20 26 14 0 13 41 40 1 28 49 6 
44 0 10 20 31 17 38 3 15 14 5 35 4 2 
44 24 0 29 7 22 13 39 2 32 6 40 38 21 
26 11 21 30 24 49 0 27 2 32 43 14 38 45 
9 31 10 41 27 4 43 46 7 25 24 0 34 29 
0 19 25 7 20 8 18 21 45 37 10 26 43 39 
48 31 20 14 0 9 2 34 43 7 22 45 15 29 
20 38 42 37 9 13 6 36 11 48 0 47 12 44 
15 16 30 11 0 47 29 23 42 14 31 46 38 21 
23 48 16 0 40 33 42 41 46 44 12 8 37 10 
9 39 49 31 2 42 8 34 35 38 26 16 0 37 
27 8 3 15 16 47 32 31 6 48 29 30 0 43 
11 26 10 0 4 6 12 29 48 35 2 49 3 40 
19 12 45 35 33 48 6 11 46 0 16 38 39 27 
47 14 10 28 39 38 0 17 2 1 40 42 46 32 
2 16 44 45 30 1 12 10 28 49 41 11 0 35 
14 42 41 45 40 17 27 15 7 0 10 19 47 6 
32 2 35 14 43 4 18 15 7 48 30 5 49 0 
38 23 45 12 44 39 42 26 16 20 0 10 21 8 
14 0 8 19 46 29 30 32 25 24 4 39 2 37 
8 23 0 4 27 47 25 36 24 3 32 21 44 46 
15 44 22 3 21 23 11 8 33 31 26 36 0 45 
21 27 13 22 37 4 39 18 33 1 0 17 24 47 
0 24 16 47 14 15 2 32 33 42 5 30 34 45 
39 3 10 19 8 29 21 23 25 45 14 0 35 9 
23 4 0 16 22 25 44 34 39 40 33 7 2 9 
1 33 35 17 26 21 41 15 14 45 0 40 32 30 
39 43 10 0 12 24 15 5 41 13 28 17 32 4 
44 47 27 37 8 10 24 6 7 29 31 28 0 4 
25 44 6 48 13 32 4 10 26 11 36 45 12 0 
8 46 20 9 45 32 40 34 10 21 49 0 42 27 
20 28 7 29 46 35 1 39 13 49 17 0 22 47 
0 39 32 47 44 8 35 3 15 48 21 22 10 45 
22 13 12 47 19 5 26 16 10 36 11 31 15 0 
38 36 18 39 6 45 0 17 1 41 12 28 13 35 
42 22 8 0 31 16 12 30 40 47 44 36 34 20 
40 25 0 4 19 24 45 32 6 46 27 28 26 1 
26 45 8 27 1 29 23 0 3 49 33 31 47 39 
20 22 5 1 4 31 17 0 27 12 15 25 10 19 
26 8 32 43 28 14 4 38 41 45 35 0 37 7 
28 19 8 13 0 26 35 1 9 47 46 2 18 48 
14 20 33 32 4 42 37 0 21 41 15 5 43 31 
33 27 11 31 18 17 23 38 8 30 24 41 14 0 
49 39 44 8 42 46 34 27 41 24 45 0 2 21 
14 40 28 32 39 36 4 49 22 42 19 0 16 44 
37 17 33 39 40 36 44 21 0 10 26 2 8 27 
3 26 22 0 31 34 27 30 11 47 48 6 7 16 
35 9 41 2 22 38 24 16 11 0 29 15 19 18 
3 5 48 35 18 28 45 10 22 39 9 27 26 0 
32 36 33 2 13 0 1 26 29 14 27 34 38 18 
6 15 19 40 13 16 21 0 2 30 29 25 33 37 
13 12 39 7 46 40 44 9 20 35 11 25 0 23 
44 35 15 4 39 0 42 47 34 14 13 29 18 38 
29 46 28 34 19 22 42 12 7 0 39 47 40 30 
16 24 17 44 23 38 49 36 0 37 21 9 12 47 
21 8 0 26 27 41 29 46 44 3 49 33 7 2 
22 9 39 20 30 34 5 19 0 42 48 41 15 8 
39 32 41 24 14 20 9 26 0 47 3 7 45 18 
23 1 36 37 48 25 33 49 12 5 9 0 46 34 
25 12 36 9 0 3 41 7 33 18 14 17 8 15 
42 13 36 0 46 45 44 21 27 37 24 15 43 25 
46 39 36 24 33 9 21 3 27 22 19 0 31 17 
5 21 33 16 0 27 38 48 13 1 29 10 46 45 
29 25 42 40 15 17 5 16 7 0 10 35 12 31 
43 33 40 15 25 42 22 48 39 10 26 0 47 4 
22 15 45 6 49 0 35 23 21 5 33 44 48 17 
28 14 18 15 37 43 32 10 26 44 46 48 0 33 
11 15 45 10 44 0 1 23 36 24 16 20 38 33 
37 0 7 30 12 49 6 3 38 29 47 18 8 26 
25 7 23 29 42 9 5 17 18 4 34 28 0 20 
16 27 34 28 30 22 13 24 5 40 33 39 8 0 
36 34 33 43 7 27 20 11 47 38 0 35 31 6 
0 8 34 49 5 6 46 33 13 1 28 14 18 42 
11 5 8 20 39 31 41 22 18 17 30 19 0 37 
16 17 36 3 0 37 38 1 22 21 30 27 6 32 
