4 21 18 23 17 24 12 20 7 10 3 25 0 5 
28 0 23 24 12 18 7 29 17 26 3 21 27 4 
25 0 7 21 8 26 2 27 28 29 15 24 22 1 
17 0 12 6 8 14 20 29 2 21 22 11 4 23 
14 13 26 21 5 8 9 4 3 0 24 18 2 11 
8 0 19 29 9 17 12 1 28 18 7 15 6 16 
27 17 24 10 21 0 18 16 2 26 14 6 8 23 
25 21 6 14 13 17 8 11 1 24 0 4 19 16 
18 29 28 15 6 13 23 2 17 1 26 24 0 10 
13 22 19 23 20 11 0 5 7 4 8 17 1 16 
4 28 26 29 0 1 24 19 16 18 13 7 3 20 
14 19 20 26 24 25 11 13 8 22 18 9 3 0 
1 25 26 27 21 0 15 28 24 18 19 4 6 3 
7 23 0 21 8 24 25 10 1 20 3 22 17 19 
0 8 7 2 13 21 23 22 5 3 6 17 9 4 
5 18 8 0 29 6 28 1 3 9 21 26 14 2 
0 26 21 27 1 11 3 4 17 2 19 6 16 29 
21 3 28 23 6 24 20 0 4 13 1 10 29 22 
13 5 25 12 9 11 0 19 26 10 29 4 3 7 
17 11 13 20 7 4 27 0 3 2 28 23 8 16 
20 8 4 22 13 23 1 21 14 17 0 2 11 24 
29 14 22 0 11 12 27 4 20 28 7 9 3 2 
24 6 5 3 25 22 15 29 18 19 8 27 16 0 
8 10 11 22 6 18 28 3 21 0 19 23 16 1 
21 13 24 2 0 4 12 28 9 6 17 27 8 3 
27 16 20 0 14 8 23 10 4 15 18 12 24 25 
1 5 4 24 11 0 29 15 13 25 18 21 2 19 
29 25 11 19 10 1 18 3 4 24 20 0 26 27 
27 23 12 16 18 29 5 28 0 26 8 11 25 20 
14 0 6 15 11 1 2 24 9 25 27 22 23 10 
27 2 24 0 11 13 29 28 15 10 18 1 21 8 
11 13 24 9 29 10 27 28 18 26 25 0 17 6 
27 0 26 22 28 20 24 10 14 7 8 12 3 13 
17 14 3 21 26 4 27 22 0 2 29 9 28 25 
0 19 14 5 8 3 12 20 22 21 11 9 1 2 
24 6 16 12 5 1 29 19 4 9 10 0 17 18 
16 11 27 0 2 12 3 24 29 1 20 22 7 10 
2 24 0 20 17 26 28 8 5 23 13 9 25 14 
0 13 4 29 17 2 10 21 14 19 1 12 5 28 
17 20 19 9 1 29 12 4 25 28 11 10 3 0 
22 7 25 29 23 5 16 28 26 27 0 4 12 3 
26 21 27 16 20 4 7 17 19 23 28 2 1 0 
26 3 14 1 18 24 15 13 20 5 28 4 27 0 
11 14 26 18 9 15 20 6 3 2 0 19 29 28 
0 7 17 2 8 28 14 19 13 26 4 11 22 23 
15 5 0 29 28 18 20 8 6 12 24 26 3 1 
28 9 25 0 16 6 20 5 8 23 1 7 13 10 
0 6 24 21 16 3 11 15 2 7 19 5 26 12 
4 2 15 20 13 24 5 14 10 7 16 0 3 27 
11 12 10 21 29 23 27 7 3 0 1 19 16 4 
7 2 25 11 5 0 8 29 27 22 21 19 16 1 
1 14 20 18 25 15 22 10 19 12 24 0 7 29 
13 19 1 6 22 14 26 16 0 5 21 15 8 18 
20 23 26 12 29 0 22 27 16 24 8 9 13 18 
9 12 7 28 3 2 1 14 21 19 6 0 20 25 
8 7 0 17 24 27 19 3 21 20 23 28 4 2 
22 25 28 0 15 12 8 29 6 11 13 2 24 18 
25 23 4 8 24 14 26 21 5 27 7 0 16 6 
20 1 0 29 16 6 14 21 27 10 25 17 13 4 
8 9 20 26 1 2 19 5 21 25 3 0 29 15 
10 2 23 22 7 4 16 26 24 15 0 18 11 6 
9 3 12 24 4 10 8 6 26 18 28 21 2 0 
3 27 20 24 0 9 15 23 19 25 11 2 5 8 
13 2 7 0 29 27 20 18 28 26 23 15 25 16 
8 17 16 1 24 7 3 21 11 6 28 22 12 0 
22 16 5 29 23 0 11 7 10 3 2 20 18 1 
10 3 20 1 23 8 2 0 18 5 14 12 28 13 
2 24 12 29 7 19 0 28 27 16 11 26 1 4 
20 1 17 21 13 25 4 15 24 7 22 16 10 0 
29 26 0 28 15 12 25 16 2 19 27 14 5 17 
15 8 12 6 24 26 22 11 20 17 27 0 16 13 
2 16 28 3 1 20 18 0 24 6 17 10 27 5 
16 20 5 2 17 27 3 1 29 9 26 0 23 22 
9 15 17 12 0 19 23 21 2 13 16 1 6 25 
0 7 10 9 8 2 12 6 18 21 19 5 11 17 
3 13 12 0 4 25 17 24 1 21 14 22 18 10 
8 26 20 21 0 19 16 24 4 17 11 7 28 1 
16 11 24 26 17 18 22 12 8 25 0 27 29 7 
23 27 2 21 10 5 0 16 25 24 22 6 11 17 
0 28 5 13 18 4 22 12 11 17 25 6 29 1 
14 10 27 11 15 7 18 0 24 23 9 3 20 16 
13 12 18 11 4 25 0 5 7 27 17 29 2 15 
7 12 8 28 23 24 26 21 13 14 3 29 0 22 
12 22 27 24 0 10 1 17 5 26 13 6 2 7 
0 4 12 21 1 22 29 2 9 16 13 3 25 19 
4 26 13 11 12 21 1 0 15 3 18 29 27 23 
27 21 8 22 13 0 7 28 16 4 24 15 11 18 
27 24 0 28 3 22 25 8 12 4 10 7 29 11 
1 13 20 23 15 6 11 24 9 12 28 4 18 0 
0 4 16 29 10 11 9 7 17 5 20 21 23 6 
6 3 11 10 7 16 21 29 22 15 23 24 14 0 
14 16 8 26 21 5 10 0 13 12 1 17 7 29 
0 13 15 8 23 16 19 25 11 9 5 6 27 1 
17 18 26 21 11 23 16 15 14 10 0 12 20 13 
6 2 29 24 18 0 26 11 19 27 28 20 15 9 
20 15 4 24 27 23 6 3 0 25 9 28 16 22 
28 8 22 27 3 20 7 18 24 9 17 29 0 25 
8 23 16 25 18 28 27 12 0 17 2 4 20 5 
3 10 15 24 17 26 0 2 28 16 27 7 5 1 
23 19 4 0 26 7 10 3 28 21 2 8 25 1 
17 6 2 23 18 0 20 1 8 14 9 27 28 3 
22 14 26 1 21 7 12 2 9 28 0 17 29 4 
28 0 16 24 4 11 25 20 9 6 21 8 5 13 
26 8 4 22 14 5 28 9 23 0 11 20 1 29 
22 18 28 1 14 2 15 23 0 12 11 9 5 29 
13 6 3 0 18 9 11 5 4 20 15 19 22 29 
12 0 11 20 7 26 8 5 29 2 15 9 22 28 
2 16 10 1 24 4 17 20 13 25 29 6 18 0 
5 8 11 0 9 27 23 14 4 12 17 28 15 10 
3 21 7 13 18 6 4 1 29 9 25 11 0 19 
13 2 9 11 19 25 15 14 0 1 7 12 16 3 
6 25 26 0 23 3 18 22 2 19 10 29 28 16 
2 3 26 0 23 1 22 12 6 27 18 11 5 25 
18 0 8 10 14 16 15 25 28 19 9 5 11 13 
25 27 1 7 24 26 5 10 15 17 14 0 12 6 
25 1 24 15 8 3 19 21 7 23 11 13 27 0 
9 21 12 24 8 19 0 22 4 16 13 11 2 20 
4 20 2 12 29 27 5 7 25 11 10 21 0 24 
10 19 21 29 6 0 9 2 12 3 16 18 13 25 
12 29 18 4 24 7 21 17 15 9 16 0 22 8 
26 8 18 4 13 27 2 5 24 10 0 11 9 25 
0 13 10 28 7 6 1 3 2 22 9 26 15 12 
1 14 26 2 18 4 8 9 10 7 0 19 23 6 
0 19 4 24 3 2 22 13 16 21 6 1 27 9 
14 28 13 6 0 24 12 27 17 3 11 2 9 19 
28 0 3 18 12 13 27 19 11 9 26 20 25 8 
15 7 16 2 0 19 23 24 1 28 17 9 20 26 
11 7 26 15 18 27 25 22 3 13 8 20 14 0 
16 19 4 1 8 17 13 0 25 18 11 23 15 28 
2 7 3 25 6 26 23 0 5 16 22 4 15 28 
25 10 7 29 19 1 8 23 22 28 27 15 0 12 
9 24 6 26 25 20 12 1 14 28 18 0 3 5 
0 2 6 23 15 3 17 7 25 22 28 24 19 5 
18 24 8 11 7 10 16 17 5 0 19 21 27 6 
10 6 21 18 4 26 25 0 2 5 16 23 19 24 
17 0 22 13 7 2 16 9 27 1 24 10 25 19 
9 16 28 1 6 13 0 15 22 12 29 26 20 25 
2 0 23 17 29 27 1 20 11 18 13 28 14 9 
27 10 4 26 20 5 14 23 29 19 24 25 13 0 
0 21 14 8 16 29 26 5 27 9 13 11 3 22 
10 18 12 25 17 24 23 11 4 14 1 27 0 13 
29 12 21 26 14 0 9 1 11 3 10 23 4 6 
18 5 13 0 29 9 6 14 1 3 2 17 12 20 
25 29 5 21 26 4 0 19 11 20 3 14 6 24 
17 20 5 27 22 19 24 0 6 16 23 12 21 4 
15 20 22 1 3 9 2 21 19 28 0 16 12 11 
7 0 18 24 6 8 28 16 22 5 14 2 12 26 
25 5 24 0 4 27 15 17 21 16 23 13 28 14 
21 8 19 24 4 2 23 13 20 5 0 17 18 27 
16 0 10 27 17 22 26 2 12 6 8 5 23 18 
10 16 19 5 15 24 27 22 29 2 4 0 1 13 
14 17 21 25 18 8 0 27 9 12 13 4 16 3 
1 26 3 23 4 25 5 22 14 19 7 0 27 20 
22 19 13 24 23 27 10 2 1 0 4 7 16 29 
0 12 10 22 7 19 11 20 14 23 29 6 8 21 
3 17 25 0 29 12 21 2 28 8 1 18 5 20 
22 0 18 25 27 10 8 17 6 7 2 24 11 14 
24 23 8 12 25 27 22 3 20 4 18 7 9 0 
14 0 13 29 23 4 19 27 16 17 1 5 24 7 
22 25 16 26 0 17 5 7 24 14 11 15 2 4 
11 23 19 26 14 5 1 12 24 0 7 8 22 27 
2 6 0 20 3 4 10 5 28 19 22 13 12 26 
17 21 4 14 28 15 25 0 7 20 6 10 5 3 
0 19 20 26 12 21 6 13 24 29 15 10 23 28 
15 2 13 9 1 3 0 27 26 7 16 23 24 28 
26 29 24 5 12 8 14 6 15 0 28 3 2 10 
15 19 5 16 20 9 6 7 0 26 11 4 10 29 
19 23 0 14 1 3 20 28 18 22 17 25 2 10 
18 20 0 9 6 17 15 27 28 22 4 26 24 10 
27 16 5 10 14 2 28 24 7 12 29 23 11 0 
8 17 11 29 21 24 25 1 0 7 28 22 23 2 
3 28 19 21 17 25 20 12 22 16 15 18 6 0 
14 24 21 27 25 15 0 6 8 26 12 9 11 10 
16 1 15 26 0 22 24 6 21 27 8 3 14 25 
1 25 2 3 29 17 26 9 4 14 0 10 24 28 
9 14 1 21 23 6 10 0 27 5 28 18 22 7 
0 27 28 1 23 11 15 26 18 7 20 2 5 10 
12 4 26 15 18 9 10 24 22 11 5 14 16 0 
3 12 2 26 6 0 7 1 22 28 15 25 27 13 
28 19 27 5 16 13 1 8 25 14 0 17 18 3 
0 6 12 14 29 27 10 5 20 7 18 25 16 13 
1 7 2 0 26 16 25 23 29 27 12 15 10 6 
22 0 17 16 20 10 6 14 12 24 3 8 11 9 
6 23 28 11 3 26 14 29 0 12 22 8 7 18 
22 20 0 4 28 19 13 8 9 27 18 26 15 23 
2 22 20 26 1 3 0 21 9 25 17 11 19 6 
24 29 26 3 0 10 20 2 6 16 15 8 22 12 
17 6 22 19 28 23 25 21 16 0 2 11 4 26 
4 29 10 11 3 24 0 1 23 26 19 21 13 15 
18 6 4 23 16 28 2 0 3 15 7 21 27 12 
4 3 19 5 21 0 23 15 1 27 16 10 17 9 
21 18 2 15 6 28 23 12 20 14 0 3 7 9 
14 0 28 29 21 4 22 23 7 15 26 11 3 24 
0 15 27 10 9 17 3 8 20 19 2 14 5 13 
29 4 5 0 22 23 8 3 1 19 18 2 21 6 
21 0 7 17 27 26 22 18 5 6 4 23 9 14 
24 28 7 0 3 17 6 29 18 25 11 10 13 14 
0 2 12 5 18 23 3 10 22 8 4 27 14 11 
6 9 0 5 27 23 3 24 22 14 19 13 29 4 
17 19 5 11 0 21 25 14 8 12 7 2 4 26 
29 2 12 21 3 14 13 27 18 1 15 0 6 17 
27 8 1 21 22 17 0 23 29 15 28 16 14 18 
20 25 0 11 23 26 10 9 19 27 12 5 24 21 
15 11 22 3 18 21 5 19 17 24 4 6 0 8 
12 6 11 0 16 4 3 26 29 20 25 9 13 2 
10 0 29 12 1 11 2 20 3 26 8 17 22 7 
19 5 12 6 2 3 26 9 0 24 20 7 4 25 
1 13 4 5 15 25 24 29 21 22 20 3 17 0 
3 17 29 24 0 13 28 25 15 12 6 1 7 22 
24 11 29 5 15 0 19 21 9 10 17 3 18 25 
28 21 12 8 13 22 16 26 2 0 25 15 9 6 
15 4 26 0 10 29 9 21 28 3 24 27 14 8 
24 10 21 3 20 25 19 29 0 26 22 8 11 14 
4 26 15 10 17 0 20 27 7 21 23 13 9 18 
16 29 22 11 28 6 26 4 14 8 7 20 5 0 
4 23 2 22 5 0 15 8 20 28 13 21 16 11 
29 28 15 3 17 22 20 25 21 12 26 19 0 1 
1 24 29 27 0 26 15 14 16 8 9 6 18 19 
12 9 21 1 0 24 13 3 19 7 10 17 18 2 
1 13 8 10 0 26 24 17 28 19 14 15 18 22 
0 1 20 8 9 11 6 13 19 28 12 3 29 24 
29 1 21 13 6 27 0 28 26 14 8 5 18 12 
13 0 29 25 15 27 10 26 23 5 22 12 9 2 
23 24 0 14 12 5 28 13 1 15 2 10 3 29 
6 19 3 16 10 11 27 9 13 24 22 0 8 23 
27 22 16 24 25 4 28 0 19 29 14 5 20 26 
25 11 19 12 3 28 16 9 0 24 20 8 22 4 
22 28 21 7 1 17 20 19 26 15 8 29 11 0 
21 4 7 29 13 1 18 25 26 22 0 20 16 10 
18 10 15 1 27 20 0 17 24 6 26 28 4 5 
0 24 9 25 4 29 19 2 26 23 21 14 3 7 
0 23 27 20 9 29 25 26 19 14 15 21 8 24 
10 14 15 27 13 6 8 22 3 12 11 16 0 23 
26 6 2 3 13 17 28 19 25 29 14 20 22 0 
12 16 22 25 11 24 15 0 10 21 28 27 4 20 
29 1 19 20 22 6 16 25 21 5 3 23 18 0 
10 11 17 0 25 22 13 27 14 3 16 9 12 6 
14 26 3 29 4 21 19 27 22 0 8 15 9 2 
24 0 17 14 2 9 18 19 8 28 1 16 12 11 
5 4 17 11 13 1 12 0 15 3 25 9 7 16 
20 22 0 3 14 28 1 19 29 6 16 11 8 26 
17 23 19 7 2 20 26 0 22 3 1 6 14 16 
8 0 23 6 22 21 24 9 4 28 10 18 13 5 
15 17 8 22 28 29 7 11 0 3 10 12 6 2 
20 18 19 13 27 16 23 8 0 10 11 24 14 3 
24 19 0 23 22 10 13 12 9 5 6 18 11 20 
25 11 21 29 1 16 3 22 28 12 18 0 14 7 
11 0 24 3 10 25 14 4 22 29 5 7 8 2 
17 10 2 18 0 4 3 9 29 12 25 13 6 8 
26 17 9 11 0 6 23 20 8 22 28 10 1 13 
13 25 0 24 17 21 27 14 4 11 22 1 2 26 
9 26 20 13 29 25 12 21 23 19 27 17 16 0 
6 12 25 24 10 19 8 14 29 2 15 3 0 1 
4 10 0 23 11 5 29 15 9 27 20 28 8 19 
9 19 1 22 27 2 0 23 24 16 7 15 21 4 
0 12 5 25 23 27 6 21 14 4 11 7 8 22 
6 17 28 29 5 8 0 18 25 11 9 22 3 7 
29 4 12 17 5 15 2 8 14 16 21 1 0 24 
23 26 1 15 28 27 24 0 13 20 17 7 3 4 
21 1 13 5 16 18 26 0 22 20 17 19 8 14 
4 17 15 3 12 28 0 5 16 18 25 27 24 2 
8 10 22 20 0 5 18 15 9 27 17 24 6 26 
24 8 7 16 13 5 3 28 0 22 19 15 12 26 
0 9 18 25 22 12 3 29 14 21 19 1 13 2 
23 24 27 21 22 1 5 11 15 2 0 19 26 12 
19 17 6 9 3 27 8 0 14 24 20 21 25 29 
3 25 5 9 14 20 24 0 16 7 19 26 4 15 
13 25 11 4 0 15 12 23 27 8 7 24 6 2 
10 4 18 26 19 5 28 2 3 29 24 17 7 0 
21 6 9 29 26 18 23 20 4 24 0 27 5 7 
27 5 12 2 10 19 8 21 22 0 1 9 20 28 
22 19 17 28 10 5 16 6 27 25 4 0 15 1 
20 23 16 15 0 2 27 8 1 12 19 22 9 18 
9 10 6 16 7 12 25 29 24 8 20 3 27 0 
17 23 24 5 3 15 8 16 2 9 25 1 28 0 
4 27 7 0 23 10 19 15 6 17 28 21 2 11 
16 2 21 9 12 23 5 22 13 27 0 19 25 4 
2 28 10 0 14 15 18 26 11 1 9 17 24 5 
21 15 24 5 6 4 18 0 28 29 9 7 10 13 
27 17 0 3 12 22 6 21 25 23 28 4 7 8 
16 18 0 5 26 20 6 29 19 13 3 1 9 7 
25 8 5 19 0 16 3 29 1 11 15 27 13 24 
20 21 23 14 1 13 26 8 27 2 0 24 7 17 
14 1 6 24 16 23 17 12 28 0 20 9 5 8 
24 10 5 26 0 6 7 1 28 22 21 11 3 25 
4 9 23 27 3 13 29 16 0 21 2 12 19 1 
26 19 11 24 2 16 21 4 27 7 29 18 0 12 
14 4 23 29 0 13 25 10 26 28 3 11 1 8 
8 25 27 7 24 22 0 20 10 12 19 21 5 23 
2 23 12 21 3 19 5 8 0 17 26 28 15 24 
15 19 8 18 6 13 10 2 1 0 26 29 11 17 
3 24 17 5 4 6 26 11 27 16 23 10 8 0 
27 0 14 1 23 18 17 26 10 4 8 20 15 25 
7 26 4 25 22 19 20 0 18 23 3 15 5 9 
11 25 14 10 1 27 28 19 21 26 4 15 18 0 
26 8 3 2 12 25 11 5 13 21 0 29 15 4 
2 0 7 19 12 23 3 14 16 13 28 6 29 21 
19 2 25 22 9 0 18 29 4 15 21 28 7 23 
0 29 12 14 26 8 17 6 22 13 3 7 10 19 
1 20 12 27 11 19 24 5 23 2 16 14 8 0 
8 28 3 15 11 26 16 5 22 12 24 0 2 17 
21 26 12 23 29 5 8 9 11 7 4 10 14 0 
0 2 6 19 22 24 21 13 9 3 7 5 17 11 
25 10 18 6 24 0 19 14 12 21 13 2 11 9 
27 22 6 20 23 19 0 7 1 24 9 28 11 21 
20 29 15 17 9 28 16 24 4 7 13 10 0 18 
7 23 14 0 21 2 26 1 4 10 9 15 3 20 
10 14 27 28 4 11 9 0 17 5 13 20 22 25 
5 17 26 22 0 12 2 6 15 9 20 28 21 7 
29 15 2 9 13 14 21 27 24 8 25 7 4 0 
13 26 23 9 10 27 21 12 17 18 0 24 5 6 
0 15 17 5 22 26 23 4 28 19 25 16 14 20 
26 13 22 1 0 21 14 19 10 28 23 4 17 27 
6 16 13 17 22 10 14 20 26 0 28 9 5 11 
23 21 24 18 0 28 6 8 15 20 7 2 12 25 
15 18 27 26 0 24 25 3 14 21 7 23 10 11 
21 0 23 1 9 19 20 22 18 7 25 17 6 28 
14 4 18 26 15 9 8 2 16 12 0 5 19 28 
7 5 27 28 20 0 9 1 17 4 18 12 29 26 
26 4 13 7 0 1 11 3 2 27 22 12 8 19 
3 19 25 22 9 10 29 15 18 11 20 6 16 0 
7 19 0 14 13 4 29 18 9 20 2 16 5 15 
1 5 7 0 6 4 13 10 27 25 18 15 8 28 
15 17 20 10 8 5 9 0 27 1 29 11 14 16 
10 27 1 25 0 16 3 11 20 26 23 6 2 21 
17 3 10 11 26 19 16 0 14 28 15 27 9 21 
9 0 24 25 18 14 17 1 15 28 12 27 4 19 
0 26 10 27 20 18 1 9 3 7 8 23 25 6 
14 20 2 0 10 22 8 25 23 17 19 28 15 24 
13 15 5 27 0 23 24 25 19 3 7 16 1 29 
22 10 25 17 7 4 15 9 6 29 19 0 28 26 
11 0 5 19 21 25 22 20 7 2 10 8 17 24 
27 28 2 17 13 1 18 3 9 5 23 15 0 20 
3 18 0 14 8 27 15 2 25 29 6 23 22 16 
21 25 23 6 28 14 18 15 13 19 12 20 2 0 
0 25 19 18 21 24 20 26 1 10 29 23 22 12 
1 25 21 10 18 11 27 13 12 20 5 6 0 28 
2 26 4 11 13 22 19 9 1 23 8 0 15 14 
19 22 12 20 13 14 7 4 11 17 0 5 6 28 
0 15 6 12 13 10 16 4 25 24 20 29 11 8 
5 7 26 0 3 17 19 10 18 4 27 24 28 13 
9 23 2 6 13 21 27 12 3 4 17 18 15 0 
24 26 1 7 6 9 28 27 5 15 3 0 25 23 
5 19 25 28 22 27 29 9 23 0 3 14 20 13 
12 0 27 22 28 7 23 4 1 18 19 26 25 20 
27 8 2 28 29 1 15 0 11 17 20 7 13 19 
11 13 20 0 15 21 26 22 8 9 14 10 12 1 
2 15 24 16 8 10 0 6 18 5 17 28 19 13 
15 22 14 7 21 25 8 23 19 17 2 10 5 0 
11 0 6 3 8 17 26 4 10 9 24 5 16 28 
19 12 13 7 24 29 21 9 10 16 0 5 27 8 
18 3 27 8 29 22 5 21 6 0 1 19 25 20 
1 10 8 11 16 2 3 21 29 9 20 6 0 27 
16 14 23 10 12 29 28 0 1 17 24 22 26 6 
9 28 13 26 22 29 8 15 1 10 5 19 0 11 
4 28 1 24 25 27 0 11 29 5 15 8 2 13 
27 17 9 21 7 26 14 3 0 11 2 16 23 5 
8 13 0 27 19 7 16 1 10 17 26 18 12 24 
7 11 6 14 10 0 20 12 23 5 28 13 16 8 
14 10 22 5 17 23 1 15 24 9 12 0 6 8 
18 4 20 25 1 27 8 15 19 23 7 28 13 0 
6 16 11 9 12 15 18 1 26 27 0 29 20 19 
1 3 0 7 26 10 15 13 19 2 18 11 14 20 
21 12 3 27 2 22 19 0 17 9 14 26 29 1 
18 21 27 12 11 22 28 0 7 15 13 14 20 6 
20 3 11 19 7 6 8 17 16 26 21 4 0 15 
28 10 16 14 17 19 12 0 7 22 13 3 26 29 
17 16 25 28 0 27 18 14 6 10 3 1 9 11 
15 20 22 5 16 23 26 0 24 28 17 18 2 12 
7 5 16 11 6 9 0 10 25 1 3 17 12 14 
2 8 4 29 0 17 11 24 3 28 16 19 22 27 
15 24 23 22 13 0 5 10 9 17 19 14 27 25 
23 5 13 10 0 28 4 12 25 22 7 1 6 24 
6 1 10 16 4 7 23 20 9 21 8 25 0 3 
9 4 29 5 16 23 0 1 28 18 27 8 3 2 
12 8 17 24 1 15 3 20 2 18 26 28 0 13 
6 7 11 15 9 0 18 2 21 8 12 14 22 4 
10 18 3 28 17 0 9 5 25 29 22 26 20 7 
24 18 0 25 27 22 17 8 26 16 7 5 13 20 
27 21 24 17 0 29 23 16 6 4 13 25 26 28 
2 22 14 8 12 7 20 13 9 0 10 11 19 17 
15 22 27 16 3 7 8 0 25 14 4 20 11 17 
27 13 5 16 4 25 10 18 14 9 19 0 7 1 
2 21 10 20 13 18 26 11 8 16 12 0 7 23 
13 28 16 5 14 18 2 6 23 7 0 19 25 9 
29 13 24 2 7 17 22 1 26 11 14 27 0 19 
12 26 28 15 4 3 0 14 7 5 6 17 1 21 
4 13 14 7 29 15 2 18 22 25 0 17 28 3 
5 12 28 29 18 26 0 2 9 7 6 17 4 13 
17 27 2 9 20 7 18 6 0 3 26 19 24 13 
1 4 24 12 26 17 6 13 2 10 16 0 27 21 
5 12 11 22 8 3 17 21 27 20 15 19 28 0 
18 7 17 15 11 5 14 24 26 0 27 8 22 25 
6 24 0 11 10 15 12 22 27 16 14 19 25 29 
4 0 11 29 17 2 22 18 19 28 7 16 5 15 
6 26 25 21 0 14 5 19 20 8 1 23 16 27 
3 27 6 24 13 7 18 5 14 11 0 20 29 26 
2 0 24 23 27 20 17 16 19 13 8 21 3 9 
20 0 24 17 2 28 16 1 13 10 9 22 4 23 
25 0 16 8 22 19 20 27 10 6 2 9 15 5 
16 12 22 19 5 10 6 0 7 27 2 24 28 13 
0 7 4 16 23 26 25 1 18 11 14 9 10 2 
27 13 23 17 20 19 15 24 21 6 10 26 2 0 
1 21 20 0 13 8 27 22 6 10 7 17 4 28 
3 4 8 29 6 0 28 22 2 18 7 12 23 5 
4 20 27 0 19 6 13 29 17 26 28 15 9 14 
8 0 18 7 3 12 5 24 14 20 25 2 4 6 
10 13 25 8 15 0 24 4 19 11 18 16 5 21 
20 5 17 0 21 9 13 27 6 23 7 15 8 14 
27 1 21 11 9 5 17 8 24 25 20 18 0 26 
17 19 28 27 13 2 25 11 20 24 1 0 26 29 
25 29 6 4 24 2 0 8 26 10 5 9 16 1 
3 8 27 19 20 5 7 22 2 0 16 14 6 1 
22 20 6 9 13 17 8 4 2 11 29 3 0 19 
5 2 28 0 18 9 16 27 15 12 6 8 17 7 
2 1 22 17 15 0 18 7 11 6 28 13 20 27 
13 28 2 26 15 4 17 25 5 16 21 10 0 29 
25 27 12 8 9 10 1 4 0 6 18 19 2 14 
23 26 1 15 9 10 17 12 19 25 5 4 0 13 
28 21 13 17 6 7 12 20 22 9 16 24 1 0 
22 3 16 11 23 0 18 17 4 9 2 14 29 24 
11 14 0 8 6 23 7 26 17 10 19 2 4 27 
17 26 6 12 4 8 10 9 23 14 19 29 0 25 
7 23 20 2 9 12 0 3 1 22 25 14 10 28 
14 1 10 27 0 25 21 9 24 7 13 5 6 17 
6 20 5 28 0 24 1 29 13 2 21 15 4 8 
24 20 12 8 21 22 4 6 28 0 10 1 3 18 
12 28 14 3 5 21 24 20 0 16 25 13 19 10 
6 11 13 16 3 7 2 23 14 27 26 0 25 12 
19 16 8 2 12 13 26 3 0 6 9 10 7 14 
26 11 25 10 0 18 2 7 20 1 16 8 17 22 
21 1 10 0 3 4 26 8 17 2 11 25 27 19 
4 13 1 6 7 5 0 15 29 28 18 11 3 12 
9 11 21 0 8 20 27 19 1 16 28 7 15 2 
19 0 11 25 12 26 24 8 7 10 6 16 22 27 
4 10 24 3 22 20 7 16 17 15 0 6 5 26 
21 19 23 6 17 3 22 2 7 4 1 13 0 8 
0 12 5 16 25 14 18 21 7 29 15 9 17 2 
17 3 19 0 20 9 26 13 4 21 16 25 7 5 
1 19 20 0 9 28 8 4 5 27 21 22 23 14 
15 27 0 22 23 17 16 20 1 18 4 21 6 13 
8 21 9 26 13 1 12 6 22 2 24 18 0 3 
4 24 29 6 10 12 25 11 28 2 0 16 21 3 
10 2 18 3 13 1 15 0 7 22 25 28 14 8 
26 20 10 24 3 23 9 16 12 2 0 21 8 5 
6 26 18 11 21 16 0 29 19 10 13 14 4 20 
22 15 23 8 17 28 16 29 12 0 4 9 13 1 
18 13 10 7 29 0 27 4 6 16 24 2 21 19 
24 12 3 29 0 4 10 18 6 7 15 13 8 20 
10 19 3 0 20 12 7 8 28 11 18 4 5 25 
6 20 1 14 8 26 4 29 27 23 19 17 0 21 
1 0 19 13 29 18 24 4 21 14 17 22 15 27 
23 6 3 15 0 19 5 25 29 21 18 16 4 14 
4 18 0 17 19 8 14 29 28 12 16 21 5 11 
8 0 19 9 18 1 11 16 20 5 28 22 26 7 
9 3 18 23 11 16 26 4 28 12 0 29 14 15 
21 13 7 11 25 22 2 20 18 27 1 0 5 3 
20 10 12 15 14 4 7 22 28 11 26 25 0 9 
0 10 8 2 20 13 9 22 3 6 4 18 15 23 
26 22 13 28 9 19 0 14 29 21 1 8 18 24 
15 3 0 18 23 29 7 25 28 13 2 9 4 19 
22 13 23 28 5 1 11 25 0 18 9 2 3 19 
0 23 2 10 7 14 5 27 11 4 29 6 17 3 
10 2 23 16 5 15 4 1 14 18 6 22 0 19 
10 22 0 28 24 1 3 26 18 14 11 4 8 2 
10 5 25 13 11 12 2 16 3 7 1 28 27 0 
21 18 26 8 0 28 25 19 2 16 10 29 12 22 
20 0 13 22 14 16 29 2 10 5 24 21 4 18 
18 6 0 13 16 3 21 24 1 28 4 26 15 22 
6 8 7 26 3 25 13 27 4 12 9 14 0 17 
21 11 15 7 13 23 14 0 27 19 9 20 4 24 
5 0 9 3 22 21 16 26 1 19 17 13 10 29 
17 0 14 18 8 7 15 6 13 25 29 5 4 26 
13 27 14 0 12 25 4 6 29 28 5 23 24 22 
18 14 22 13 8 17 21 24 19 20 28 15 0 16 
4 28 15 27 19 2 29 11 6 18 16 26 0 12 
19 23 18 12 21 11 17 29 27 3 24 26 0 25 
21 24 17 0 6 11 22 9 26 10 20 3 7 23 
0 5 27 8 6 23 12 16 22 18 26 29 20 28 
5 18 13 12 21 16 9 28 0 17 22 1 15 2 
29 6 13 14 21 15 20 28 0 2 9 7 4 10 
2 13 0 17 27 15 11 23 26 24 25 22 12 29 
15 6 9 0 17 28 2 3 12 18 20 29 19 5 
6 23 29 18 15 25 10 27 17 0 2 7 12 3 
18 16 24 7 14 20 26 12 13 2 23 6 10 0 
11 21 10 19 18 4 0 15 8 14 12 2 1 7 
0 27 22 8 7 1 18 14 4 24 16 28 9 17 
13 5 17 24 16 1 6 3 4 14 0 18 2 27 
24 27 15 6 16 10 17 3 13 1 0 19 11 21 
27 3 7 19 1 22 24 25 20 0 28 6 4 26 
25 12 2 13 0 22 1 18 11 21 27 4 15 14 
6 23 25 27 18 24 16 26 4 0 2 15 9 13 
5 14 12 26 1 25 4 28 11 0 9 2 17 16 
0 27 14 13 18 28 16 12 21 4 5 19 6 15 
15 21 6 25 23 5 22 8 0 29 18 26 3 17 
8 13 5 12 23 16 0 20 19 2 18 4 24 29 
4 3 8 20 16 17 0 7 18 24 14 10 21 1 
2 6 8 5 22 0 27 7 26 24 11 10 16 28 
3 1 11 15 9 2 12 14 0 21 5 10 22 13 
26 11 10 0 23 27 15 18 13 12 17 14 19 8 
20 21 18 2 10 1 0 13 6 22 19 16 24 11 
13 1 20 16 0 25 15 8 6 5 3 24 2 27 
29 13 12 0 15 10 19 26 2 22 25 20 5 27 
8 11 0 3 2 20 19 16 18 14 29 22 13 5 
22 29 13 15 16 17 27 3 0 11 2 12 5 28 
20 23 9 21 12 1 17 15 0 29 27 4 13 26 
5 29 2 15 23 21 3 6 18 4 28 0 17 24 
19 15 10 13 4 2 25 11 1 6 0 27 12 23 
23 10 29 22 20 3 21 8 27 0 5 19 18 17 
0 25 19 1 11 28 12 10 22 27 6 9 8 5 
15 21 26 10 0 23 13 2 24 17 29 5 27 12 
8 15 28 12 22 9 29 4 26 2 10 0 23 24 
28 1 14 19 22 15 17 9 0 27 23 25 5 11 
29 6 5 0 23 10 27 25 11 19 3 12 20 21 
6 22 13 19 24 27 9 21 18 26 14 0 8 15 
20 28 18 9 23 5 2 0 6 1 27 8 21 29 
9 26 15 0 23 22 10 6 1 28 17 7 5 25 
29 23 22 12 28 9 20 0 10 15 2 5 21 3 
15 2 4 0 11 25 18 28 7 14 17 8 10 5 
9 14 20 22 21 0 15 6 10 1 2 5 26 4 
10 9 4 14 18 22 3 16 0 2 26 5 27 15 
20 9 27 2 8 12 3 11 26 18 21 4 5 0 
0 29 25 7 13 26 15 10 3 4 8 9 20 5 
21 29 2 17 20 7 12 4 15 19 0 9 5 26 
7 21 4 26 18 9 25 28 13 22 0 27 24 6 
0 15 17 16 19 26 20 14 23 21 29 24 28 4 
27 19 18 16 6 11 5 14 0 7 24 22 4 3 
17 11 23 2 14 27 29 15 24 25 12 21 0 8 
29 7 12 6 0 17 21 4 20 3 19 1 9 25 
1 17 14 3 23 19 8 9 5 21 29 0 20 12 
5 9 0 7 16 21 28 22 15 6 17 14 20 23 
20 15 0 12 13 18 25 14 28 4 16 5 23 24 
15 2 26 16 20 24 5 11 10 13 0 9 29 19 
3 4 28 26 8 22 18 20 21 0 10 6 15 1 
2 20 12 19 0 9 27 5 15 4 3 13 16 10 
12 10 24 22 27 26 5 0 15 28 23 14 13 29 
12 18 14 0 25 1 20 2 8 4 21 13 3 26 
29 17 28 0 14 5 19 22 7 11 10 27 25 4 
13 14 15 19 0 8 11 4 10 1 5 22 12 7 
24 23 27 8 14 11 2 13 1 0 12 10 29 7 
29 28 14 3 0 18 15 7 27 21 12 10 13 6 
28 11 6 27 20 12 18 23 29 17 15 0 24 10 
25 19 22 0 7 12 2 28 6 5 14 9 26 29 
4 3 21 15 0 6 20 23 24 9 14 8 13 10 
19 10 24 9 25 21 6 27 0 20 18 17 29 15 
7 5 17 20 23 24 15 0 12 22 4 14 10 28 
17 2 25 1 19 18 22 11 15 7 3 28 6 0 
8 17 0 3 28 1 18 10 20 2 21 25 13 24 
16 9 15 13 28 7 8 20 23 22 24 0 6 12 
12 4 1 6 15 20 0 26 13 14 19 16 17 18 
8 0 18 4 23 29 20 26 7 15 22 13 11 2 
11 1 17 6 18 23 22 20 4 15 26 5 16 0 
7 10 25 11 6 28 17 3 23 29 15 1 16 0 
2 23 14 12 17 27 13 15 4 8 0 11 3 26 
21 23 8 17 1 9 5 25 14 24 2 16 22 0 
16 0 9 5 10 8 1 12 20 23 4 14 18 11 
3 7 22 10 29 0 25 1 4 14 11 20 18 2 
14 28 13 15 19 18 27 29 11 5 7 0 22 8 
0 20 24 4 10 3 15 19 28 8 7 6 27 18 
7 16 1 14 20 29 13 21 23 17 26 12 15 0 
11 22 1 17 9 2 12 19 0 16 7 25 14 26 
12 29 6 0 3 10 8 23 26 20 19 7 28 16 
22 0 19 5 18 23 1 29 8 27 6 9 15 17 
18 4 17 0 7 16 2 20 5 8 29 21 11 12 
18 12 25 11 19 0 24 20 4 3 10 2 7 23 
15 25 0 23 17 10 29 14 12 6 2 22 18 26 
8 17 26 21 10 20 27 14 11 0 22 12 24 4 
1 8 18 17 22 23 15 10 4 0 5 29 21 6 
27 2 20 21 29 22 14 0 1 11 19 26 10 7 
12 11 27 6 0 14 8 17 5 20 23 18 28 25 
8 29 26 17 14 15 0 3 12 20 27 13 16 11 
22 27 6 9 18 4 24 28 0 25 19 1 15 20 
7 29 0 3 22 13 16 6 18 24 26 23 1 2 
26 4 12 11 0 5 3 10 28 22 13 7 20 23 
22 5 29 15 14 18 27 11 12 19 3 2 20 0 
20 13 7 14 4 2 15 11 18 27 8 16 0 5 
25 17 26 0 29 4 9 6 21 14 12 19 28 5 
11 6 10 14 23 18 24 20 17 0 26 8 21 29 
22 26 15 21 29 0 18 8 10 9 17 12 6 19 
0 6 5 13 22 1 29 25 11 19 23 16 20 28 
25 22 21 7 9 0 18 4 6 20 1 5 8 24 
4 2 18 26 15 1 12 14 17 0 6 19 13 16 
27 0 1 9 23 16 25 7 8 18 19 14 3 26 
19 8 9 20 12 23 1 13 18 24 5 26 0 14 
28 23 0 19 15 2 4 26 12 13 29 24 18 17 
1 8 23 21 10 7 6 13 12 0 25 15 4 22 
14 24 28 16 3 2 0 19 6 17 13 25 1 10 
17 23 28 0 5 20 27 16 12 9 14 8 25 21 
13 25 0 23 17 29 20 21 6 16 11 19 27 2 
0 13 11 9 25 2 14 7 10 15 19 21 3 5 
26 18 3 9 12 16 23 20 8 2 10 1 27 0 
14 23 4 7 11 17 28 25 29 9 26 18 10 0 
14 26 25 10 29 15 11 19 1 27 0 6 17 12 
11 21 27 22 1 23 3 16 0 19 10 17 4 20 
9 20 11 26 14 6 22 5 8 13 27 3 25 0 
15 17 10 1 12 20 27 0 19 25 23 7 28 6 
17 21 27 10 0 19 23 28 8 20 14 26 11 13 
12 1 14 0 13 3 7 25 17 6 16 28 26 24 
27 7 3 8 9 29 18 15 0 2 22 16 6 10 
19 17 11 29 16 6 21 18 0 24 3 28 20 15 
22 17 13 0 27 10 19 14 12 7 4 20 9 25 
25 29 3 17 16 22 15 19 10 23 0 14 28 5 
18 29 0 17 26 15 8 16 1 10 21 25 13 24 
25 6 24 21 10 0 7 11 13 3 8 27 14 20 
27 3 26 20 7 21 22 25 23 14 10 24 0 11 
17 14 13 25 8 29 2 18 27 15 28 5 7 0 
25 9 4 29 24 14 0 2 13 15 11 20 23 7 
24 3 8 2 0 19 22 21 10 5 18 12 25 16 
11 17 20 24 5 10 3 29 23 0 8 16 18 7 
13 11 15 17 23 6 27 1 10 0 29 26 22 3 
14 22 24 28 16 29 2 4 0 6 12 10 7 21 
25 13 5 4 8 7 21 22 29 0 16 14 20 26 
23 3 1 24 25 28 18 12 8 0 27 7 22 17 
14 18 3 0 5 7 21 27 16 2 11 1 12 10 
13 24 0 17 15 10 16 7 8 5 9 3 23 4 
8 28 0 24 22 7 10 11 9 14 15 21 12 4 
14 10 26 25 0 9 8 21 12 7 23 13 15 4 
17 23 9 19 2 21 25 15 0 14 28 16 8 1 
29 6 0 22 14 5 15 2 28 10 17 24 8 25 
10 2 28 16 20 11 9 29 17 24 12 23 0 3 
11 9 29 4 24 22 20 23 0 5 25 10 7 15 
5 19 25 18 0 28 22 21 10 20 23 6 13 9 
3 13 28 4 19 12 18 0 26 7 6 29 14 8 
1 7 3 22 5 12 28 9 10 21 0 2 29 27 
0 22 25 19 5 21 23 9 15 7 28 12 11 3 
19 29 20 12 28 16 0 6 26 11 13 24 3 9 
1 17 23 5 9 11 27 19 29 26 18 0 7 20 
29 11 25 12 1 5 26 18 10 0 21 4 20 24 
4 19 29 27 11 18 9 0 3 17 16 28 8 14 
28 24 29 0 4 12 18 6 2 13 15 26 22 27 
10 22 27 0 1 24 29 7 26 25 6 13 23 9 
9 25 0 11 21 27 2 28 18 15 4 10 3 7 
3 27 9 8 17 6 0 12 21 16 20 22 1 26 
27 8 10 2 6 16 17 13 18 21 4 1 0 12 
3 6 15 29 10 0 11 28 8 13 23 26 22 7 
25 3 27 13 22 28 15 0 20 5 26 14 12 11 
24 0 18 25 9 1 19 13 12 16 8 21 11 23 
2 4 7 16 18 26 5 27 0 1 8 6 28 12 
19 0 5 10 15 29 24 14 26 7 12 23 6 4 
21 7 25 0 2 28 5 11 18 17 23 4 13 26 
6 0 14 22 2 11 3 7 12 17 1 27 16 21 
8 0 20 12 19 17 21 22 23 9 18 7 2 11 
27 9 23 6 5 29 10 28 4 0 1 2 15 13 
1 2 18 4 26 15 25 22 17 3 9 29 0 12 
13 29 26 12 9 5 28 8 16 1 11 0 19 24 
20 28 19 24 6 2 27 0 29 7 21 18 23 26 
3 26 23 12 0 5 2 16 28 14 8 7 24 25 
25 18 17 24 7 3 5 4 0 28 21 11 29 6 
4 10 15 29 21 7 14 2 0 24 17 23 3 26 
10 14 5 8 23 0 9 6 12 17 20 18 25 2 
19 10 12 2 5 26 21 29 7 28 11 22 0 24 
7 11 22 15 16 10 25 3 0 13 5 23 20 12 
29 22 0 28 9 7 25 27 24 1 23 17 26 8 
26 13 25 16 21 0 20 15 1 24 12 27 3 19 
9 29 27 15 16 21 12 19 0 3 1 14 28 4 
20 27 11 14 25 16 2 8 0 15 5 3 29 21 
9 18 11 27 1 4 12 17 3 0 16 14 5 28 
5 9 27 1 20 19 29 24 13 16 3 15 25 0 
26 11 25 12 16 0 15 10 8 20 7 29 2 21 
9 5 10 20 17 27 0 3 28 7 19 25 8 1 
25 16 28 7 20 4 18 0 17 9 23 27 26 15 
13 10 28 19 8 5 24 17 4 27 15 16 0 14 
7 11 4 13 27 18 17 10 28 24 0 20 1 22 
19 16 14 18 0 23 11 10 1 22 3 7 2 26 
11 20 19 0 26 23 6 1 16 27 3 24 2 25 
28 1 7 4 3 17 18 12 0 29 8 2 16 5 
0 13 19 24 2 29 7 23 1 12 25 21 6 18 
15 20 3 26 19 14 22 7 0 16 9 28 6 17 
29 9 12 3 24 26 17 18 1 16 14 0 2 11 
26 19 22 27 25 1 17 8 16 20 11 18 4 0 
18 29 21 1 0 13 27 24 3 15 17 9 23 2 
11 24 19 0 17 5 6 28 18 13 29 20 16 7 
4 7 3 15 12 11 8 0 22 9 1 26 29 6 
11 26 1 18 29 15 25 8 14 0 28 22 23 6 
23 18 21 13 7 2 15 5 25 20 9 0 8 1 
25 9 3 6 27 21 0 10 24 4 28 23 15 5 
5 24 20 23 0 21 2 26 13 10 25 19 15 14 
18 10 27 0 25 5 23 2 13 9 28 29 4 17 
12 26 9 28 10 14 1 5 0 23 29 6 13 19 
26 13 17 28 2 0 8 23 9 11 3 18 25 21 
11 8 9 24 14 18 16 7 0 27 5 1 23 28 
22 24 19 17 13 25 2 9 16 18 29 6 15 0 
0 10 5 22 28 3 18 15 11 26 13 16 14 19 
14 19 3 6 18 4 26 0 1 28 12 5 25 27 
14 29 19 10 21 3 11 2 9 26 18 15 20 0 
7 0 5 6 28 11 15 19 21 2 29 9 18 10 
22 6 2 11 12 25 5 1 15 29 21 18 3 0 
11 25 20 12 15 0 5 10 23 29 28 7 2 22 
2 19 28 12 4 0 21 25 27 17 24 6 18 10 
25 12 27 10 24 16 11 20 19 17 9 18 0 28 
27 12 3 0 14 1 26 5 11 16 20 17 7 13 
20 4 28 17 2 8 14 11 12 0 18 13 1 5 
25 5 28 9 3 20 18 2 13 21 0 14 4 22 
16 26 7 2 23 6 14 9 11 15 0 8 27 25 
25 12 22 2 11 0 21 6 15 18 14 19 16 13 
29 4 14 5 11 12 1 9 6 8 23 3 18 0 
16 14 4 25 24 28 0 5 15 27 17 23 29 1 
19 3 10 25 23 17 4 12 0 11 16 18 1 2 
24 6 16 3 0 2 10 8 29 23 5 12 21 17 
0 5 12 23 24 26 14 20 13 7 3 28 2 18 
27 29 19 13 2 20 4 26 1 24 15 23 5 0 
15 0 13 4 10 1 21 14 5 11 26 29 19 6 
22 0 9 17 21 7 13 5 27 26 15 3 16 20 
1 25 13 29 0 15 23 14 3 28 8 18 11 26 
0 11 3 23 20 6 4 2 26 14 28 21 18 24 
10 14 4 0 27 2 18 7 29 11 28 19 24 21 
6 5 29 0 19 26 14 21 17 20 2 4 11 9 
14 27 7 25 21 2 9 10 23 17 4 24 13 0 
23 21 1 7 14 13 26 20 27 6 0 5 9 24 
14 7 1 15 17 11 6 5 13 0 9 8 10 16 
13 1 23 0 27 2 15 9 10 18 17 12 24 16 
26 0 24 20 13 5 28 7 11 12 2 3 8 14 
8 2 9 17 12 25 15 3 10 24 5 20 0 21 
16 20 28 18 0 23 3 10 8 9 2 15 27 11 
3 28 11 2 8 29 6 10 1 0 15 25 23 13 
29 21 3 25 18 13 7 0 15 11 23 8 5 27 
24 3 9 7 2 16 11 17 29 0 14 12 27 28 
5 10 3 19 1 26 29 22 8 24 21 28 15 0 
29 7 11 6 0 1 13 21 16 18 28 9 3 14 
16 25 19 24 29 13 0 8 3 1 20 14 12 21 
23 8 26 20 18 16 29 4 10 3 13 2 19 0 
12 14 21 25 18 7 11 20 16 27 0 6 19 17 
7 25 9 6 15 0 21 27 22 5 4 10 20 1 
7 26 16 0 10 18 21 2 25 20 5 17 4 24 
0 24 23 15 22 3 12 29 7 25 27 17 28 16 
16 28 0 12 1 14 27 13 18 2 5 20 9 23 
22 21 7 19 29 14 12 13 9 25 3 2 15 0 
29 15 19 8 5 3 0 25 14 21 2 6 12 22 
2 0 9 18 19 24 3 5 29 10 15 14 11 25 
26 4 11 15 17 8 13 23 28 5 1 9 0 3 
13 26 2 24 14 6 19 29 7 9 0 18 12 25 
27 28 19 10 0 4 25 13 23 7 21 11 18 16 
22 4 26 0 6 25 23 1 8 21 5 29 2 28 
18 1 16 19 10 22 23 28 3 13 12 0 14 9 
1 8 0 24 20 23 12 22 14 10 13 28 2 17 
17 19 13 25 0 20 23 27 26 12 3 8 6 14 
26 25 6 0 22 24 5 19 29 17 20 9 3 14 
15 12 24 29 20 28 10 8 0 17 18 13 4 1 
5 18 29 12 14 4 19 24 21 0 8 23 13 1 
0 22 3 16 10 6 27 23 26 12 29 5 15 1 
25 22 20 16 4 17 10 3 18 0 14 11 26 24 
7 27 14 18 25 2 6 29 21 1 16 13 9 0 
7 15 4 22 29 23 0 8 5 2 17 18 6 27 
29 6 13 10 19 24 16 4 15 20 21 9 7 0 
5 0 15 12 28 24 23 19 8 2 22 10 18 6 
20 14 11 4 9 24 13 12 25 23 10 27 0 8 
21 28 24 25 23 22 20 5 0 14 15 7 12 3 
23 4 29 19 8 14 26 0 16 25 5 15 17 2 
14 15 2 17 23 20 16 9 24 27 12 29 4 0 
24 17 13 14 15 25 27 18 20 28 4 0 12 22 
9 29 23 7 17 26 5 20 15 0 6 25 4 18 
11 20 3 29 5 23 15 2 16 18 14 0 22 17 
4 24 5 29 21 3 17 22 0 26 12 23 27 20 
17 14 27 18 4 10 15 21 1 22 0 26 9 5 
19 11 0 16 2 23 28 7 14 26 25 20 29 12 
1 25 24 10 26 2 20 8 13 9 4 27 0 11 
20 26 11 19 12 9 21 1 23 18 8 5 22 0 
24 22 9 8 3 27 0 23 18 6 2 12 29 28 
26 25 13 21 27 0 10 24 18 12 23 16 4 1 
0 8 22 23 21 14 9 7 12 25 13 11 6 19 
19 4 27 15 29 12 18 9 2 0 17 25 23 7 
0 23 19 22 4 13 9 24 5 16 12 14 6 8 
22 19 14 0 13 16 25 20 18 12 6 5 17 10 
13 4 6 0 16 27 23 19 18 11 5 8 25 26 
2 13 25 7 21 29 1 14 23 0 11 18 15 12 
17 15 24 19 14 21 23 20 7 13 0 27 22 18 
0 21 5 8 16 12 18 9 2 26 20 13 1 19 
24 19 10 15 28 8 4 1 2 29 0 5 14 21 
17 5 9 0 20 14 13 10 4 23 11 19 6 7 
11 13 27 26 20 2 3 25 9 19 7 1 0 14 
22 21 19 11 23 7 13 3 8 5 10 0 14 29 
26 3 9 12 0 2 18 6 4 27 22 8 14 5 
28 3 15 17 8 26 0 24 7 9 2 11 20 27 
26 1 5 10 15 0 18 28 8 24 13 16 22 27 
10 17 16 11 18 15 0 29 25 12 19 26 23 28 
19 26 14 20 25 15 29 24 1 0 7 9 8 27 
16 21 8 1 3 20 28 22 11 13 0 25 24 23 
13 29 27 26 0 23 24 1 15 6 7 21 12 17 
4 3 16 11 18 12 5 13 20 10 0 23 28 25 
28 13 12 23 14 27 0 21 4 6 24 19 1 11 
12 14 9 11 15 29 0 28 16 8 13 3 6 5 
21 25 0 22 1 15 20 29 9 3 7 28 8 26 
9 18 14 24 27 7 10 28 17 2 29 25 12 0 
6 20 24 14 5 27 8 26 11 23 9 18 15 0 
3 19 0 20 22 29 8 28 9 13 21 15 10 16 
26 0 4 20 15 9 25 6 8 18 11 17 23 29 
13 0 10 1 19 3 28 6 18 9 24 8 29 2 
23 25 17 22 4 0 2 1 8 7 9 11 5 18 
25 12 20 7 0 6 1 16 10 22 9 15 3 2 
11 17 12 25 5 14 0 23 9 18 2 4 16 1 
0 28 29 21 1 25 17 2 6 23 7 20 15 14 
21 8 22 0 10 12 17 9 27 19 15 26 1 25 
19 28 23 25 26 15 16 9 0 8 4 10 1 17 
2 15 0 11 1 13 16 3 5 18 29 25 23 10 
1 15 10 7 29 26 28 0 19 13 23 12 2 21 
5 28 27 13 24 18 0 29 2 4 22 6 14 11 
21 22 28 24 13 17 25 3 14 29 0 19 2 16 
12 3 17 20 2 29 1 18 6 10 7 5 0 16 
10 7 26 2 4 13 1 17 20 12 15 8 3 0 
3 0 18 22 2 26 13 24 14 27 23 8 7 15 
17 25 18 11 15 22 5 8 3 23 14 29 28 0 
1 0 23 29 18 22 3 10 26 7 6 14 8 15 
1 3 17 7 18 12 2 29 20 11 14 10 0 16 
28 0 5 12 24 4 20 8 22 10 6 16 27 21 
24 27 14 7 0 28 21 15 16 8 10 25 4 3 
27 9 18 20 28 5 10 13 17 24 0 22 23 4 
12 14 3 6 2 1 27 13 28 0 5 20 24 7 
1 29 9 4 16 23 28 0 6 2 7 21 20 10 
3 14 23 4 17 27 0 1 2 29 5 11 20 15 
19 8 20 1 28 13 27 0 17 29 5 18 4 14 
27 6 22 9 20 17 13 8 14 10 16 23 0 12 
9 1 4 0 16 14 22 26 13 7 6 19 11 3 
25 26 15 5 29 1 22 13 2 0 14 9 7 19 
4 14 26 2 15 16 25 13 27 12 18 8 0 3 
20 23 3 14 4 11 16 0 13 22 19 1 5 7 
14 11 19 25 3 13 0 15 21 24 23 28 26 22 
20 17 19 6 0 7 28 8 12 9 29 13 16 4 
10 14 16 6 0 24 25 8 18 23 9 17 20 3 
18 26 22 19 17 0 15 5 12 16 27 3 10 7 
24 5 7 13 22 16 0 25 18 23 14 6 17 9 
14 1 12 0 24 9 8 27 18 26 5 4 7 6 
10 28 3 23 22 1 0 15 26 6 2 13 20 24 
2 13 4 26 3 23 24 25 5 11 14 12 18 0 
20 23 22 6 18 2 21 10 29 0 16 1 12 27 
1 0 5 27 10 2 24 3 19 7 22 17 25 9 
21 15 7 5 17 14 18 10 1 28 13 3 0 26 
16 22 23 1 18 26 9 27 2 6 10 13 29 0 
0 20 13 5 6 25 28 18 12 21 14 24 7 15 
1 5 24 0 26 8 13 12 7 28 19 6 16 21 
7 4 0 29 14 8 21 1 3 5 13 6 16 18 
3 5 21 23 27 2 20 29 4 0 24 22 7 18 
28 10 15 1 21 0 11 14 4 12 27 17 23 26 
20 4 29 9 5 15 28 25 26 0 13 6 12 16 
17 19 14 0 1 4 25 13 2 20 22 15 26 11 
21 7 8 9 25 28 18 2 0 5 11 20 27 13 
10 0 17 9 24 13 5 14 18 19 26 22 16 28 
16 14 13 5 22 3 19 10 8 18 17 0 1 25 
5 12 3 17 22 23 9 28 26 4 0 7 14 2 
24 9 16 21 4 17 11 2 19 0 3 26 20 27 
18 21 7 28 2 14 1 22 0 25 12 4 19 9 
28 20 18 13 11 4 6 14 25 9 7 24 1 0 
28 7 11 27 8 0 24 29 22 10 9 1 16 14 
25 19 15 21 11 1 14 24 8 3 0 22 18 28 
3 27 7 1 8 6 28 2 10 23 19 29 16 0 
8 26 10 25 13 1 22 14 23 16 12 9 27 0 
20 13 16 5 4 8 24 9 26 12 2 18 7 0 
8 10 24 3 2 12 0 18 7 5 16 29 23 4 
4 17 16 15 9 29 24 14 21 13 0 26 20 23 
1 25 14 0 29 23 20 9 13 10 12 15 6 11 
2 9 20 1 16 26 0 27 23 24 12 4 25 29 
17 7 27 8 21 19 22 1 23 25 0 14 20 6 
22 27 9 0 20 14 17 29 24 6 13 12 2 18 
25 4 0 14 15 24 2 23 26 19 22 10 13 5 
19 28 9 16 24 22 2 23 12 0 26 13 1 3 
29 5 16 27 28 26 14 17 0 10 1 18 2 7 
20 7 29 18 1 15 0 23 14 13 28 24 5 10 
10 16 9 0 2 22 18 19 12 14 21 29 5 17 
1 12 6 11 3 5 27 23 0 16 15 25 18 4 
6 25 24 2 0 21 16 5 13 26 3 8 17 14 
8 0 19 12 5 20 1 26 7 17 18 28 10 2 
10 5 4 24 29 14 26 0 11 27 16 15 1 6 
19 28 0 7 3 1 23 26 14 4 20 2 17 15 
11 7 28 6 27 26 0 19 5 10 8 14 22 4 
3 10 9 7 0 22 5 13 23 24 14 26 15 8 
4 24 22 12 21 5 6 1 7 23 29 0 19 25 
15 22 14 19 6 3 12 18 25 28 0 4 23 29 
22 24 15 20 7 6 3 2 1 8 12 13 0 11 
14 29 5 16 13 6 25 24 0 2 28 27 22 26 
12 15 11 0 13 27 24 21 23 19 16 3 7 5 
1 10 19 8 26 24 5 15 0 22 9 27 2 7 
1 24 20 8 13 0 9 6 10 26 21 18 23 14 
22 12 7 13 4 1 27 3 20 19 21 17 0 16 
24 21 23 20 16 12 6 28 29 11 9 5 2 0 
26 21 5 18 19 15 22 6 29 28 17 0 10 16 
20 27 0 22 15 26 1 29 6 28 17 14 9 16 
4 3 15 0 17 26 13 27 19 6 21 18 22 28 
24 3 28 11 8 0 22 23 7 1 26 13 25 15 
25 12 27 23 19 21 15 18 2 10 0 13 24 29 
1 7 8 11 24 10 0 4 13 2 20 12 9 22 
0 19 1 3 25 11 10 4 12 24 7 27 14 6 
28 16 8 22 23 9 4 29 19 26 11 0 14 13 
28 8 9 18 13 17 10 7 0 15 6 2 19 20 
3 7 12 2 6 9 18 11 22 25 29 23 24 0 
29 16 22 15 14 26 8 27 0 1 5 19 13 9 
24 19 20 15 25 18 0 9 12 6 29 13 11 27 
26 27 2 13 7 28 14 19 21 6 0 3 9 5 
16 19 0 25 14 5 3 6 13 12 27 10 2 17 
17 21 5 18 0 7 16 2 13 24 28 4 3 14 
29 11 0 15 1 2 16 18 13 10 5 26 6 22 
18 4 7 16 17 22 20 0 8 26 5 11 27 28 
17 1 14 22 7 16 3 20 23 2 26 0 25 21 
6 0 22 2 26 23 24 19 21 4 3 9 17 11 
27 5 0 10 19 1 18 17 25 29 2 11 26 3 
11 13 0 15 9 23 21 14 10 22 20 8 27 12 
1 25 16 10 5 29 15 0 2 12 20 28 7 4 
14 0 3 12 26 15 17 16 29 1 27 7 4 2 
25 19 17 2 20 14 12 28 18 1 27 16 23 0 
5 2 20 28 0 27 13 3 22 10 23 12 25 17 
6 18 2 3 8 28 7 25 15 10 1 22 29 0 
10 11 15 0 12 22 25 29 18 2 24 13 14 7 
17 0 20 16 11 1 10 6 5 22 3 23 18 28 
11 7 29 2 22 0 23 28 24 10 4 5 1 8 
20 16 19 11 27 22 25 0 6 5 14 12 8 1 
9 0 18 21 10 23 28 14 16 2 19 3 11 25 
16 23 5 15 18 0 2 8 7 12 1 3 20 13 
2 11 21 9 17 28 27 25 0 20 16 19 15 14 
25 20 16 22 24 29 0 7 10 6 4 2 28 14 
17 8 1 0 29 3 25 27 4 7 2 24 15 5 
17 10 28 16 24 13 12 14 20 23 0 21 25 8 
11 5 0 17 1 22 12 28 21 2 26 16 23 14 
0 8 4 15 7 10 1 14 5 11 17 29 16 9 
8 10 20 15 24 3 21 12 22 16 19 0 18 29 
3 25 23 29 4 0 16 1 9 27 6 12 19 11 
27 29 22 0 20 10 13 6 16 5 12 19 11 3 
18 22 0 21 2 1 25 27 26 6 3 17 4 5 
16 21 0 28 27 25 8 2 26 20 12 22 11 4 
9 17 14 20 0 28 26 7 29 4 16 25 19 2 
4 26 0 24 2 14 28 9 12 5 3 21 6 19 
0 16 21 20 3 9 22 7 18 11 24 4 28 17 
8 29 28 6 19 0 12 10 22 17 21 20 25 5 
5 16 0 13 8 6 10 21 12 19 25 18 26 7 
22 4 29 0 14 10 16 24 17 13 18 25 6 28 
10 7 4 23 19 8 0 29 1 27 26 22 2 16 
23 4 26 21 24 3 22 6 8 5 9 29 0 19 
18 23 29 1 0 5 16 12 26 28 17 7 13 22 
3 27 9 4 0 10 13 14 2 16 8 21 25 19 
1 17 0 4 18 12 26 21 13 9 22 19 16 8 
19 9 0 12 15 3 25 7 22 10 29 27 13 5 
24 27 0 11 28 9 18 8 7 5 21 17 4 1 
8 13 14 21 0 5 28 29 18 25 16 2 19 10 
18 0 29 9 27 6 25 8 14 5 2 10 7 15 
21 29 16 22 5 11 12 15 26 7 0 10 23 28 
26 16 23 29 2 27 9 28 4 21 5 8 7 0 
25 7 0 2 11 12 23 10 26 13 19 22 20 29 
28 17 1 23 13 3 9 8 7 10 20 26 0 16 
20 15 13 6 8 2 17 10 29 5 16 0 21 22 
8 0 29 22 23 20 4 7 16 5 24 15 9 2 
0 4 14 24 20 19 2 29 10 22 6 25 5 13 
24 1 13 5 0 23 27 8 20 28 21 2 7 15 
9 14 27 16 21 10 7 11 13 22 12 29 26 0 
8 2 27 16 21 25 0 24 17 23 28 3 4 1 
24 25 5 20 2 17 10 6 11 26 0 12 19 29 
10 24 0 9 2 18 20 19 17 11 6 26 7 28 
14 21 18 26 5 3 2 27 16 17 0 11 25 23 
21 10 1 29 27 12 8 4 19 7 17 25 9 0 
24 2 3 14 11 13 17 4 21 1 27 0 23 28 
1 11 2 25 12 17 0 15 21 7 29 8 19 16 
28 22 9 6 0 23 14 1 24 21 4 16 18 26 
16 8 19 6 25 7 29 4 0 23 24 26 20 18 
13 19 10 22 12 16 3 28 0 4 9 8 15 24 
10 12 0 20 7 15 21 16 14 28 9 18 23 8 
8 7 22 12 6 5 4 13 10 0 3 27 19 14 
1 3 16 8 2 29 4 5 14 15 19 12 0 25 
17 1 21 12 28 29 27 10 26 13 0 2 20 6 
1 16 10 18 29 26 17 0 27 22 4 25 3 11 
10 0 28 6 26 3 11 15 24 9 27 23 5 4 
19 3 26 20 7 2 25 13 21 0 27 8 22 6 
27 8 16 24 1 2 6 19 0 11 17 20 10 4 
19 9 24 14 21 0 4 23 27 20 22 11 25 13 
17 10 11 0 12 6 14 3 25 19 13 23 5 28 
0 29 16 21 2 24 11 25 12 1 20 15 19 26 
5 11 8 0 17 26 21 13 29 9 2 16 14 22 
22 0 28 23 13 19 12 17 18 27 26 9 1 29 
7 10 28 21 0 8 9 25 24 13 3 19 18 5 
0 25 1 5 18 12 19 27 3 28 26 8 13 15 
0 10 11 6 16 23 18 27 3 17 20 24 25 12 
29 25 22 5 0 16 17 13 9 8 4 20 11 26 
0 4 29 9 24 1 20 10 21 23 7 6 2 8 
3 25 28 13 0 1 4 21 29 17 18 24 2 12 
21 4 7 0 29 1 19 17 14 8 26 11 3 6 
3 10 12 16 5 19 0 1 8 23 21 14 2 15 
4 28 26 18 24 11 2 21 23 20 15 0 12 13 
5 24 14 2 0 3 21 17 29 18 10 15 7 20 
18 21 10 12 20 29 2 27 24 0 16 28 4 25 
10 8 22 9 6 13 4 19 18 11 14 23 0 12 
9 22 18 1 27 0 15 6 5 3 13 11 28 29 
28 16 27 17 24 1 7 25 22 11 13 0 2 5 
16 11 19 12 18 0 24 4 6 8 27 5 13 1 
5 24 9 21 15 12 14 3 2 26 28 0 13 23 
13 22 5 15 0 20 25 19 23 7 29 11 18 14 
24 8 22 18 10 1 3 28 9 25 4 15 5 0 
4 27 15 13 20 3 12 18 10 11 25 19 0 6 
12 15 4 26 23 1 7 5 0 17 9 27 28 25 
20 9 24 4 12 15 18 22 21 8 5 1 0 13 
0 11 8 20 22 5 7 3 23 1 14 16 21 25 
0 5 23 11 13 16 15 25 18 8 22 7 20 1 
3 0 11 20 5 16 19 18 7 8 12 2 17 25 
27 28 18 29 9 20 0 16 22 2 8 7 10 1 
13 29 21 3 0 24 8 7 26 28 17 18 5 9 
21 9 19 5 24 14 11 28 7 0 3 29 2 25 
20 4 25 12 1 0 16 9 19 2 17 24 8 7 
11 0 26 15 22 29 14 4 13 5 1 12 23 25 
22 24 14 12 23 3 9 6 28 26 8 0 16 27 
24 3 17 10 13 5 9 14 15 20 16 22 0 28 
28 8 0 21 17 5 26 7 10 19 24 27 14 16 
29 0 1 24 5 10 13 7 26 8 2 9 17 19 
21 18 6 17 19 3 20 13 28 8 10 0 12 7 
28 2 9 17 10 12 19 14 0 26 25 23 27 5 
13 20 22 12 7 10 16 25 21 18 5 26 8 0 
4 16 8 5 12 21 2 22 19 14 0 18 17 23 
