33 27 37 38 20 3 23 6 13 0 31 5 28 14 
11 13 32 22 37 8 23 14 26 27 18 29 17 16 
37 16 28 5 18 27 30 10 9 15 35 21 14 17 
20 32 30 37 26 18 11 2 22 31 3 21 28 24 
8 3 13 28 2 15 38 25 6 39 35 12 5 27 
21 7 16 23 30 34 31 39 5 17 18 8 4 25 
2 0 13 39 27 38 35 33 37 1 6 34 5 30 
39 18 37 1 9 36 22 13 38 28 2 11 5 20 
37 4 12 11 5 30 2 13 8 26 0 29 25 28 
2 27 28 0 8 23 7 34 30 33 6 22 26 32 
4 6 29 7 37 31 8 39 27 13 15 5 17 18 
23 10 21 26 29 6 5 33 3 2 11 37 18 27 
16 33 14 11 10 39 24 0 23 9 18 5 36 20 
25 34 22 12 10 0 30 38 26 39 15 1 29 7 
11 9 37 7 8 30 35 32 34 5 22 31 26 39 
30 37 22 20 7 0 12 4 6 39 8 16 2 13 
39 20 28 23 0 24 22 13 32 38 7 30 15 4 
1 30 19 23 33 17 2 38 10 5 36 25 9 22 
32 8 16 19 18 24 20 25 5 14 35 0 11 34 
1 27 16 33 8 21 11 30 4 31 25 10 12 38 
13 35 27 31 23 6 26 24 12 15 25 18 37 0 
27 1 5 2 28 23 21 24 14 3 29 19 8 32 
27 10 35 5 21 39 4 6 28 12 37 3 38 26 
37 26 13 36 19 11 17 22 10 20 32 3 28 7 
1 33 26 8 28 7 31 34 38 30 9 5 0 10 
4 11 13 24 31 30 22 27 0 34 23 1 39 7 
28 32 22 11 19 27 29 39 0 35 13 34 21 31 
18 38 28 11 31 35 15 32 10 34 30 17 33 14 
38 36 0 11 2 6 32 39 27 16 7 19 18 26 
24 26 25 31 27 30 36 20 9 12 11 18 17 13 
36 0 39 4 26 32 31 3 28 19 17 24 38 11 
5 25 13 20 24 0 4 31 27 2 21 12 14 10 
13 36 15 20 4 3 19 7 37 5 39 8 26 17 
22 35 4 30 15 26 27 9 13 38 36 17 2 11 
17 32 24 4 37 38 1 5 35 7 30 9 11 36 
33 4 32 5 3 20 19 0 16 2 39 7 9 27 
17 7 31 34 29 24 27 23 25 19 28 3 32 1 
11 3 0 27 6 37 20 12 32 17 33 24 21 2 
29 39 33 38 25 27 31 26 13 1 11 3 2 34 
31 19 23 32 21 3 29 24 13 5 7 26 16 18 
34 11 26 1 8 21 33 12 31 9 20 39 15 17 
38 32 10 8 37 2 28 5 21 9 34 3 13 31 
35 30 21 26 28 38 20 33 12 7 0 8 37 19 
29 14 26 24 13 38 35 15 37 30 17 7 19 20 
2 21 29 25 24 19 15 4 22 34 20 27 14 10 
32 16 28 19 6 31 2 23 36 10 13 37 11 8 
23 21 11 22 15 33 30 3 0 20 9 19 5 8 
37 23 22 4 36 2 38 3 30 13 12 10 34 31 
7 19 17 33 12 5 3 1 10 20 39 25 31 29 
13 19 26 2 0 21 15 25 34 32 4 10 5 17 
7 29 2 24 12 5 11 17 13 6 1 22 23 26 
24 12 16 23 20 35 36 29 11 31 30 32 10 2 
7 4 30 28 18 22 32 25 34 2 15 0 31 27 
0 19 29 34 21 31 18 14 27 30 12 1 38 7 
15 28 12 32 30 7 22 13 0 9 27 5 38 21 
34 29 3 33 18 32 9 23 36 35 7 19 24 10 
11 0 37 27 3 25 15 31 29 7 23 22 30 1 
13 20 14 35 21 11 24 7 39 16 4 3 8 29 
12 24 30 7 0 1 32 21 13 15 37 35 25 26 
26 30 36 8 6 19 18 33 3 2 34 32 7 1 
26 10 16 3 28 18 37 12 36 7 19 17 32 15 
22 24 31 9 35 10 12 30 13 0 34 21 36 5 
2 32 30 18 15 17 28 24 7 27 16 36 21 4 
32 30 25 14 26 8 21 12 11 37 17 19 29 31 
8 24 34 39 20 1 29 25 23 18 27 28 19 5 
19 4 23 3 13 11 34 22 39 17 20 27 29 25 
39 24 28 10 34 1 17 33 21 38 23 20 7 32 
7 4 26 19 2 15 3 18 22 17 8 30 16 1 
27 16 5 34 38 37 14 12 21 15 10 3 13 24 
33 12 10 24 30 4 5 13 22 21 25 28 2 6 
0 15 5 22 24 14 20 7 19 30 10 6 32 36 
24 13 14 30 0 4 6 33 31 38 39 37 12 7 
7 13 25 12 38 3 23 18 33 22 9 20 16 37 
0 28 29 22 2 17 35 27 14 33 36 30 8 9 
4 35 12 24 33 13 34 19 15 0 5 39 27 17 
6 28 9 2 35 13 32 27 10 29 26 33 22 16 
0 37 11 36 21 19 32 14 6 39 17 8 2 27 
27 25 10 20 22 12 11 14 21 18 28 7 36 24 
0 6 24 7 11 28 19 13 36 10 33 20 30 23 
18 25 24 28 14 29 6 12 22 19 38 11 9 30 
30 17 13 8 4 31 12 21 28 26 3 32 23 9 
16 21 26 22 38 0 9 25 35 10 19 14 31 5 
6 18 37 29 8 20 30 28 39 23 12 16 34 26 
37 9 30 27 4 8 13 20 5 14 24 21 23 15 
19 37 35 16 0 26 15 8 13 28 17 12 31 7 
35 25 9 24 16 30 20 36 29 19 5 34 38 8 
34 2 7 16 25 13 27 26 29 4 19 22 24 30 
5 31 6 12 9 35 36 4 22 27 17 10 19 15 
29 23 32 30 3 24 7 31 11 2 25 21 15 13 
2 28 29 39 26 31 13 27 30 14 17 21 9 35 
7 15 10 33 2 20 13 18 9 28 34 35 4 37 
10 13 32 36 26 34 14 35 7 8 24 16 12 2 
28 18 7 38 24 5 29 26 4 2 19 30 35 36 
5 33 1 30 15 19 3 22 27 34 12 31 0 38 
20 26 3 22 18 8 6 13 9 17 7 2 24 25 
7 5 25 36 35 32 28 22 9 21 11 6 8 12 
28 20 12 11 5 17 19 36 7 23 3 0 15 13 
9 17 23 33 13 36 35 38 31 7 26 37 34 11 
10 5 25 3 18 34 11 20 27 39 15 28 31 30 
31 15 19 13 29 8 20 38 27 18 3 24 6 36 
1 38 34 8 2 21 35 36 6 10 23 18 31 26 
36 13 33 9 15 10 4 31 32 22 17 21 2 30 
3 30 11 23 19 16 8 31 17 33 24 36 20 22 
14 1 22 15 9 34 17 28 20 21 6 32 39 10 
17 25 2 31 30 28 37 20 6 15 36 39 33 9 
26 15 21 14 5 38 35 0 12 8 7 10 25 16 
33 27 31 24 19 0 13 26 14 3 32 8 9 15 
15 25 24 35 3 16 20 4 22 2 1 7 29 31 
14 0 6 9 21 7 24 4 36 37 1 30 12 8 
23 25 11 38 35 14 18 1 33 20 10 26 19 6 
18 11 29 5 38 7 22 1 26 30 39 9 4 35 
18 24 1 20 5 11 35 27 33 37 4 38 8 3 
0 12 34 17 38 14 26 30 13 22 11 25 2 29 
4 30 20 39 27 15 26 29 25 36 19 22 12 16 
25 8 15 35 39 5 37 36 27 19 0 30 11 1 
9 4 13 0 12 5 35 28 16 11 17 33 1 14 
37 19 9 4 30 33 34 7 14 5 0 16 1 17 
15 17 8 0 28 25 7 11 5 14 18 27 38 12 
31 21 30 0 14 22 38 7 23 35 29 27 25 2 
24 4 18 25 12 16 17 21 15 37 3 31 33 10 
25 14 26 8 35 37 21 11 6 2 39 20 34 31 
0 4 19 6 1 36 13 22 24 7 39 26 29 20 
31 37 9 20 19 21 38 15 34 3 35 5 12 10 
11 31 29 18 30 38 0 32 26 21 25 16 22 28 
21 31 20 28 4 23 30 8 35 39 38 36 1 26 
2 0 17 12 30 10 11 29 26 1 24 19 25 39 
37 21 27 34 13 30 31 32 20 2 9 3 26 29 
3 12 2 4 33 38 0 1 19 13 11 15 34 21 
28 25 13 24 39 27 19 14 16 32 37 6 5 21 
24 38 21 29 11 1 37 6 16 22 0 31 35 27 
25 6 21 30 36 19 5 26 17 33 23 10 0 2 
36 25 7 13 35 1 3 20 30 15 27 5 31 2 
29 39 4 17 1 21 30 34 11 23 0 33 3 24 
8 23 27 36 22 37 32 28 3 33 30 7 26 34 
36 7 8 35 38 18 5 0 29 2 20 11 13 6 
30 21 0 33 7 36 24 16 12 13 18 2 19 31 
3 1 38 6 4 25 22 33 21 8 19 37 26 17 
30 28 38 36 14 31 15 27 17 19 29 18 21 11 
5 21 25 32 0 19 20 16 22 1 4 11 37 31 
4 36 2 39 31 1 27 0 20 16 24 26 17 22 
28 36 37 13 25 0 15 30 1 24 16 34 20 19 
36 20 24 28 3 15 10 23 19 31 14 9 8 5 
30 6 2 34 31 5 35 0 23 32 18 22 37 27 
1 29 16 0 39 4 30 3 2 14 17 5 36 15 
22 3 1 14 10 5 6 37 26 33 9 21 34 25 
4 37 33 39 18 14 13 25 22 28 10 23 35 21 
9 33 35 39 12 31 13 2 11 27 19 3 38 28 
38 5 20 6 18 37 7 2 14 30 3 26 8 12 
16 25 34 8 13 7 2 32 27 28 10 17 33 26 
18 21 37 35 7 30 4 22 29 33 28 14 13 26 
16 31 19 14 3 34 23 28 38 10 12 30 9 36 
7 0 17 2 18 14 30 31 21 16 33 25 34 27 
20 39 13 24 31 15 16 19 3 27 1 30 26 11 
28 4 3 21 14 17 31 1 0 39 33 37 36 26 
8 3 15 36 38 26 12 37 6 17 2 29 0 20 
5 33 39 13 21 29 23 12 32 8 2 31 3 11 
39 4 7 24 8 32 29 3 10 18 2 13 20 37 
16 27 1 10 32 13 33 11 18 38 26 22 12 19 
29 14 35 37 9 19 28 15 2 34 24 31 8 25 
6 12 10 31 7 0 25 9 29 39 38 18 5 4 
28 22 14 39 5 34 0 24 19 1 3 37 36 23 
5 0 25 19 1 37 8 28 17 36 2 16 13 21 
10 26 38 6 0 2 30 15 28 37 19 25 4 34 
22 32 17 28 30 11 4 37 18 15 0 1 38 19 
18 11 2 39 31 15 37 32 14 17 5 13 0 28 
34 13 35 14 30 37 39 36 16 7 18 21 2 24 
30 36 37 13 38 1 26 19 6 28 32 33 22 21 
2 18 0 32 26 35 9 15 5 25 6 34 14 31 
20 33 13 21 0 27 36 35 37 1 8 5 9 17 
20 39 10 38 8 21 12 34 30 1 36 13 25 23 
6 33 1 17 31 26 14 24 22 25 12 9 30 10 
18 3 7 30 15 35 32 28 12 20 8 27 1 33 
21 9 17 8 34 19 15 30 1 16 35 38 4 12 
20 8 21 6 28 3 31 10 29 11 13 24 27 32 
38 11 23 39 33 12 20 17 15 6 16 21 3 9 
39 1 11 27 10 28 4 37 3 36 24 34 13 38 
19 18 0 7 13 5 25 31 36 33 9 2 10 29 
31 36 23 30 28 39 1 7 21 26 22 20 12 19 
32 15 9 18 14 30 7 39 35 31 5 37 36 2 
16 15 4 30 13 21 33 22 0 12 10 25 8 28 
29 19 17 34 21 38 26 5 36 27 14 32 7 8 
24 26 33 19 2 17 0 12 5 16 37 1 20 6 
29 37 6 27 20 9 24 35 11 10 5 38 26 19 
34 13 6 24 5 18 37 27 1 20 7 25 36 31 
30 17 20 13 14 32 0 6 5 1 7 26 4 12 
7 0 39 25 10 23 17 29 3 2 27 13 8 9 
31 24 14 37 38 6 30 2 0 34 1 22 17 23 
13 1 36 14 25 33 19 16 22 34 8 24 18 2 
39 34 16 12 8 2 18 19 11 26 21 36 25 30 
32 39 4 31 9 6 10 17 34 13 0 2 22 18 
16 21 25 6 19 23 34 39 30 15 37 27 28 10 
39 30 13 11 23 3 12 34 33 17 16 9 36 4 
20 6 16 13 29 30 1 27 31 15 38 39 17 18 
3 12 29 28 11 2 33 21 0 5 6 20 36 22 
13 17 34 11 19 33 28 2 1 38 18 14 4 22 
19 16 17 33 3 20 35 15 28 21 4 25 9 26 
32 18 3 15 39 36 20 30 27 28 1 29 25 38 
20 13 24 19 15 25 28 29 16 22 37 3 2 26 
15 14 16 28 24 3 23 18 4 13 38 17 1 11 
26 17 32 33 0 31 35 22 19 1 7 39 27 38 
26 20 8 21 35 12 33 7 25 4 39 22 2 3 
16 3 17 4 27 5 22 36 18 2 26 21 19 0 
19 0 25 22 38 18 13 30 3 29 20 35 2 6 
35 22 27 16 12 29 14 18 38 33 13 31 24 26 
4 6 23 0 39 20 14 34 13 26 5 28 17 35 
29 24 9 34 28 13 10 30 38 14 27 39 6 4 
12 33 38 24 27 17 18 25 8 32 2 19 1 21 
32 38 12 39 35 26 33 29 28 8 5 10 20 18 
26 11 38 10 7 25 37 20 19 18 23 0 6 32 
11 31 39 32 35 8 21 22 25 28 15 19 20 16 
36 8 14 7 31 22 6 28 39 2 3 32 17 21 
12 31 7 4 5 3 32 8 38 39 11 1 29 0 
12 13 32 35 20 5 21 11 4 29 10 9 34 19 
17 12 27 32 21 5 15 37 28 25 8 10 29 13 
37 6 7 26 2 24 15 38 25 22 31 5 23 39 
12 26 34 25 33 31 18 17 0 6 39 2 22 13 
36 6 12 22 17 27 3 24 38 32 25 4 2 30 
4 35 28 30 34 19 11 23 14 8 6 1 33 22 
1 13 25 4 37 29 31 30 11 32 27 39 17 34 
33 39 27 21 29 13 8 23 14 5 7 26 6 12 
14 35 28 11 12 8 4 26 15 10 9 33 38 37 
15 23 29 11 21 0 25 27 38 31 19 20 9 37 
22 34 36 13 3 37 31 35 16 7 32 10 29 5 
11 24 14 35 31 4 37 9 6 23 21 2 16 34 
33 14 27 36 22 0 31 26 13 11 28 2 7 19 
14 10 37 38 16 28 7 19 5 39 32 8 23 24 
24 8 9 18 13 11 37 23 30 4 12 5 35 38 
32 14 24 18 2 10 1 3 31 28 33 29 30 25 
26 25 4 1 22 36 30 12 23 32 5 37 11 28 
4 23 18 16 9 28 29 21 13 37 25 0 7 34 
1 7 13 4 6 25 35 26 32 14 19 37 24 2 
6 26 10 19 36 34 12 37 31 9 13 15 18 24 
39 31 28 30 35 19 29 27 2 4 7 23 33 11 
14 13 34 20 22 12 24 17 6 30 29 10 9 38 
15 11 36 39 30 0 38 13 19 6 12 7 2 17 
37 16 33 14 29 20 22 39 17 36 38 27 25 5 
34 10 19 4 1 2 0 29 11 32 9 39 30 23 
33 7 24 30 1 16 28 19 25 3 0 11 20 5 
19 8 27 25 20 37 23 21 12 32 7 28 1 2 
28 0 26 10 17 24 16 9 20 18 7 3 21 6 
16 12 24 21 15 27 20 4 35 30 0 8 28 38 
4 3 30 28 37 12 38 9 33 17 16 36 39 5 
29 13 28 11 25 3 27 12 6 36 8 17 37 26 
23 12 15 8 14 30 22 29 9 38 10 37 2 1 
21 18 4 13 34 20 29 27 15 11 8 36 12 3 
26 29 12 39 11 18 0 28 3 9 10 36 4 33 
9 30 14 32 8 18 36 34 2 39 22 23 6 31 
25 16 14 37 17 39 35 22 29 13 23 5 2 0 
25 8 17 11 0 37 36 30 32 23 18 15 28 22 
16 35 24 34 23 14 9 21 33 26 18 36 31 2 
11 34 32 38 2 35 4 25 5 0 18 21 39 16 
9 15 1 21 17 2 11 13 5 33 0 18 3 30 
29 4 1 7 33 13 12 22 19 27 14 0 36 2 
9 32 38 27 26 30 13 11 17 35 16 20 25 23 
11 38 3 15 19 26 20 29 0 33 4 22 12 5 
26 38 36 3 15 39 16 2 30 25 6 28 23 5 
17 14 4 15 3 32 8 10 18 19 30 26 12 27 
8 21 30 12 15 3 22 31 2 14 19 7 35 34 
21 16 3 0 15 33 30 11 34 23 31 13 27 9 
36 20 34 12 25 7 13 0 19 27 18 3 30 17 
19 20 16 29 11 25 1 9 22 17 28 13 38 33 
8 21 31 28 15 10 14 19 34 33 9 39 27 37 
1 36 30 19 2 27 15 22 5 21 34 39 13 37 
11 3 19 30 15 34 4 23 22 32 38 12 28 1 
32 26 31 22 15 14 19 16 20 10 25 23 29 33 
17 36 31 5 33 13 39 28 9 24 1 26 2 0 
37 5 18 23 30 16 29 39 24 28 25 7 1 22 
37 12 23 13 1 20 4 14 28 26 31 29 17 33 
30 1 31 22 5 36 26 23 11 15 3 14 32 16 
34 26 19 13 31 10 14 32 35 16 38 8 37 27 
34 31 12 22 7 35 3 38 14 30 20 0 29 28 
26 0 33 7 36 9 25 21 18 3 13 10 2 35 
15 39 34 24 9 20 31 19 38 10 3 30 21 4 
24 36 30 37 2 1 32 9 25 23 22 10 15 20 
24 6 10 8 0 23 7 14 4 29 30 13 36 17 
4 32 24 2 8 25 23 12 16 13 6 11 27 31 
34 37 22 33 7 25 1 21 12 28 26 38 16 18 
12 21 15 18 37 13 10 33 5 8 16 20 24 36 
20 24 5 12 21 9 4 18 38 2 22 32 10 19 
9 33 38 21 34 7 8 23 26 39 36 11 28 16 
30 23 34 10 31 20 32 19 15 24 38 37 28 36 
11 4 21 0 24 15 5 7 35 3 12 38 25 2 
29 26 27 39 7 19 37 20 11 16 10 21 24 38 
39 8 33 35 28 0 21 27 2 7 29 30 18 36 
26 14 29 38 39 28 13 23 4 19 6 12 34 33 
14 21 10 37 35 25 36 39 11 32 0 38 24 2 
25 29 9 20 21 38 31 6 5 36 33 4 28 39 
13 16 5 31 0 26 23 8 35 17 3 2 28 22 
1 25 7 26 23 30 37 15 22 9 35 0 11 2 
36 27 10 4 3 20 1 24 19 6 9 17 25 37 
5 1 9 19 17 27 39 12 14 32 6 33 13 0 
0 24 33 18 26 27 4 22 36 17 37 8 34 35 
25 16 8 37 34 4 15 24 12 35 31 5 14 21 
5 19 6 39 14 36 24 10 7 23 33 2 35 0 
36 28 38 1 13 22 34 24 33 31 10 29 3 39 
19 16 38 39 1 10 36 6 26 23 21 2 9 29 
23 15 17 29 0 19 18 34 24 1 26 39 9 6 
30 36 0 34 32 8 28 17 37 29 22 12 9 16 
1 27 22 8 37 16 12 35 2 25 26 5 33 17 
34 18 16 19 36 4 28 2 38 23 14 15 5 11 
16 0 19 20 24 31 14 18 28 30 9 12 21 22 
35 22 20 3 11 17 12 10 14 23 19 5 18 33 
28 38 8 35 15 1 21 12 32 27 19 16 11 10 
26 22 10 2 37 23 4 36 21 35 14 11 33 28 
37 5 22 16 7 4 38 9 39 18 20 19 26 36 
27 3 10 34 18 4 23 30 17 16 5 14 19 24 
31 26 4 19 29 34 25 10 36 11 13 1 22 33 
7 23 16 9 39 10 38 28 12 27 25 30 20 11 
7 11 39 32 25 6 10 12 24 5 20 34 38 21 
26 28 8 39 7 36 21 33 24 31 9 35 18 13 
39 38 1 28 3 34 23 19 0 2 9 16 12 8 
28 39 8 5 7 31 12 16 38 2 33 1 21 9 
6 31 14 20 7 29 22 9 35 15 0 5 8 17 
1 19 24 9 36 21 37 18 31 13 2 15 14 25 
37 2 36 39 14 29 3 12 11 24 27 26 20 21 
3 37 33 39 5 8 7 34 1 35 11 30 26 27 
15 37 35 20 10 36 29 7 2 27 19 12 31 4 
0 1 2 3 23 17 39 8 35 13 5 19 18 20 
0 2 10 11 34 27 19 33 25 15 6 12 7 37 
39 32 10 25 34 0 35 13 1 18 12 37 14 33 
15 6 18 9 30 20 28 1 16 3 12 17 10 24 
24 13 39 15 11 9 34 0 16 27 8 25 36 28 
33 23 32 19 11 8 4 6 7 16 1 25 29 34 
22 4 21 2 10 29 1 31 19 36 34 20 12 9 
18 2 4 15 0 35 8 36 3 1 13 19 14 27 
9 19 17 33 26 37 3 39 7 32 5 2 14 21 
2 23 34 21 1 12 9 25 20 31 36 16 30 39 
17 5 0 39 6 28 20 37 29 21 12 3 4 7 
18 3 39 22 24 0 28 14 35 6 25 2 13 5 
22 1 17 2 21 10 33 9 34 6 4 11 8 15 
21 9 4 12 28 16 0 27 34 22 18 15 19 39 
5 3 2 20 13 22 33 30 36 31 28 15 26 19 
25 33 38 27 10 1 28 32 3 18 2 37 35 26 
5 32 1 16 33 36 8 37 35 28 38 9 13 26 
16 17 12 29 8 7 14 38 33 31 19 21 32 37 
28 7 1 19 34 6 16 17 31 35 33 37 39 32 
22 14 13 3 7 2 23 9 33 38 15 29 18 32 
39 19 16 0 31 27 21 4 38 14 36 28 7 10 
4 5 12 6 36 19 10 21 34 0 33 27 16 14 
7 21 24 9 25 28 35 34 3 14 0 11 20 29 
36 20 22 31 6 35 21 16 39 23 37 10 13 24 
21 17 4 1 15 29 30 33 20 34 32 7 0 10 
16 37 1 31 11 22 17 3 27 13 10 33 2 18 
19 17 1 8 31 10 11 3 28 0 34 16 2 25 
26 30 33 15 24 2 13 29 34 37 17 9 21 5 
22 37 35 5 26 9 10 38 14 3 7 28 1 24 
36 1 9 6 39 35 29 37 30 13 4 23 25 27 
0 7 27 18 25 5 14 10 15 9 36 11 32 20 
6 17 10 14 31 12 39 28 7 27 1 8 18 25 
21 20 31 8 39 0 19 28 16 25 10 12 33 2 
16 24 34 13 20 25 1 7 17 6 10 0 11 27 
26 5 11 15 32 8 28 1 34 29 7 33 37 38 
25 17 22 36 38 35 2 10 37 31 30 4 26 28 
36 19 8 6 5 35 33 18 16 7 34 11 1 14 
39 27 8 15 16 24 38 28 32 36 0 29 7 30 
20 6 23 27 19 36 5 14 21 12 39 35 8 11 
31 5 36 7 8 15 32 39 38 37 20 30 24 1 
21 37 6 30 38 12 36 22 5 17 7 2 35 11 
22 14 35 0 24 21 27 36 20 38 34 6 25 37 
7 4 10 11 32 12 23 35 9 24 39 18 34 31 
5 23 21 24 19 0 34 8 4 3 10 28 32 2 
4 20 8 34 12 37 5 27 3 22 30 17 28 19 
32 23 38 27 29 20 35 1 14 18 7 30 6 19 
1 33 25 35 14 31 15 24 7 3 17 16 8 21 
14 36 26 39 11 3 34 22 2 38 13 9 24 28 
26 9 21 37 15 30 39 16 7 28 5 3 0 13 
1 6 25 2 26 24 7 3 18 32 34 28 8 12 
0 25 26 7 11 33 28 29 37 32 3 6 35 36 
19 31 37 35 3 20 14 33 7 21 11 28 22 10 
31 4 32 9 34 15 13 35 21 20 39 16 23 19 
15 29 5 12 17 7 11 25 19 35 0 39 3 24 
27 30 29 34 8 28 1 32 24 9 38 19 26 22 
16 27 24 20 9 39 4 2 18 30 15 25 21 11 
37 31 8 29 34 36 30 32 17 38 26 14 12 18 
29 26 38 28 12 10 17 11 0 31 34 13 37 18 
15 9 33 28 2 5 12 4 36 31 11 29 34 13 
12 19 31 1 30 21 15 20 6 9 25 16 23 32 
26 27 1 20 37 23 13 8 2 11 4 24 6 3 
1 24 9 26 32 18 20 36 21 37 19 16 14 23 
38 20 32 7 30 26 17 14 13 21 4 10 18 22 
37 7 18 12 6 15 3 34 1 0 29 32 25 33 
14 35 16 9 32 24 20 33 17 25 13 2 11 6 
36 1 24 11 2 23 19 5 34 29 32 25 26 30 
18 9 33 39 2 8 32 19 0 22 25 36 10 38 
30 7 19 36 1 5 20 39 21 14 15 24 26 13 
21 28 6 16 29 22 2 5 12 35 23 18 38 19 
29 25 23 18 19 15 34 26 5 20 39 4 30 2 
9 16 24 10 27 39 15 5 33 29 2 19 1 3 
22 11 3 37 20 31 14 32 27 17 9 39 2 38 
26 11 9 7 36 4 23 6 25 0 20 35 28 2 
6 4 13 18 21 14 8 12 26 28 19 23 38 33 
26 15 0 17 12 36 39 33 2 38 4 16 9 14 
31 24 25 0 9 23 28 32 36 1 4 8 16 21 
34 17 0 23 13 32 7 8 26 15 24 2 31 16 
8 18 26 30 3 11 19 28 4 34 29 16 27 33 
8 24 14 38 21 25 22 37 36 23 1 39 13 28 
27 31 24 34 19 11 12 17 10 39 28 14 29 20 
4 18 36 22 21 8 15 6 25 2 30 0 20 23 
2 38 37 33 8 15 23 24 11 19 28 14 35 29 
21 24 2 32 0 27 35 17 19 26 11 28 34 8 
13 10 3 15 35 11 32 7 18 21 25 23 36 16 
19 11 14 21 5 13 6 38 22 31 12 37 17 33 
32 16 29 20 26 9 27 5 21 17 13 23 10 39 
15 25 19 5 29 33 1 10 6 26 34 0 30 4 
16 23 3 38 14 27 36 25 17 8 34 26 20 24 
21 30 29 7 32 4 37 18 19 38 26 22 17 33 
16 35 34 3 9 33 8 32 11 17 15 10 4 22 
6 33 19 1 16 35 0 38 25 23 2 26 22 18 
31 7 27 30 4 38 22 14 28 23 24 29 35 25 
6 26 34 24 8 22 31 18 28 12 29 38 19 37 
34 15 4 36 0 33 11 14 8 2 32 3 24 37 
36 3 25 20 16 23 6 11 37 33 18 19 12 39 
9 14 8 23 35 13 27 26 22 7 37 3 33 11 
15 18 10 20 14 31 25 19 8 36 12 30 33 0 
35 15 18 10 8 2 23 33 25 24 5 28 22 6 
3 13 15 39 35 5 30 27 32 33 8 0 20 17 
33 39 17 6 27 8 19 7 23 0 5 29 30 38 
32 27 38 8 33 10 5 16 22 26 1 34 30 25 
33 29 9 34 0 22 14 35 17 5 2 27 37 20 
9 7 14 26 25 13 38 35 23 32 39 31 18 3 
6 0 32 25 26 24 1 15 18 8 34 20 23 38 
24 11 31 19 33 29 0 27 20 9 35 6 12 37 
14 3 28 1 20 8 15 39 22 23 36 18 27 5 
30 37 27 31 14 38 4 26 13 0 36 17 7 33 
6 8 5 32 26 0 12 27 24 13 36 3 33 21 
17 20 37 7 36 3 13 22 4 5 23 24 2 16 
26 32 15 28 21 17 0 13 7 29 25 12 39 3 
22 30 7 35 17 10 0 21 34 3 6 25 8 32 
15 21 9 17 18 24 0 25 30 38 39 37 13 10 
4 11 24 5 9 38 25 12 39 35 10 13 21 2 
18 35 25 16 36 2 15 39 23 6 5 26 32 1 
1 11 9 26 12 14 15 19 21 22 17 38 32 8 
32 20 38 2 19 4 36 24 15 27 28 17 21 26 
33 16 6 3 0 22 2 23 29 38 10 17 28 14 
33 11 1 30 25 14 20 7 0 12 2 27 5 15 
15 7 2 1 12 22 18 4 19 28 35 38 0 3 
8 31 10 21 9 22 0 20 39 33 11 2 18 17 
29 0 30 37 19 25 18 5 38 4 24 17 13 23 
33 11 28 32 17 29 19 36 12 20 5 0 4 6 
8 37 28 21 10 33 11 38 3 26 7 4 18 13 
2 8 34 17 14 13 37 5 11 33 4 27 24 6 
17 37 7 10 6 9 5 21 39 35 38 29 13 20 
8 28 9 29 14 24 10 38 11 16 25 39 27 26 
33 20 30 31 35 28 0 4 8 25 32 26 14 11 
1 27 17 13 9 34 0 20 12 23 31 36 24 38 
38 21 17 23 30 16 34 15 33 0 25 1 8 36 
12 38 10 28 21 35 30 5 36 6 27 39 14 20 
27 17 23 8 1 36 29 39 15 2 22 33 38 0 
4 22 13 15 16 12 30 7 11 14 27 24 17 38 
19 30 31 26 11 15 6 28 34 7 9 39 33 3 
17 34 31 23 2 1 22 6 38 27 28 14 37 25 
4 5 2 36 38 13 1 32 37 33 31 24 28 6 
34 22 0 13 35 37 26 17 28 18 29 20 19 5 
18 15 27 29 21 16 6 30 31 39 7 22 35 11 
15 32 25 27 19 6 23 28 11 7 4 33 18 2 
34 22 12 11 31 15 5 30 32 28 3 17 37 38 
38 21 19 33 32 8 36 37 14 5 20 18 23 4 
12 37 8 24 9 5 7 20 27 2 14 21 15 25 
7 33 13 27 23 19 5 31 36 24 8 22 11 16 
2 5 38 6 8 17 31 24 27 33 15 20 0 18 
5 8 10 11 26 18 14 33 0 7 25 30 20 23 
13 3 39 35 11 2 8 32 29 36 16 28 1 34 
19 9 31 21 2 26 29 27 16 11 4 18 33 6 
12 21 14 38 24 27 28 2 0 22 13 23 30 32 
31 38 25 6 14 2 13 29 26 24 16 9 23 5 
28 35 6 27 33 4 23 26 38 32 1 17 8 39 
16 4 26 29 33 17 13 28 19 36 15 14 24 12 
31 17 19 4 7 30 0 6 11 39 1 14 21 33 
3 19 34 6 18 28 37 5 27 20 30 4 10 22 
14 26 0 12 28 10 36 33 2 18 7 32 3 25 
0 3 9 30 39 27 13 8 36 22 24 10 23 6 
16 5 38 6 22 34 25 14 17 10 27 39 4 35 
1 19 35 37 15 22 21 8 27 39 7 38 30 25 
0 24 2 8 11 38 26 18 39 10 3 27 25 29 
4 16 24 29 20 37 0 31 8 7 17 32 35 2 
35 3 27 12 6 28 38 39 7 2 15 21 19 0 
38 3 22 33 15 6 16 20 21 35 24 29 10 9 
7 1 6 36 10 9 0 13 8 30 14 5 33 27 
27 13 32 22 25 26 6 37 11 17 2 31 4 0 
7 35 22 2 34 27 30 5 9 32 3 33 19 1 
18 28 34 12 37 5 4 35 21 14 29 10 38 6 
9 10 4 8 39 30 20 37 5 1 34 21 19 32 
0 27 14 3 10 12 36 35 20 34 24 38 32 2 
21 37 30 6 22 24 18 16 27 9 34 38 7 17 
9 38 19 15 6 26 4 37 14 13 34 2 0 21 
22 23 6 19 16 3 36 37 17 18 24 2 10 1 
9 12 22 14 20 27 23 13 19 6 26 2 16 24 
35 2 16 30 3 34 18 24 6 19 26 8 5 9 
6 26 7 37 16 31 2 5 38 10 20 24 13 34 
30 31 26 35 39 18 17 21 2 22 4 15 13 1 
33 20 14 12 9 30 10 29 23 31 18 3 17 37 
28 3 22 12 7 38 17 15 21 25 11 30 29 36 
32 38 20 29 9 4 31 28 2 30 23 17 34 36 
23 34 15 39 36 37 12 30 1 10 8 5 25 19 
28 30 20 31 22 16 36 4 19 35 34 3 24 0 
14 33 0 34 28 17 22 35 27 19 25 3 10 37 
25 21 29 26 17 16 5 15 37 35 19 9 13 4 
27 30 39 7 8 24 15 18 25 26 20 0 9 34 
9 35 36 10 6 14 26 37 8 27 24 30 17 21 
14 28 7 0 39 24 22 17 26 29 25 6 2 11 
18 23 15 30 29 8 22 9 28 24 37 6 27 26 
2 4 26 39 14 21 34 27 29 6 22 15 32 13 
32 12 21 1 5 14 0 39 22 28 36 23 16 8 
28 25 13 4 24 9 15 16 27 20 14 5 33 10 
16 3 2 6 18 31 35 34 12 25 36 37 30 21 
36 15 7 18 39 6 3 19 28 8 4 27 9 5 
38 33 30 18 20 10 27 34 12 11 35 39 5 14 
2 27 7 20 4 21 23 15 29 31 1 3 6 17 
24 0 22 32 15 14 30 28 2 25 6 39 23 19 
17 25 11 15 37 18 5 2 12 30 3 33 38 36 
0 13 29 37 15 35 26 7 21 27 20 16 8 9 
12 31 36 3 29 19 24 30 10 25 21 14 9 22 
20 6 17 13 4 30 33 26 11 15 5 36 12 9 
28 13 21 1 32 34 4 25 27 10 5 20 29 26 
14 22 1 38 34 9 20 16 17 25 12 13 10 24 
19 12 8 35 38 33 25 0 13 32 18 5 4 3 
31 7 15 14 27 4 34 35 38 5 6 24 22 37 
38 34 5 3 25 15 4 0 8 32 33 12 29 2 
34 39 7 32 18 10 13 3 5 9 1 29 25 2 
29 39 21 33 28 10 14 38 36 23 13 24 4 15 
34 9 23 31 1 13 27 32 28 39 15 4 2 37 
29 1 14 36 17 23 37 35 22 31 0 21 4 28 
3 26 7 11 37 6 24 31 21 36 2 5 38 39 
32 9 0 3 33 39 28 17 18 26 22 14 13 27 
5 37 30 1 9 24 6 32 14 16 8 20 29 33 
1 17 20 29 21 5 9 24 26 38 37 27 39 34 
22 24 10 8 2 37 34 1 23 7 28 19 13 3 
32 28 31 7 1 38 6 10 5 36 26 16 18 3 
39 3 18 37 5 8 32 0 12 16 30 4 7 29 
28 5 11 2 39 16 27 1 0 19 18 15 14 13 
15 10 8 5 20 7 26 25 12 34 39 17 37 14 
35 28 4 5 25 6 14 39 8 36 38 12 31 26 
22 12 11 33 2 19 31 29 7 36 17 30 37 14 
15 13 39 38 28 18 5 23 25 37 17 16 3 24 
37 17 6 9 39 34 22 0 18 38 29 33 2 5 
11 18 19 21 22 26 23 14 29 0 8 1 12 35 
19 12 5 36 13 27 15 21 34 0 28 10 8 39 
31 24 39 36 0 7 1 11 14 28 35 4 3 21 
27 14 25 26 24 20 0 36 7 37 39 30 3 13 
16 14 8 30 25 32 26 31 27 33 34 7 21 13 
26 14 39 12 3 7 2 34 5 10 9 36 13 16 
10 2 17 12 33 5 4 1 11 26 31 23 30 34 
25 9 30 18 16 33 13 35 1 23 14 27 17 2 
5 18 8 30 11 33 10 36 1 28 22 23 25 3 
29 5 1 22 33 23 27 14 17 34 11 6 0 9 
11 34 3 10 35 39 38 33 28 12 14 17 20 2 
20 3 31 10 7 39 33 30 13 5 32 8 2 19 
29 13 30 34 36 10 16 3 11 5 0 22 20 14 
7 26 3 22 35 36 29 18 12 0 32 10 38 39 
38 0 21 30 15 22 2 5 29 18 9 35 27 19 
3 25 30 5 33 6 16 9 4 35 23 31 15 10 
9 7 12 1 32 38 30 22 31 8 4 0 23 19 
22 17 2 31 33 10 0 18 7 39 16 23 29 11 
36 20 32 9 37 29 27 19 30 13 16 22 26 38 
3 29 2 33 20 7 11 39 23 27 13 38 18 25 
26 10 37 23 18 5 15 32 1 34 4 30 39 3 
5 19 24 39 36 18 33 0 20 37 34 22 38 15 
3 16 37 4 31 7 27 1 29 38 17 28 23 8 
13 25 17 10 34 1 33 11 5 24 12 30 36 29 
21 2 16 6 26 9 31 0 5 24 23 8 35 4 
32 18 10 6 17 13 4 11 3 0 19 23 38 30 
18 38 32 10 24 25 27 37 13 4 28 31 22 15 
15 32 10 24 29 2 14 37 31 6 35 36 18 33 
31 14 12 16 11 35 39 29 8 5 6 38 19 1 
27 34 8 31 3 37 13 35 1 38 29 7 16 36 
37 12 27 15 16 26 29 8 9 10 2 31 35 7 
25 17 0 12 8 14 6 37 32 1 7 36 27 19 
33 32 24 5 30 10 26 36 29 2 6 39 0 21 
8 37 35 31 1 0 20 38 10 15 19 28 13 7 
15 5 14 4 2 20 6 25 37 16 29 30 19 35 
38 7 8 33 3 12 0 31 6 36 26 13 16 19 
14 27 16 33 20 38 10 25 31 12 35 24 17 4 
21 16 13 34 12 7 28 2 33 38 4 11 30 5 
11 10 0 16 26 3 22 19 37 38 28 21 27 30 
33 8 32 3 15 26 21 13 10 29 30 34 31 27 
13 15 9 31 34 35 25 20 19 11 10 21 28 39 
3 20 7 36 27 0 29 5 1 26 39 8 16 32 
31 25 11 5 39 20 34 6 14 35 29 32 18 10 
37 25 39 3 36 12 34 23 35 33 27 13 5 31 
12 15 30 19 22 33 6 16 11 2 37 17 3 28 
8 21 37 35 28 10 34 2 3 36 27 9 31 16 
1 8 36 29 17 13 27 2 3 15 14 35 21 4 
2 32 11 30 26 1 3 24 39 13 28 0 18 10 
0 15 38 20 33 25 19 16 34 8 9 26 22 21 
15 11 14 28 19 29 32 3 37 10 9 8 4 20 
29 0 24 1 23 10 5 22 15 37 8 35 13 14 
32 2 7 12 6 39 31 14 15 27 8 34 3 21 
17 6 32 38 3 0 37 35 20 30 33 2 19 9 
14 21 36 31 27 4 29 5 24 13 16 15 6 0 
7 19 27 17 22 0 15 2 33 36 24 18 13 34 
28 12 31 10 9 4 7 19 39 27 32 15 38 24 
30 5 36 22 37 21 39 31 4 6 14 0 32 16 
13 16 29 15 2 24 5 22 21 0 37 31 8 25 
13 6 28 38 2 35 17 26 30 25 37 20 9 1 
0 25 38 26 15 17 32 34 31 3 13 12 4 35 
24 34 22 0 25 1 31 37 15 28 23 12 5 2 
25 34 26 9 30 15 18 31 27 7 19 23 5 10 
35 34 13 28 36 6 19 38 9 37 39 1 8 20 
7 37 25 8 35 2 36 28 16 24 34 23 27 11 
38 33 16 20 28 22 34 4 26 19 6 17 8 27 
25 31 20 9 2 37 21 35 11 13 26 29 5 16 
9 23 3 5 4 17 38 6 24 31 28 20 21 12 
2 14 35 26 4 31 13 32 34 29 21 30 36 28 
18 0 39 16 15 12 32 29 31 14 1 30 25 23 
21 20 2 31 23 3 33 32 38 11 24 7 6 25 
30 37 0 8 10 18 38 15 34 35 32 21 2 6 
10 25 16 11 3 26 27 31 5 20 29 24 38 15 
8 39 4 32 34 19 31 22 37 28 14 16 3 29 
32 25 34 13 18 28 21 38 35 2 24 6 17 16 
19 25 30 39 7 11 34 13 28 33 5 29 27 2 
11 26 18 12 17 27 34 38 1 23 13 0 25 36 
0 7 26 37 30 23 36 18 38 9 33 22 1 4 
24 36 16 6 28 7 33 13 15 0 30 12 14 39 
3 14 9 6 7 23 5 4 18 20 12 2 38 27 
25 9 39 27 3 19 17 34 10 20 18 36 13 29 
37 16 36 1 21 12 14 26 3 7 5 6 4 19 
22 35 24 36 23 6 10 8 17 33 2 4 0 16 
2 23 21 33 31 1 3 39 37 6 27 35 4 29 
37 29 30 36 4 12 19 25 27 16 8 24 6 14 
24 7 4 35 9 32 12 22 6 28 30 34 19 1 
38 27 28 30 14 26 32 25 22 35 37 19 16 17 
2 13 11 4 5 1 16 38 36 31 37 33 22 10 
38 36 25 8 12 29 18 13 24 6 7 3 4 1 
23 2 5 16 7 15 34 30 14 22 33 17 9 11 
37 30 24 13 27 21 14 31 18 0 38 7 3 36 
9 33 28 20 6 11 17 27 34 15 13 38 30 22 
17 31 7 28 1 15 38 3 34 6 16 22 24 13 
25 0 33 37 10 1 19 5 11 22 2 13 31 24 
25 2 16 17 29 37 31 14 33 13 32 7 35 22 
38 8 9 18 25 35 16 32 26 0 11 14 5 36 
0 35 8 7 31 13 9 38 32 4 11 12 3 26 
17 34 36 12 22 31 10 13 33 30 14 8 1 39 
8 12 0 33 30 25 26 20 29 38 14 19 34 35 
4 25 18 7 17 3 14 19 11 2 31 29 13 32 
9 7 1 20 0 6 34 26 12 32 28 5 14 19 
38 31 20 34 23 24 29 5 25 13 0 21 1 39 
1 37 31 7 4 10 3 26 32 12 14 20 23 34 
4 23 29 28 11 6 19 36 38 1 27 12 2 14 
35 27 12 11 18 5 16 30 24 26 13 31 21 33 
10 13 16 22 34 27 2 14 33 18 20 38 3 6 
33 34 18 25 27 3 38 10 12 35 29 14 20 8 
12 0 23 11 17 22 32 39 35 14 16 7 2 34 
23 33 15 10 26 37 28 25 9 13 21 20 19 22 
16 0 5 20 13 25 21 23 36 27 28 39 7 26 
36 35 13 25 11 23 30 10 2 8 24 38 32 9 
24 5 8 25 9 19 29 4 18 14 27 2 11 20 
28 38 5 35 23 11 14 0 4 19 8 33 30 1 
37 35 33 32 15 1 3 26 25 19 38 0 36 22 
19 22 33 3 9 23 8 37 6 7 5 14 34 15 
28 15 4 17 5 20 37 30 16 6 24 35 18 27 
33 34 25 7 37 14 19 3 0 13 26 24 20 8 
21 16 1 31 33 18 29 8 19 24 25 3 28 2 
32 20 10 19 0 34 27 14 37 39 23 30 3 11 
7 22 13 2 23 25 29 3 15 36 10 37 14 5 
1 14 21 13 15 24 12 25 37 35 34 23 0 29 
8 17 30 13 28 31 29 1 21 4 37 6 14 35 
24 14 37 35 9 8 3 38 21 29 6 25 12 23 
33 34 18 22 1 23 17 31 15 21 0 35 27 3 
12 0 11 7 4 6 32 16 20 13 3 21 19 29 
24 22 3 27 26 13 0 37 30 19 18 25 6 4 
23 36 18 28 27 12 6 17 35 26 33 20 10 24 
39 21 11 30 34 13 26 12 10 1 3 28 33 6 
38 18 32 16 30 10 23 26 33 13 36 5 17 20 
4 37 14 6 0 25 17 3 15 12 1 24 16 39 
23 14 2 12 9 18 6 33 5 30 13 26 17 3 
28 20 7 37 21 23 30 1 9 25 3 17 38 12 
5 20 29 21 18 9 6 22 1 27 30 3 12 2 
9 18 22 7 21 17 31 14 38 24 3 8 19 10 
12 33 14 15 18 23 31 5 27 29 20 0 28 38 
4 3 39 16 27 24 23 14 37 21 29 28 34 7 
0 36 24 3 25 23 10 35 18 5 20 9 16 28 
9 8 6 28 12 36 26 0 39 4 17 30 23 37 
33 38 31 36 37 21 20 27 6 9 16 12 10 23 
6 11 26 22 1 25 37 30 17 8 12 35 4 36 
4 7 35 28 29 2 39 34 14 17 15 36 5 9 
9 33 26 6 39 31 28 15 24 38 32 3 2 20 
24 13 20 10 35 36 15 25 17 9 32 14 38 16 
18 28 30 10 14 16 13 29 22 1 35 20 23 31 
6 35 29 36 24 14 28 3 32 26 37 4 15 33 
7 14 37 2 10 5 17 8 0 19 39 38 15 12 
26 30 11 2 7 23 16 24 32 33 27 31 25 3 
39 27 10 26 25 24 5 31 38 28 35 1 33 14 
15 19 23 13 7 3 16 10 0 34 30 33 17 27 
3 13 31 26 14 34 11 28 21 27 17 2 5 33 
26 3 36 18 29 33 21 15 17 2 35 9 12 0 
27 24 32 31 37 2 29 19 3 4 9 23 34 33 
37 4 34 14 25 1 11 35 12 21 28 18 15 30 
25 23 21 32 16 17 15 33 9 18 35 30 19 5 
34 27 22 9 6 20 32 38 15 28 2 33 4 8 
16 20 30 14 8 12 32 23 29 38 39 36 3 0 
29 6 23 4 18 13 34 22 28 5 9 32 8 0 
5 12 14 7 30 26 10 31 2 1 17 0 39 16 
0 4 21 37 5 8 35 6 15 2 19 27 31 9 
7 5 11 22 0 25 19 28 6 37 38 9 33 35 
35 6 19 7 23 11 28 22 14 3 2 5 18 0 
27 13 30 33 9 37 10 21 34 12 26 17 4 20 
33 32 13 19 27 15 30 8 5 18 11 6 24 9 
38 14 29 8 30 7 31 20 1 17 36 5 24 15 
2 35 36 28 4 23 20 37 29 33 5 11 31 24 
7 30 34 9 0 35 15 5 29 18 4 39 19 21 
25 0 39 29 18 26 32 7 28 11 3 23 14 33 
33 27 20 7 8 14 30 3 17 10 23 26 34 37 
17 31 20 1 19 15 36 5 38 9 25 16 39 33 
23 21 39 38 18 20 0 16 7 2 14 27 12 6 
23 31 2 19 35 9 26 38 7 17 27 30 0 1 
35 20 27 16 12 3 29 21 37 9 14 4 22 32 
16 35 10 36 17 5 28 9 25 38 33 39 2 0 
26 25 31 5 21 6 19 18 37 1 15 32 9 11 
20 4 13 22 25 27 36 2 29 23 31 9 21 16 
34 3 33 31 25 29 32 1 9 2 13 4 26 19 
26 21 9 7 36 29 31 30 20 8 18 23 25 11 
22 2 5 39 38 9 11 23 19 35 14 18 21 32 
19 9 23 21 26 6 1 16 2 34 8 12 17 25 
2 5 37 23 14 33 31 39 18 8 24 35 26 32 
7 12 36 37 27 23 35 33 3 20 17 4 24 1 
25 33 1 21 5 14 9 26 12 34 7 15 36 29 
27 28 1 13 17 37 11 8 21 5 36 12 4 22 
13 23 28 35 26 8 30 34 20 15 9 25 29 38 
15 16 13 14 8 7 34 12 28 4 32 20 37 11 
24 22 13 37 26 2 0 5 39 1 35 33 21 32 
3 9 33 31 13 2 20 12 17 5 35 32 14 39 
34 29 37 10 31 18 20 11 38 9 2 4 25 22 
5 38 29 39 36 15 9 10 17 37 31 23 21 20 
14 35 26 32 28 5 29 16 37 7 18 39 19 12 
4 37 26 38 34 15 35 23 14 20 0 12 8 17 
17 23 1 30 35 22 20 11 31 21 10 34 14 16 
26 27 13 14 37 6 2 21 34 7 12 35 39 5 
27 8 14 20 29 30 36 9 35 6 3 10 38 33 
6 38 4 8 26 16 15 18 0 24 11 36 29 19 
2 39 1 32 5 34 23 35 0 36 7 29 18 24 
4 6 33 7 11 15 29 5 19 8 20 39 22 3 
0 19 31 27 36 14 11 16 4 24 2 7 33 38 
26 27 28 2 32 22 4 14 38 11 29 21 39 35 
24 9 31 12 38 7 0 10 32 20 27 16 15 8 
24 3 35 6 11 8 21 37 30 9 15 17 23 4 
10 8 30 17 2 27 16 9 33 21 36 5 1 7 
6 4 22 8 28 12 37 9 2 29 24 7 18 13 
35 26 33 20 15 3 7 37 18 38 12 31 36 25 
0 2 22 11 20 23 26 13 4 25 6 30 5 18 
31 32 15 25 3 7 35 28 8 21 34 20 33 4 
4 18 28 24 7 22 14 8 0 35 10 33 20 15 
32 39 21 34 38 10 12 7 31 5 8 14 15 19 
22 20 4 27 9 33 19 2 15 29 39 32 10 30 
9 5 7 6 17 1 16 29 33 14 19 4 25 28 
15 21 16 34 10 4 33 13 12 22 38 27 31 9 
34 20 19 9 15 22 30 23 17 35 36 4 1 29 
19 3 31 18 21 15 1 24 2 6 9 39 11 13 
29 16 4 13 38 19 30 1 27 3 15 20 32 23 
9 11 32 21 30 31 3 33 22 18 13 10 20 6 
17 7 6 34 23 16 30 24 36 33 18 1 27 20 
12 4 5 6 38 8 0 1 11 9 30 23 32 22 
12 19 29 0 5 31 36 33 13 3 22 2 32 21 
31 18 16 22 32 1 13 39 21 34 20 38 19 15 
8 36 21 1 38 3 19 37 35 4 23 30 27 31 
21 23 28 29 26 31 39 18 5 38 17 0 13 19 
38 31 34 25 20 5 3 18 0 16 28 35 7 17 
24 15 37 36 12 18 27 39 4 26 5 23 0 17 
25 13 19 38 34 30 12 16 2 9 0 24 27 5 
16 25 5 7 18 29 14 8 32 31 28 11 21 24 
33 32 14 29 22 0 20 10 4 18 6 28 1 21 
11 17 23 14 18 30 25 35 2 3 12 33 31 36 
32 25 34 2 19 6 26 9 14 21 31 38 24 35 
38 1 23 3 5 17 22 15 24 6 33 0 18 39 
34 37 27 3 0 8 36 15 24 32 39 23 17 11 
4 38 36 37 19 15 23 27 10 35 14 13 12 22 
5 19 20 17 1 9 4 22 3 0 8 29 37 33 
24 31 28 27 19 33 25 20 38 13 15 39 9 37 
5 21 23 10 36 12 29 35 33 9 8 2 34 16 
2 19 35 38 29 9 39 30 5 36 11 25 4 0 
14 27 8 4 24 7 17 26 21 37 39 35 36 13 
22 26 35 6 36 11 21 23 38 24 19 37 25 34 
20 19 39 24 36 27 17 38 14 33 31 35 37 18 
9 14 18 25 22 7 15 0 1 24 11 37 28 33 
25 13 6 0 29 7 23 26 39 5 17 4 16 20 
1 24 26 33 27 11 0 32 7 23 5 12 19 14 
39 3 13 20 19 10 6 22 21 34 7 32 5 37 
2 27 28 17 19 24 25 9 4 30 1 13 15 31 
24 23 17 5 26 1 15 29 31 30 22 28 36 38 
5 13 17 14 37 29 7 1 0 16 38 22 26 19 
6 24 32 10 5 28 30 35 39 2 7 16 27 25 
2 27 4 26 34 32 20 37 36 13 38 16 7 39 
6 20 38 36 27 31 17 14 33 30 32 28 15 37 
24 27 4 3 21 6 31 20 7 14 33 28 39 11 
6 30 19 37 2 39 21 7 5 3 12 29 20 28 
14 2 3 0 10 8 5 7 24 32 34 9 22 39 
11 8 4 32 38 30 24 2 15 31 28 1 9 26 
31 21 1 36 35 27 34 10 28 20 3 26 6 12 
20 24 12 2 16 25 1 11 14 13 33 28 36 0 
11 6 28 7 39 14 22 36 19 34 3 29 0 2 
9 24 31 7 33 8 15 34 37 30 0 2 25 23 
6 9 33 34 22 27 11 14 21 26 38 0 17 25 
32 9 29 31 21 1 25 6 22 20 12 14 13 23 
23 24 22 5 14 19 31 6 9 30 13 16 21 20 
29 17 5 12 8 6 20 1 26 25 14 39 19 3 
10 35 31 8 4 13 33 37 22 30 29 20 24 36 
24 33 29 22 7 18 38 20 28 8 15 37 39 13 
19 31 9 2 3 36 28 23 35 22 4 15 26 10 
3 38 11 20 19 33 35 24 6 13 21 29 10 17 
22 19 3 13 5 30 6 17 39 8 1 7 16 0 
20 10 8 33 30 25 17 38 32 5 0 14 22 26 
7 26 1 37 25 16 38 9 22 32 33 11 23 17 
23 26 31 24 21 36 5 34 0 6 14 27 25 7 
8 30 2 31 18 16 39 25 34 10 29 4 23 37 
26 20 4 2 23 11 1 10 38 6 25 16 34 35 
28 32 20 7 5 25 39 33 24 19 15 27 6 34 
14 32 9 13 12 15 20 5 2 31 7 10 17 18 
36 17 31 20 4 3 12 18 35 16 6 7 9 32 
29 22 4 20 18 30 32 37 3 34 19 6 9 16 
11 5 22 15 2 10 24 17 0 27 6 14 26 7 
15 20 3 38 37 6 5 25 19 0 24 26 30 17 
30 11 9 24 3 18 1 34 28 38 33 7 26 10 
9 33 39 8 20 37 36 0 30 34 1 3 7 17 
6 7 28 1 20 13 12 25 29 10 27 38 34 8 
16 11 29 22 23 21 39 20 5 9 4 33 12 15 
7 25 8 39 23 2 17 1 38 13 34 29 19 24 
21 5 12 29 23 6 35 10 33 31 34 26 38 27 
10 31 12 30 13 2 21 38 24 3 34 28 22 5 
5 3 27 8 22 18 33 16 39 38 26 35 4 37 
2 6 7 38 32 35 36 12 3 30 34 20 0 15 
33 6 23 37 8 21 12 14 4 28 36 2 1 3 
16 1 4 23 22 31 21 14 5 35 39 8 10 18 
11 18 24 20 19 38 14 22 28 12 34 23 37 36 
8 29 26 10 7 38 0 18 14 22 23 27 32 37 
7 27 5 18 30 32 21 9 34 8 28 16 13 39 
17 12 38 11 35 39 25 4 31 9 28 33 10 26 
31 30 12 21 14 22 18 32 28 9 11 5 20 27 
21 14 33 17 6 23 36 24 1 35 30 32 2 16 
10 24 9 29 2 6 37 3 12 5 0 21 39 4 
5 34 31 30 21 33 25 38 32 11 6 15 20 23 
18 31 5 17 14 0 32 27 24 13 22 39 34 3 
9 2 7 18 12 37 21 15 10 17 32 0 20 33 
14 9 28 8 24 33 6 30 26 39 29 20 35 1 
0 32 10 31 23 21 33 7 38 30 27 1 5 17 
4 34 29 9 14 6 8 26 37 19 16 22 11 28 
11 34 26 21 33 29 7 5 39 18 37 10 31 12 
21 0 18 1 15 39 13 34 16 11 24 37 4 22 
35 38 26 36 9 12 17 5 0 4 22 20 2 21 
32 36 29 38 26 24 15 37 17 23 31 3 0 14 
36 9 8 13 18 38 34 26 39 10 15 4 23 37 
22 34 2 15 9 30 21 0 32 19 12 14 1 29 
26 23 21 18 7 30 6 32 10 35 2 0 16 4 
28 0 23 31 9 3 15 30 12 13 5 38 27 21 
25 28 31 5 11 13 18 19 16 9 35 33 27 37 
14 13 19 6 29 36 16 25 15 30 22 21 27 17 
9 7 0 22 26 33 37 28 21 30 24 34 8 15 
7 5 9 20 22 11 36 10 15 13 6 24 12 16 
22 27 37 29 9 11 10 24 21 13 28 30 23 39 
36 19 15 24 32 0 10 37 29 17 34 16 8 30 
20 0 30 5 26 6 2 8 15 31 29 1 4 32 
10 16 17 4 31 33 5 11 39 22 27 38 29 24 
27 13 16 30 19 28 34 33 10 5 4 36 1 15 
9 37 14 7 38 0 33 26 30 3 24 2 8 34 
36 17 28 20 26 37 7 33 32 35 24 4 39 13 
3 34 9 24 12 8 32 33 25 18 37 22 1 30 
3 18 32 4 23 13 1 30 8 12 16 6 22 20 
4 3 21 6 32 23 27 24 37 2 20 26 17 14 
30 16 22 28 32 7 29 18 26 39 8 10 37 0 
10 4 1 7 19 16 28 5 0 17 20 11 22 34 
31 18 36 33 39 5 37 27 4 0 19 20 24 12 
25 2 13 16 32 18 1 20 3 14 9 4 15 21 
22 39 3 35 16 33 7 26 14 29 19 5 30 11 
20 22 34 27 4 5 26 12 10 16 36 13 0 29 
5 38 26 24 30 3 39 20 36 9 11 27 4 0 
25 18 30 29 24 1 38 8 28 37 39 4 20 13 
14 32 4 25 18 24 2 9 3 17 19 28 1 0 
7 29 9 5 36 20 33 23 12 6 10 31 30 39 
32 25 1 12 35 10 24 4 16 27 0 5 6 26 
12 9 38 24 32 2 36 3 35 5 34 22 20 16 
32 13 34 28 5 33 18 15 14 22 38 2 7 17 
3 39 26 34 15 37 13 22 21 17 24 35 14 38 
3 9 12 31 26 10 4 19 36 11 23 18 34 2 
1 4 18 34 36 10 32 35 11 21 8 37 25 15 
5 20 27 13 31 18 38 8 1 23 26 37 4 32 
11 37 3 34 35 9 12 33 26 24 17 21 15 5 
21 14 7 17 33 9 20 2 19 15 23 1 24 28 
23 1 32 31 13 11 24 9 12 39 5 25 8 26 
24 7 13 14 6 17 23 18 3 1 27 8 37 38 
36 18 9 26 16 12 28 29 5 13 15 37 39 6 
17 28 35 26 23 19 27 0 36 4 20 11 10 21 
36 19 22 10 7 16 35 29 11 15 28 2 0 24 
18 16 38 33 34 21 30 19 7 10 25 28 20 0 
25 24 36 28 37 0 15 23 6 10 11 32 30 21 
33 30 38 15 28 32 7 21 17 24 36 16 39 4 
28 8 5 30 11 38 22 36 24 31 21 9 15 4 
20 38 7 35 6 26 30 5 22 33 0 10 4 15 
37 18 35 6 10 27 25 7 38 28 15 30 17 3 
17 11 23 19 33 32 5 4 16 22 15 25 24 21 
30 19 29 0 17 32 4 34 8 7 3 10 31 26 
7 3 10 37 0 29 14 27 2 8 28 1 39 4 
25 11 39 14 21 24 17 30 1 5 16 7 22 6 
17 4 3 21 19 38 28 26 0 36 12 35 18 14 
1 10 14 31 28 17 13 8 20 34 24 26 32 9 
7 36 8 0 26 19 22 24 35 21 9 14 15 38 
20 7 0 14 17 9 28 6 1 16 3 26 5 18 
28 2 9 27 16 12 23 39 20 1 7 38 24 33 
0 35 26 21 2 24 20 39 23 33 7 3 34 29 
26 29 23 32 9 30 20 28 39 37 21 11 31 17 
6 35 32 19 27 14 38 16 20 26 22 12 25 28 
7 2 1 18 33 24 5 23 21 27 16 35 26 11 
6 13 3 39 2 10 30 0 4 26 34 17 33 24 
32 0 3 16 28 4 36 8 18 13 11 33 31 14 
32 21 26 33 39 12 34 15 13 25 2 17 10 27 
15 26 34 30 23 17 27 37 18 21 28 12 32 19 
32 3 37 20 23 27 21 16 12 8 10 6 2 18 
9 38 15 3 14 10 23 19 18 11 22 7 35 6 
5 7 17 21 32 18 23 31 2 0 26 24 1 4 
13 8 10 9 28 32 22 23 3 5 27 38 24 4 
10 37 4 2 8 25 11 12 27 21 32 5 23 20 
11 26 2 24 18 5 30 16 17 38 33 28 31 23 
28 18 12 37 38 29 11 31 20 21 16 33 0 2 
4 35 38 13 29 15 28 39 37 17 19 20 34 8 
29 11 23 18 6 21 32 12 19 9 13 10 16 0 
10 37 35 11 14 21 19 27 39 8 4 15 16 28 
39 38 16 10 27 18 21 17 34 23 37 33 6 30 
0 36 2 9 12 10 24 25 11 7 3 38 18 29 
19 18 35 10 27 3 14 20 25 17 39 38 6 23 
9 17 28 33 24 29 7 2 11 10 27 0 4 22 
11 32 6 21 0 7 27 19 34 20 38 25 1 28 
13 39 22 6 14 23 7 12 24 38 37 10 19 30 
31 18 10 20 28 3 30 5 29 16 39 8 19 9 
34 36 18 27 13 31 17 12 35 6 21 29 1 16 
2 27 8 20 21 18 36 9 0 33 31 17 29 11 
24 19 28 35 32 16 30 2 27 26 6 25 17 20 
9 23 28 4 18 30 26 20 24 2 3 11 21 36 
13 30 23 26 0 32 5 3 10 27 35 17 12 37 
33 5 35 3 9 31 14 16 0 38 28 29 26 39 
8 36 32 5 4 35 39 12 7 37 1 30 10 2 
17 37 30 28 1 10 0 9 38 19 13 15 24 20 
1 33 22 24 19 39 5 36 34 26 25 37 17 8 
7 5 33 1 31 9 25 32 26 11 28 36 16 39 
32 11 4 0 39 20 27 2 14 19 31 5 13 23 
25 2 13 9 22 16 34 37 33 27 7 21 20 17 
19 34 17 0 27 12 14 36 7 15 18 38 28 22 
13 11 14 20 37 39 25 3 17 29 33 35 18 28 
32 31 3 14 39 21 30 20 12 6 5 37 17 4 
26 20 34 37 12 22 32 19 11 16 24 2 25 28 
34 3 19 20 21 28 36 25 5 1 2 11 35 18 
22 31 18 20 35 21 32 36 16 15 2 1 37 30 
35 28 16 38 12 0 25 17 34 14 32 10 19 31 
25 11 6 21 5 4 10 28 37 9 8 31 38 19 
8 29 36 19 13 7 9 25 39 20 1 23 26 35 
21 20 25 17 30 15 2 28 36 39 0 3 6 14 
16 22 11 27 7 39 15 0 30 3 34 18 25 4 
28 31 4 11 12 30 27 19 21 13 6 9 37 14 
0 33 16 30 2 13 18 15 19 38 32 37 27 22 
28 15 33 32 36 39 35 22 24 30 14 37 0 25 
31 38 24 13 37 30 28 21 32 17 6 19 2 25 
23 6 25 5 11 16 7 13 38 12 17 21 1 26 
1 20 11 27 30 2 28 19 14 31 16 4 29 26 
28 11 38 29 30 26 23 10 22 31 3 9 7 15 
15 20 37 31 9 3 28 12 22 5 13 36 18 32 
0 22 37 36 12 3 23 4 28 18 38 8 11 5 
11 15 38 12 39 28 37 20 23 34 1 0 22 36 
3 37 14 21 23 4 30 7 0 33 28 16 25 27 
24 21 10 32 34 23 37 22 11 38 18 6 35 33 
18 10 17 13 20 19 31 36 8 23 1 34 6 38 
17 12 11 21 36 13 6 18 32 1 28 8 38 31 
25 34 12 13 22 29 23 18 31 39 7 38 37 30 
15 0 6 25 19 18 36 8 4 11 38 2 35 3 
4 15 23 2 3 28 24 14 26 27 31 20 17 35 
26 6 19 8 29 37 14 15 24 34 5 17 1 12 
21 11 3 9 10 1 27 28 5 2 33 35 0 30 
36 17 28 22 35 0 5 7 3 9 13 15 14 21 
31 10 29 21 15 4 30 9 0 17 28 33 32 36 
11 39 31 23 4 7 28 20 19 24 2 30 21 25 
27 1 17 22 16 15 30 18 29 6 25 7 9 0 
13 10 9 25 6 12 30 3 14 19 36 35 18 23 
17 37 9 18 19 3 26 34 25 8 6 15 7 14 
24 21 28 39 19 8 7 17 25 37 34 12 30 29 
39 12 18 33 22 26 29 24 14 37 27 0 30 25 
2 25 31 30 36 7 0 23 5 14 10 6 17 29 
35 18 8 12 1 22 19 16 15 11 5 31 3 4 
23 17 7 3 39 22 24 33 0 29 8 19 36 15 
33 2 38 26 16 35 10 6 0 30 24 19 14 9 
29 6 38 35 4 12 30 28 0 31 37 34 16 27 
35 25 17 14 13 33 12 23 2 3 1 6 9 18 
21 14 30 9 28 16 5 35 4 11 13 17 0 15 
39 5 2 27 11 12 9 29 0 37 26 30 33 15 
33 28 6 11 27 17 13 7 12 30 24 16 18 2 
33 11 32 1 10 28 16 36 22 15 27 9 7 18 
32 7 22 38 36 39 0 1 16 33 24 21 30 15 
18 21 25 8 6 30 24 32 4 26 23 14 33 28 
15 18 38 37 17 7 33 1 10 5 29 0 31 14 
36 6 28 12 8 37 20 7 25 10 1 16 26 29 
2 27 15 37 39 16 30 10 4 21 35 25 13 23 
20 31 10 6 19 24 5 1 30 26 4 15 35 12 
12 6 29 5 10 21 37 20 30 23 38 16 22 3 
36 32 22 23 7 39 9 25 24 2 26 1 12 20 
11 36 39 28 3 24 22 6 5 38 33 12 10 13 
10 18 7 20 30 11 36 26 0 22 6 17 29 25 
30 16 2 14 17 29 9 4 34 23 27 31 6 8 
19 34 31 27 0 39 13 35 26 16 32 7 28 29 
2 1 37 28 26 36 15 6 32 9 31 30 12 25 
20 33 26 34 11 22 4 19 21 35 23 2 16 13 
20 9 19 24 18 29 35 17 30 26 10 32 23 15 
23 4 3 10 30 14 2 28 0 26 12 17 13 34 
25 11 5 35 33 14 36 38 31 26 0 19 2 1 
4 6 0 13 33 9 24 27 36 20 25 30 35 3 
21 28 38 13 18 16 35 29 3 24 30 32 27 5 
13 0 8 39 14 25 33 20 1 10 21 16 26 24 
