35 5 0 15 48 38 9 32 16 13 12 46 24 47
23 41 2 49 31 26 44 36 21 4 8 9 0 14
40 10 9 43 35 8 28 30 6 17 0 20 19 46
37 34 32 42 14 0 45 41 16 21 3 5 44 2
10 14 17 39 4 35 9 26 18 0 31 13 48 21
43 16 0 24 38 46 25 22 49 30 8 23 2 40
44 22 35 31 27 11 0 47 15 30 49 7 46 18
38 0 17 32 40 1 48 42 9 2 3 45 26 10
43 13 4 39 8 25 0 21 44 26 14 45 38 28
11 33 48 5 16 41 18 7 17 0 27 35 49 24
31 32 7 0 47 38 25 41 23 37 18 40 24 48
0 39 2 44 13 20 3 30 9 43 11 49 12 1
37 45 20 34 3 9 41 31 0 49 38 2 42 15
32 22 17 43 29 23 18 33 40 0 7 26 36 27
1 26 2 0 42 29 22 12 23 46 45 27 16 33
37 0 11 3 49 18 21 47 4 17 48 43 45 36
45 3 26 13 0 48 36 16 27 43 12 1 17 31
39 35 18 2 36 32 0 22 15 24 14 49 47 6
14 35 0 15 16 22 6 46 19 33 49 47 23 13
0 48 12 42 24 32 2 4 46 3 34 11 39 1
28 26 37 42 16 9 47 18 13 31 15 38 0 29
10 25 32 11 49 6 4 2 36 35 0 3 33 8
47 16 5 0 13 12 3 15 41 21 38 49 7 8
39 22 19 44 42 18 0 2 1 23 20 33 37 48
4 10 45 47 42 33 34 17 0 6 41 19 8 39
21 0 48 1 46 32 5 16 36 25 12 40 45 23
22 36 0 23 39 1 9 10 49 25 44 46 32 12
16 29 48 31 8 19 0 27 3 43 41 37 7 21
14 35 48 6 13 43 9 46 20 33 38 18 32 0
25 30 3 8 26 6 0 19 39 4 12 2 44 23
5 9 25 21 32 0 49 34 4 29 36 48 11 33
16 0 31 7 20 30 37 44 23 40 11 12 39 1
29 15 17 7 0 1 22 6 11 36 12 18 26 32
27 49 30 40 4 45 39 2 41 42 35 25 0 14
47 43 0 49 37 18 26 13 38 33 31 8 3 11
12 30 19 14 0 32 16 21 9 42 40 13 27 23
38 37 28 25 4 14 41 49 46 26 0 47 40 34
42 8 29 2 45 48 0 6 7 22 27 3 38 23
47 28 14 29 0 41 7 16 34 49 30 19 44 31
24 41 33 15 36 43 0 11 46 45 27 12 10 20
33 10 22 29 38 28 0 21 23 26 1 12 44 48
27 8 18 0 2 20 6 10 16 15 4 19 43 3
13 48 3 6 31 43 26 1 27 44 21 7 0 45
32 9 14 40 12 19 10 0 20 23 41 42 48 11
44 13 12 0 8 30 35 19 31 14 49 33 20 40
36 25 49 7 29 39 41 6 3 4 1 0 28 47
15 30 6 43 40 0 45 1 26 38 25 18 35 34
28 10 31 20 13 0 24 32 8 1 48 27 22 7
16 2 35 0 49 3 11 28 38 22 41 18 45 34
6 31 44 42 8 47 4 10 5 0 46 34 40 48
29 0 43 9 24 17 47 37 23 14 19 45 3 11
29 21 30 15 33 4 7 13 32 39 0 49 6 12
24 0 17 31 21 27 48 46 11 26 14 45 20 43
5 7 25 47 36 9 38 0 18 28 42 12 19 8
47 38 25 14 44 33 22 13 0 11 27 23 21 7
28 29 5 12 6 18 0 41 35 24 1 31 46 42
34 27 26 49 12 17 37 9 16 0 2 36 8 29
23 24 35 47 17 10 3 0 33 22 15 4 7 21
2 26 1 17 47 5 13 9 19 0 28 27 36 16
39 24 0 6 22 20 34 7 25 3 49 12 41 44
46 8 2 14 6 48 30 29 43 47 22 0 17 39
11 13 31 21 45 34 0 25 20 44 5 35 18 30
23 37 26 45 25 20 9 21 31 49 0 43 8 32
44 49 11 34 0 38 14 6 7 1 24 35 46 19
37 23 34 38 21 0 28 12 49 31 8 20 42 47
44 1 46 15 18 36 41 30 29 0 25 14 22 6
1 21 12 33 18 0 32 17 47 30 6 44 27 34
46 16 24 13 17 2 20 0 48 40 4 38 23 41
27 26 12 34 48 49 0 30 5 14 39 10 37 44
19 36 15 35 28 33 45 29 47 4 13 0 49 11
40 14 26 24 34 29 25 18 0 9 45 47 19 15
46 17 30 11 39 0 10 24 37 12 36 27 8 1
38 0 32 45 49 41 31 18 44 10 22 2 29 5
11 9 37 46 19 6 23 3 0 14 25 15 36 28
15 22 42 10 38 18 14 28 47 0 48 35 31 29
27 22 20 11 26 3 5 33 28 6 40 21 0 44
47 44 26 8 14 15 0 28 40 22 13 31 34 19
34 25 38 27 42 0 32 6 41 5 16 29 20 43
9 0 40 47 30 18 23 44 12 42 32 41 27 43
9 14 11 19 39 17 0 7 26 45 49 29 22 10
47 0 15 10 35 16 46 42 7 37 30 5 48 11
42 28 6 9 41 10 40 4 23 0 3 17 38 12
37 10 49 29 6 0 44 48 43 24 30 9 47 45
28 41 23 47 16 33 17 18 1 31 10 5 0 34
37 45 1 9 21 28 48 41 30 38 49 6 22 0
4 25 13 38 5 20 12 46 9 0 14 45 7 36
28 31 15 47 33 16 37 25 40 30 45 29 22 0
29 48 20 6 27 21 0 13 5 23 46 43 45 26
7 29 22 26 12 37 35 36 0 3 41 1 8 48
4 38 7 40 9 27 0 6 46 47 16 22 34 42
20 22 0 25 14 47 15 35 16 30 42 28 48 40
39 26 0 31 37 45 43 46 42 21 32 35 5 1
23 43 35 17 9 8 25 44 31 48 15 1 0 38
0 40 45 13 37 22 32 29 44 48 26 5 46 27
28 41 0 17 20 35 48 47 40 33 49 2 12 43
29 34 14 23 48 31 36 1 10 24 0 7 30 9
46 27 47 21 12 44 24 30 32 2 22 23 25 0
42 41 9 0 16 43 15 36 22 37 46 1 35 14
0 1 2 44 48 37 11 24 43 49 30 25 47 16
12 10 23 39 15 36 6 38 37 31 18 0 48 20
