25 26 6 12 33 31 15 0 16 17 13 35 32 7 
29 25 30 11 13 7 35 4 27 23 24 0 12 17 
33 23 8 15 4 24 10 0 19 14 30 25 3 39 
1 16 7 0 38 24 32 6 11 28 37 27 39 22 
14 16 5 29 18 6 13 0 31 17 9 38 33 37 
25 9 19 0 22 17 23 33 11 37 29 10 8 4 
15 11 0 13 24 2 7 9 34 19 18 36 35 25 
27 25 28 19 17 3 7 30 12 23 10 35 0 33 
34 32 30 8 28 13 38 17 6 11 0 12 15 10 
2 24 23 27 0 3 6 13 5 26 31 32 29 30 
1 0 27 10 25 17 39 18 38 19 32 20 11 9 
3 18 29 0 8 11 14 23 27 35 25 16 5 19 
14 29 16 4 31 22 18 7 12 24 39 38 0 25 
2 5 28 33 0 16 36 10 24 39 29 18 15 13 
22 26 24 0 20 39 21 33 2 23 25 29 7 13 
34 16 36 17 30 20 28 14 23 27 0 39 10 21 
8 9 29 39 0 19 37 31 34 6 24 21 36 25 
0 5 11 13 36 33 14 17 16 25 15 12 4 27 
25 30 39 9 33 7 26 34 31 0 35 13 29 22 
8 15 37 17 0 10 6 7 28 2 35 22 21 11 
0 22 26 9 1 10 39 25 14 7 24 16 12 19 
24 8 13 34 36 35 39 31 0 28 6 26 16 1 
26 0 6 22 27 20 9 16 29 23 21 8 5 7 
27 17 21 23 7 16 28 12 18 34 0 31 29 10 
28 16 39 38 2 20 11 0 19 31 34 27 13 12 
39 20 18 0 16 19 33 14 15 24 23 31 9 28 
10 31 16 34 1 23 22 35 25 0 27 8 32 4 
38 3 0 21 39 12 25 26 5 10 1 7 14 2 
0 29 2 34 6 7 20 4 35 23 12 36 14 33 
20 22 9 8 17 5 14 29 21 31 39 23 0 2 
20 17 32 6 24 16 39 7 1 34 0 21 22 2 
38 36 6 32 1 18 2 12 16 27 29 4 0 34 
34 17 37 10 35 14 0 28 19 4 27 5 25 26 
15 12 24 31 18 1 36 11 22 2 0 27 25 28 
9 0 16 33 8 3 6 20 19 29 10 5 37 26 
15 24 20 8 6 17 39 7 3 9 18 28 13 0 
29 14 17 18 0 20 19 24 5 11 22 16 9 38 
37 31 8 19 25 12 7 0 39 26 29 1 32 18 
6 0 7 17 35 2 27 33 1 22 32 15 3 9 
7 25 17 0 28 24 26 6 1 20 5 16 32 23 
14 28 10 32 30 22 0 11 5 24 36 8 27 38 
2 29 22 38 34 1 4 32 15 30 25 31 0 33 
37 20 8 0 34 32 33 26 24 17 35 21 25 6 
34 22 31 32 26 23 18 9 0 14 4 39 17 19 
22 6 5 36 27 19 35 29 1 3 0 14 9 8 
11 33 0 30 37 12 36 14 18 8 28 10 1 4 
14 7 28 27 2 0 12 22 11 38 3 15 21 29 
9 11 19 30 34 18 8 32 28 23 0 33 16 37 
23 4 18 35 2 24 22 0 9 5 25 30 1 3 
0 20 4 12 25 32 27 5 21 10 36 16 9 23 
7 26 33 34 16 22 27 35 31 0 9 10 18 13 
24 32 11 27 29 25 35 8 37 39 3 0 30 34 
35 36 0 33 31 15 5 20 22 2 37 11 13 3 
30 35 25 0 26 8 27 31 3 7 23 39 29 36 
22 27 12 0 26 17 30 11 6 13 18 14 16 3 
28 22 23 4 36 11 21 17 7 38 30 18 9 0 
9 4 1 5 39 38 0 25 8 28 17 22 33 7 
33 14 20 4 36 27 38 0 2 7 3 11 28 1 
6 25 26 20 7 38 11 24 29 0 17 33 3 30 
16 37 25 6 20 8 18 21 1 0 29 7 4 23 
12 1 29 27 0 10 21 17 36 6 22 26 9 5 
2 25 1 9 27 32 33 6 7 35 39 20 0 12 
19 31 18 13 37 29 32 24 38 21 0 22 6 25 
2 23 16 38 6 32 30 19 0 22 27 12 1 10 
30 4 2 17 0 19 18 37 32 21 28 9 13 23 
1 37 26 14 34 39 22 17 21 13 5 23 0 33 
14 34 3 28 6 2 20 26 17 39 23 33 0 8 
12 9 34 39 14 4 13 5 36 11 31 21 0 23 
9 33 17 0 13 27 4 36 20 14 34 15 29 8 
12 21 31 8 20 28 38 6 0 24 22 33 25 11 
16 31 0 24 38 14 33 6 10 20 19 37 39 5 
22 13 31 34 15 16 20 2 0 8 23 5 3 7 
28 12 14 29 9 8 21 35 31 0 13 26 17 16 
11 10 38 4 6 2 0 33 8 30 1 18 14 12 
6 28 31 16 0 34 32 39 15 29 2 9 10 1 
24 27 34 29 17 7 13 19 4 12 11 0 38 37 
33 20 0 31 19 17 1 9 7 22 2 6 24 12 
33 13 29 26 18 17 0 3 39 16 6 14 34 10 
23 8 38 7 2 11 12 15 14 32 10 33 29 0 
3 18 9 4 32 0 26 35 19 38 5 20 1 30 
15 0 31 1 12 36 2 29 8 11 38 37 19 13 
4 22 10 0 3 15 6 29 36 28 12 1 23 21 
32 8 15 7 0 27 23 29 19 10 4 37 9 5 
5 24 32 39 0 36 17 31 35 30 4 7 29 33 
0 29 21 17 19 2 27 28 30 10 35 33 37 4 
22 28 31 18 21 25 20 27 14 1 0 10 38 26 
35 2 15 4 5 25 18 9 10 23 16 12 0 8 
15 34 4 16 32 0 6 7 13 9 39 24 35 2 
6 34 32 25 12 10 22 16 31 23 8 0 24 37 
8 36 30 19 11 12 20 24 5 17 35 0 2 23 
38 3 30 29 15 0 17 34 2 20 37 27 26 13 
25 26 34 38 12 22 31 0 16 20 7 17 18 37 
12 21 1 31 15 22 0 28 4 23 32 33 6 16 
24 4 20 0 37 26 13 29 19 25 2 18 10 12 
9 34 4 31 2 16 13 0 12 26 1 5 32 14 
20 38 3 19 12 8 39 11 31 35 32 9 0 7 
8 33 30 19 10 20 28 17 12 0 4 1 27 2 
16 38 25 0 37 12 19 14 10 7 4 27 8 30 
20 3 0 23 37 10 5 8 2 17 31 15 9 35 
29 18 17 1 28 6 0 7 26 13 2 27 39 4 
13 0 6 31 1 18 5 35 26 38 21 23 11 16 
31 33 35 16 21 0 15 27 12 17 14 9 13 34 
12 0 36 16 28 3 32 11 23 33 30 7 1 21 
29 22 37 36 10 4 13 21 20 26 33 31 18 0 
39 5 35 8 3 0 25 23 1 21 19 17 12 13 
6 11 3 18 14 7 2 0 17 8 19 23 21 36 
5 9 2 35 15 3 25 4 31 0 8 34 11 13 
39 28 22 37 11 4 12 0 9 19 32 6 34 30 
0 4 9 1 13 34 2 15 17 32 16 38 22 19 
16 15 36 18 10 35 34 38 6 0 2 29 22 23 
26 10 0 21 14 38 7 22 4 20 32 18 36 8 
19 15 22 31 1 28 37 14 23 9 0 4 24 16 
31 26 27 3 28 25 37 30 11 23 0 34 39 7 
33 30 4 32 5 21 25 2 12 1 0 26 14 24 
12 6 24 13 23 27 15 39 11 2 17 22 20 0 
7 28 10 37 23 6 0 26 38 11 29 34 17 15 
19 5 0 2 14 37 38 4 29 35 28 8 23 34 
27 35 36 9 1 4 31 23 7 19 20 30 22 0 
37 17 3 32 35 28 0 15 36 11 24 30 7 23 
30 0 3 14 8 12 6 36 22 5 10 35 20 34 
37 33 12 28 35 27 2 13 32 29 26 0 31 24 
39 0 36 13 16 12 17 23 8 20 32 38 22 34 
13 32 26 0 30 3 12 6 24 1 29 14 37 2 
0 16 2 32 3 36 21 38 15 14 4 33 9 29 
25 20 14 36 12 24 8 31 33 1 7 0 27 34 
16 33 22 21 28 8 37 1 25 29 0 19 2 15 
14 25 26 8 16 19 11 28 29 17 0 34 22 6 
25 23 32 24 14 2 34 31 0 11 13 18 27 30 
29 1 8 16 11 24 0 34 4 18 27 19 7 25 
23 4 0 33 19 21 29 35 20 17 27 24 39 2 
11 25 31 15 8 2 33 10 26 34 17 0 7 21 
14 19 20 11 39 24 16 36 4 10 30 2 0 34 
30 35 13 24 22 28 7 31 33 4 20 0 25 18 
32 3 11 13 2 22 0 30 10 25 21 16 8 34 
34 12 15 3 29 10 27 17 16 0 7 32 39 36 
14 3 1 6 35 19 20 0 29 39 25 7 33 24 
36 23 8 34 14 10 30 0 24 2 22 3 5 17 
39 20 18 26 0 25 5 21 17 36 23 35 31 19 
34 21 0 9 6 24 7 3 28 38 17 20 39 13 
37 34 36 32 24 9 0 29 25 15 11 26 19 17 
34 20 7 25 16 9 12 26 11 38 0 10 35 6 
27 4 28 15 10 30 32 13 0 8 3 12 20 16 
12 30 38 2 25 3 23 18 16 37 34 35 0 4 
0 3 16 14 32 1 27 30 19 28 6 26 10 25 
28 20 25 34 7 9 37 32 4 26 17 27 0 31 
9 11 0 25 37 20 3 21 28 8 39 30 6 38 
32 21 6 2 36 13 22 10 3 0 19 39 27 24 
12 16 39 10 13 29 0 23 1 24 6 5 33 27 
28 13 6 3 33 27 38 17 4 30 0 1 34 37 
37 0 3 12 30 8 17 34 32 1 23 4 21 33 
37 3 4 23 36 6 18 39 35 17 10 0 8 7 
1 22 4 28 6 14 32 27 21 12 2 3 0 7 
24 27 7 8 37 0 33 16 22 35 14 29 34 26 
19 36 31 5 33 30 16 22 38 17 1 0 15 34 
2 14 0 11 24 33 31 32 12 4 27 38 37 39 
3 29 26 39 36 0 22 20 6 5 37 33 25 10 
27 28 1 16 39 18 2 35 11 19 6 0 36 23 
33 0 25 18 17 38 36 39 35 2 8 14 29 12 
0 20 4 21 6 19 27 1 11 37 18 36 9 2 
24 0 39 31 35 6 22 17 25 13 21 23 27 15 
2 6 4 35 22 31 34 37 38 33 0 5 28 24 
2 7 14 3 0 9 29 19 17 35 37 15 20 36 
20 13 7 16 5 37 12 30 39 25 26 17 0 10 
31 33 16 8 29 9 0 19 37 17 25 21 28 30 
32 33 22 10 14 8 38 1 25 11 24 27 0 31 
27 11 31 5 39 19 15 12 16 1 13 0 21 38 
31 19 16 22 35 23 34 6 20 27 0 7 8 1 
14 22 18 31 9 10 30 39 11 33 21 1 0 15 
2 27 3 0 39 9 35 32 10 12 6 11 14 37 
11 0 8 15 28 17 38 34 32 13 33 12 5 23 
0 11 5 4 26 27 17 18 29 22 36 28 10 9 
19 26 16 18 4 34 11 10 14 24 0 37 25 7 
29 11 37 4 21 39 5 36 16 34 6 38 17 0 
0 24 34 32 1 26 29 28 27 19 8 22 30 35 
25 27 4 39 35 19 21 0 22 2 17 36 33 26 
0 29 23 35 26 30 3 10 6 12 31 13 38 36 
35 24 1 26 7 9 0 20 38 21 32 36 25 12 
33 22 31 34 14 27 11 0 3 28 29 38 35 4 
0 12 6 5 25 37 31 38 16 7 33 10 32 19 
0 7 3 14 27 18 32 12 35 37 13 38 24 22 
28 31 4 26 13 35 15 34 0 30 12 36 19 33 
10 39 14 6 16 33 13 26 1 7 19 0 35 21 
7 21 1 17 38 5 18 4 25 35 13 2 39 0 
23 11 5 34 14 0 24 12 30 18 9 32 8 28 
27 39 12 36 0 8 14 16 38 26 37 13 17 23 
7 9 37 15 22 39 24 31 0 18 33 14 25 26 
1 25 11 5 26 27 34 15 17 0 14 6 32 2 
24 12 0 29 28 36 31 15 34 16 14 3 23 9 
15 2 0 31 9 24 38 3 25 39 20 7 14 10 
27 6 23 29 14 32 9 12 5 4 3 38 0 10 
39 19 6 0 15 26 28 13 30 23 5 22 4 16 
20 13 22 19 27 0 24 23 14 28 33 32 3 25 
37 11 19 13 33 9 2 7 6 25 34 0 23 17 
14 32 9 22 11 8 17 7 12 27 23 13 0 4 
13 39 8 19 6 14 20 35 0 1 9 21 4 38 
9 14 32 11 20 26 38 3 33 19 25 0 2 8 
24 4 16 19 35 36 7 0 39 1 21 8 34 11 
24 1 0 19 5 34 2 15 12 39 3 20 32 16 
17 22 8 38 3 2 36 29 16 5 0 35 30 10 
7 4 19 3 35 11 18 1 24 9 0 39 25 26 
