29 4 1 49 26 42 24 44 41 46 20 37 48 25 
2 47 13 9 17 49 4 35 0 16 20 48 22 6 
43 6 46 13 25 42 28 36 3 38 45 8 1 16 
43 34 36 23 33 28 6 26 40 10 5 24 1 22 
31 1 40 30 14 12 35 41 7 23 46 20 36 8 
3 7 6 42 31 38 2 28 32 49 47 43 15 29 
47 35 4 1 19 12 43 27 13 46 30 17 38 31 
5 17 41 30 49 22 16 39 34 31 28 0 33 29 
8 1 33 21 14 28 9 3 42 45 29 25 24 18 
7 18 17 23 29 3 33 47 8 11 25 5 24 39 
44 5 45 35 16 6 48 13 20 15 3 25 28 43 
6 13 42 28 24 16 8 20 27 44 39 40 4 19 
42 44 34 28 45 26 21 47 33 23 29 15 7 48 
18 34 45 13 44 11 2 8 5 6 29 40 14 19 
33 23 2 35 32 20 39 14 47 37 11 15 17 12 
49 27 21 43 5 47 39 15 20 14 8 32 28 31 
19 42 24 2 27 7 9 10 3 12 13 43 45 8 
34 1 25 48 30 49 0 24 10 5 13 35 9 2 
7 38 44 21 15 2 46 9 0 24 16 32 40 28 
11 1 28 9 35 16 39 26 5 14 47 6 48 37 
29 13 1 28 8 23 46 9 14 45 17 35 4 5 
5 17 40 32 23 1 37 19 6 28 47 22 49 38 
30 2 46 26 18 1 40 3 20 7 15 44 17 38 
14 36 21 27 43 38 16 28 47 44 4 33 37 30 
0 14 40 12 15 49 23 31 7 28 38 21 29 27 
16 19 18 35 48 8 28 44 1 6 23 13 45 49 
36 48 46 10 24 2 18 5 23 45 4 30 34 15 
38 8 6 18 19 49 41 17 44 28 14 30 13 7 
44 9 36 19 30 18 0 8 23 5 35 25 12 21 
25 49 35 14 24 45 34 30 31 13 11 2 28 20 
43 24 27 2 6 7 23 46 9 11 33 42 20 41 
40 9 34 39 49 33 24 10 4 21 28 37 43 41 
43 46 19 15 29 10 24 5 16 20 4 17 36 9 
2 10 34 44 25 15 27 1 11 5 14 4 48 41 
30 44 49 38 22 24 17 15 13 4 26 33 32 27 
44 5 35 30 13 37 0 10 6 14 4 49 40 27 
28 8 35 43 37 3 32 27 11 2 31 49 12 34 
28 47 23 30 13 40 43 46 22 2 16 27 3 34 
7 41 21 31 17 15 11 9 12 48 2 36 4 33 
48 32 23 21 33 5 22 20 28 45 2 39 3 0 
18 20 9 7 10 17 24 11 48 1 19 36 23 25 
25 32 4 21 29 43 31 30 28 9 27 35 39 11 
23 28 43 36 22 13 5 41 42 30 49 21 10 18 
19 4 14 45 27 2 41 16 1 38 9 46 33 49 
30 2 24 32 43 27 49 35 36 1 45 46 16 42 
12 0 14 9 46 25 16 6 32 38 49 8 2 33 
10 24 26 20 3 45 11 48 2 19 9 27 43 7 
42 22 6 27 43 21 30 3 7 18 1 13 34 33 
19 29 16 10 18 17 13 14 9 8 41 12 40 3 
19 6 4 38 27 17 12 41 15 0 40 21 18 44 
32 20 3 11 13 42 36 17 10 19 4 43 22 37 
19 2 38 18 0 45 3 15 8 49 48 13 39 21 
14 13 45 19 31 42 36 20 32 44 34 12 6 28 
30 1 39 49 33 17 13 37 5 44 22 10 26 12 
5 24 41 29 28 17 3 47 19 30 8 6 34 15 
18 28 17 0 32 3 47 29 10 33 16 19 20 35 
31 42 49 45 19 43 16 20 30 8 13 46 25 47 
1 19 46 16 22 24 3 27 13 36 18 32 49 9 
35 16 23 31 12 13 0 8 10 18 37 43 11 4 
31 37 30 47 23 11 0 7 29 15 40 2 27 39 
20 42 27 5 7 28 2 23 15 49 32 31 26 4 
47 16 41 40 20 23 15 27 19 37 9 17 43 11 
40 11 10 33 8 46 17 20 26 0 12 37 1 31 
40 49 48 14 2 34 33 20 44 18 35 1 13 11 
6 35 37 19 43 28 26 3 0 7 36 18 5 29 
5 1 24 31 15 19 37 43 45 42 12 47 3 26 
43 26 9 14 41 37 29 30 19 0 2 6 31 36 
10 4 7 0 9 48 45 47 32 16 38 2 5 3 
10 24 8 32 14 43 1 41 40 34 0 33 6 31 
18 46 49 12 36 40 42 41 3 25 45 9 5 32 
22 41 15 46 12 2 21 4 38 40 23 39 24 45 
11 26 46 12 21 48 4 36 10 25 38 40 5 17 
14 19 2 30 40 0 26 48 22 23 20 17 49 3 
11 26 14 3 45 23 17 36 35 7 6 46 27 1 
45 1 40 49 38 34 39 10 11 29 21 42 36 31 
9 33 35 24 43 8 10 34 25 38 12 39 29 47 
41 21 36 6 16 45 47 38 23 46 13 7 14 29 
43 31 29 46 4 28 45 15 36 40 14 3 26 1 
25 27 49 8 7 47 42 32 33 12 1 37 20 19 
49 28 14 15 23 8 39 13 43 46 41 35 19 12 
11 42 15 37 1 31 16 8 25 34 23 0 3 19 
32 19 16 8 23 25 20 37 22 29 21 28 36 26 
31 27 12 4 44 28 25 10 49 6 46 35 13 34 
32 49 41 25 4 33 28 22 44 34 3 35 46 26 
0 6 23 48 35 14 37 31 13 28 24 2 21 5 
26 46 23 0 34 49 6 11 35 44 4 24 37 29 
26 37 24 3 6 35 25 10 27 31 7 45 44 18 
25 3 24 22 27 37 15 9 49 18 36 43 10 47 
46 3 22 0 48 40 44 27 42 26 5 35 32 6 
0 39 6 19 14 25 3 9 35 48 15 44 11 32 
16 47 13 3 8 20 49 38 42 18 45 9 1 31 
41 17 12 30 16 11 15 9 1 24 23 36 47 32 
20 16 38 31 7 10 29 21 26 39 3 9 12 28 
0 17 14 5 31 21 38 20 43 34 28 2 47 26 
43 48 5 16 6 18 31 22 8 40 24 44 29 36 
48 6 10 30 27 41 3 2 8 14 44 4 47 16 
20 40 47 1 29 49 33 42 0 17 31 30 2 41 
32 1 16 19 7 9 42 18 45 38 39 8 11 20 
12 46 16 41 27 13 23 47 9 25 38 7 42 22 
33 10 4 31 14 35 45 11 39 16 13 22 36 48 
35 25 30 27 12 37 49 47 31 18 46 8 9 38 
19 15 44 20 28 13 48 36 21 29 32 31 1 5 
23 13 1 45 7 24 15 49 20 36 38 32 25 47 
33 37 19 20 49 17 23 5 45 42 40 47 0 15 
47 13 2 39 32 22 49 24 42 38 5 45 33 35 
39 10 18 44 36 33 15 32 45 16 47 11 3 28 
37 28 3 31 21 26 1 12 46 0 29 14 35 33 
23 20 34 36 47 3 7 0 22 9 40 10 41 8 
46 16 8 39 6 0 48 45 24 27 30 26 11 23 
13 19 45 12 41 33 6 0 30 4 44 29 37 21 
47 44 28 36 25 24 11 16 32 31 2 20 15 23 
38 34 19 30 23 4 25 46 32 40 18 21 48 9 
31 38 23 48 46 10 4 29 20 26 39 24 47 6 
31 47 25 37 6 39 27 29 4 28 41 16 0 11 
35 32 46 3 18 40 25 7 24 39 22 11 5 43 
18 30 33 31 28 40 16 22 1 26 45 37 3 38 
19 44 0 49 35 38 26 31 10 22 15 32 34 37 
0 19 40 36 34 25 42 22 10 38 24 21 13 32 
40 24 12 39 19 17 23 16 13 9 37 30 5 46 
33 18 26 2 32 24 40 16 44 35 23 8 0 47 
19 40 41 6 38 39 2 9 29 21 28 43 23 14 
36 6 45 17 33 8 13 2 48 24 34 0 20 25 
23 14 4 28 30 16 15 43 39 25 12 49 34 40 
19 30 27 40 7 3 5 36 45 35 9 21 2 28 
4 47 5 1 28 7 46 9 43 14 29 38 22 34 
0 35 5 38 45 47 19 33 17 37 28 27 36 43 
16 8 7 0 32 31 37 12 15 45 35 38 14 49 
5 39 4 31 10 40 2 48 37 25 3 35 19 27 
43 10 33 22 39 6 17 47 46 30 16 4 38 35 
44 6 21 46 28 18 43 30 2 15 17 23 32 40 
35 15 23 30 20 7 11 3 49 40 17 26 45 33 
15 33 13 43 7 12 24 18 17 48 37 11 19 36 
43 27 25 35 41 14 24 30 19 38 28 17 46 49 
40 34 30 4 48 3 10 23 29 28 35 0 15 46 
38 21 6 43 40 23 33 16 15 27 13 32 3 42 
15 38 7 32 33 10 23 46 21 48 13 22 12 9 
5 14 1 9 30 42 40 4 31 46 7 38 15 35 
49 8 35 23 12 45 32 17 18 33 30 44 25 27 
5 25 6 45 44 2 39 21 23 15 22 20 28 29 
16 28 33 12 20 34 11 42 46 49 36 29 9 23 
0 29 47 35 16 30 22 13 33 48 11 32 3 15 
16 6 47 33 39 11 34 24 42 10 48 8 40 35 
25 30 39 27 32 8 12 20 22 11 33 17 4 7 
5 1 33 37 47 18 12 17 24 49 36 15 38 16 
31 40 14 20 4 35 39 32 1 48 26 29 28 36 
21 13 18 4 17 49 44 38 20 8 5 47 10 36 
11 40 8 21 45 3 44 41 48 30 47 5 16 1 
23 0 20 37 10 9 31 26 22 24 14 34 6 27 
30 46 16 21 2 0 25 7 6 37 41 42 40 23 
15 34 8 29 22 27 49 6 46 41 5 12 4 32 
36 22 9 34 40 12 25 47 10 3 7 16 15 35 
36 25 3 12 38 45 23 16 8 30 20 33 40 10 
8 21 49 46 44 7 15 42 14 35 43 12 19 38 
39 23 5 47 26 31 45 30 0 13 48 20 38 2 
3 48 30 36 5 28 8 14 9 37 35 21 46 39 
34 24 48 8 35 47 17 40 46 29 21 25 11 45 
45 25 5 31 23 41 1 20 46 2 24 4 21 44 
2 23 35 41 36 9 39 6 4 49 27 12 1 8 
2 11 30 5 34 24 0 18 45 40 28 13 7 39 
7 24 10 25 48 3 29 17 20 42 44 12 38 26 
4 32 13 36 26 35 33 44 48 17 19 45 8 0 
15 32 10 1 47 20 36 0 38 30 40 6 26 9 
17 9 32 14 25 47 28 33 0 3 2 1 42 34 
42 38 9 6 3 7 14 21 20 30 23 18 15 33 
34 1 41 14 13 44 40 12 23 30 35 43 24 33 
41 38 3 40 27 22 31 48 18 7 34 4 14 28 
4 21 42 11 44 30 2 33 3 18 7 12 32 16 
45 18 25 6 7 9 37 35 39 4 23 1 42 3 
48 5 44 22 11 14 6 38 1 36 20 41 2 21 
25 14 10 24 39 2 5 46 11 9 26 28 31 3 
49 8 26 19 2 33 23 1 32 16 35 20 18 31 
27 40 41 20 24 15 8 45 17 35 33 37 29 4 
32 30 38 35 3 36 37 28 29 11 15 31 34 45 
46 28 47 5 40 36 16 14 23 44 18 43 3 34 
17 43 41 2 5 20 18 11 24 26 4 14 34 7 
40 8 22 15 46 17 44 13 20 47 29 36 48 43 
27 10 40 31 2 25 19 14 36 42 33 28 37 5 
31 43 15 45 16 17 19 9 21 7 8 38 13 28 
36 20 27 37 33 10 8 25 3 0 43 22 32 31 
22 2 6 44 1 49 27 38 28 41 15 0 24 3 
10 35 27 3 31 48 13 12 47 11 34 45 32 40 
41 24 33 9 36 46 49 11 26 44 34 18 1 13 
23 38 12 43 0 24 15 6 47 5 48 26 20 45 
36 17 34 27 0 20 37 28 46 45 11 33 30 48 
45 27 22 11 3 26 32 37 18 34 49 40 5 0 
37 8 13 15 41 7 32 34 4 46 16 11 42 36 
42 48 44 35 31 23 2 19 13 0 46 6 38 36 
25 10 17 23 8 30 6 39 5 42 18 7 19 45 
44 28 46 29 18 33 27 39 8 16 25 43 2 1 
27 20 2 9 34 1 14 28 38 17 45 4 22 12 
7 35 36 9 43 47 40 18 29 22 1 6 3 34 
2 4 47 9 31 12 42 21 18 13 30 5 48 46 
6 0 44 16 28 26 1 38 34 36 40 9 47 18 
46 33 34 8 31 30 44 48 17 22 24 40 43 10 
48 2 28 20 43 32 4 37 12 22 19 25 46 31 
11 8 37 43 6 18 24 42 0 3 48 16 34 23 
39 32 40 19 42 6 8 48 9 49 14 24 4 30 
8 21 41 18 48 16 25 0 3 36 4 33 47 30 
13 40 25 22 43 14 34 49 47 1 44 8 45 31 
8 26 20 35 49 15 28 48 40 12 17 5 31 22 
22 13 32 41 18 10 23 2 20 19 35 24 27 7 
30 18 3 45 21 16 37 49 42 44 41 23 6 2 
26 31 41 25 27 42 38 32 19 36 11 39 40 35 
21 9 22 8 14 12 11 28 16 38 29 45 5 25 
5 49 16 39 14 0 40 13 21 19 47 15 46 30 
6 48 3 33 39 14 1 16 8 43 22 37 25 28 
19 41 4 14 37 32 7 18 22 35 43 9 46 6 
13 7 14 19 23 17 16 38 44 46 11 49 48 32 
10 43 33 36 0 49 9 3 5 15 8 34 41 39 
32 27 1 20 24 37 39 22 7 18 29 21 38 44 
18 21 5 1 48 34 4 31 46 14 27 26 12 32 
8 0 48 20 30 17 49 1 40 18 47 13 38 28 
20 34 32 31 47 43 0 36 26 49 9 2 15 4 
21 40 49 20 11 45 48 13 17 3 27 46 34 43 
11 28 32 20 49 21 17 1 48 12 5 29 6 37 
45 40 22 36 31 47 34 17 20 27 2 5 14 8 
21 36 7 35 2 19 22 6 34 3 15 38 8 5 
9 23 41 17 46 10 25 28 0 14 18 49 32 1 
29 6 26 2 5 13 32 20 23 37 19 31 41 42 
15 23 16 35 9 17 37 39 10 28 32 49 38 18 
11 39 21 24 4 16 42 14 20 33 28 48 45 43 
26 20 29 7 47 28 5 18 27 40 33 38 24 8 
32 16 13 5 26 11 46 41 31 35 23 33 29 7 
46 17 44 5 33 3 2 36 15 24 32 18 43 25 
2 23 10 32 40 37 14 12 41 24 42 47 16 22 
48 43 5 37 24 47 14 32 42 33 20 17 1 44 
8 26 25 3 32 24 0 21 18 41 36 48 14 33 
40 47 18 19 1 31 27 3 22 14 0 17 20 41 
20 41 18 4 0 37 21 40 5 48 27 46 38 35 
18 24 35 19 21 45 12 36 8 1 43 27 41 30 
46 43 24 19 9 5 48 4 27 30 25 12 26 0 
35 1 0 45 30 3 37 5 24 17 12 4 10 31 
44 12 11 10 26 33 22 16 2 36 0 48 6 19 
31 38 44 40 20 1 30 22 32 48 25 2 16 26 
45 5 7 12 42 25 0 16 21 18 6 19 46 49 
46 1 41 23 9 6 34 7 0 11 30 39 33 16 
48 35 49 43 42 2 15 27 19 32 46 5 17 1 
12 49 17 7 2 11 13 31 32 22 29 37 42 47 
0 6 33 47 36 13 48 31 41 3 14 7 18 43 
3 28 49 39 19 9 21 25 44 43 16 7 41 6 
33 4 39 35 37 38 13 5 25 11 16 22 3 27 
37 18 9 22 48 38 40 8 46 31 28 36 3 30 
44 21 10 35 24 30 26 40 22 28 37 48 5 25 
6 46 12 36 47 39 41 30 40 28 14 31 9 18 
28 34 36 24 7 45 43 11 19 8 47 15 9 46 
7 2 36 33 43 19 39 25 11 14 18 41 31 48 
12 6 45 43 4 9 23 8 26 25 40 35 13 24 
7 39 27 8 30 16 44 28 20 40 42 13 24 26 
28 11 19 16 27 24 49 41 38 10 32 34 23 43 
27 1 6 4 24 15 48 22 11 38 45 43 36 29 
1 18 37 44 20 6 28 35 10 4 13 49 0 43 
45 12 6 0 44 27 2 1 26 47 41 38 21 9 
32 30 27 19 10 40 24 7 2 4 15 42 1 13 
47 18 14 19 39 30 43 38 46 49 25 3 7 20 
27 26 22 41 13 14 19 5 4 7 18 32 16 30 
0 26 15 6 11 10 13 18 29 41 24 7 35 28 
8 42 5 39 45 25 10 11 1 3 12 9 4 18 
47 27 22 4 9 16 31 40 48 41 18 34 37 35 
43 44 10 29 13 2 32 41 36 28 25 15 48 7 
30 2 24 15 13 23 32 40 43 12 37 14 39 7 
5 41 2 26 46 18 23 20 45 17 38 44 35 34 
47 45 19 25 42 20 6 22 8 17 24 37 15 41 
38 42 11 5 2 24 16 19 7 29 34 36 44 22 
16 31 15 41 22 6 37 3 7 35 45 25 34 10 
12 10 11 31 45 27 17 48 34 16 41 3 8 49 
32 12 30 19 44 25 43 38 11 22 24 3 40 29 
20 45 15 33 12 7 46 17 35 29 30 11 38 49 
25 49 33 10 32 14 31 7 18 48 17 6 0 40 
11 16 20 0 44 35 1 43 46 22 18 28 27 3 
4 1 23 17 25 7 31 40 35 28 44 3 13 22 
30 12 16 27 19 48 5 44 2 15 42 17 37 3 
14 36 27 0 2 5 49 7 21 1 44 38 4 28 
12 32 38 45 30 7 31 39 43 22 24 4 23 41 
49 39 1 43 41 27 16 6 2 3 45 25 28 32 
38 21 29 42 17 23 10 5 24 7 19 28 20 18 
38 45 49 40 43 4 20 15 8 11 48 36 37 0 
42 22 12 46 43 41 25 49 18 39 21 0 6 13 
4 15 21 7 44 19 28 33 27 2 26 42 18 23 
19 1 4 38 39 49 20 40 29 46 33 41 35 42 
49 35 44 42 19 5 48 39 20 18 4 11 34 15 
49 16 25 20 7 36 12 26 43 10 44 35 34 31 
8 44 31 49 48 11 4 25 26 9 13 0 29 2 
25 43 22 19 9 27 5 15 28 7 41 47 16 32 
6 5 41 37 32 45 31 3 23 4 12 44 49 48 
18 48 23 30 7 14 25 31 34 37 29 21 17 46 
0 37 49 27 8 42 31 46 5 41 16 15 18 1 
12 29 14 10 5 0 32 6 27 2 33 34 9 47 
24 7 13 21 36 17 25 32 16 38 2 4 35 30 
40 30 34 23 25 5 44 21 48 28 8 2 46 41 
30 11 9 24 46 39 13 29 27 37 31 7 48 22 
18 40 1 30 35 39 12 6 2 42 34 13 22 14 
4 30 42 46 19 20 24 35 44 14 49 18 11 13 
39 33 19 22 11 48 6 40 24 31 37 21 42 23 
0 16 13 47 40 15 49 41 19 38 26 11 31 39 
1 14 46 2 29 21 40 33 17 28 41 38 23 10 
49 3 0 33 7 24 34 43 36 27 6 47 11 29 
13 41 44 31 36 9 48 11 22 18 3 46 49 0 
49 8 3 38 29 47 17 18 39 6 13 30 12 37 
19 37 15 9 20 6 32 23 27 11 49 22 41 42 
7 0 9 20 19 42 33 10 4 22 46 28 18 44 
24 26 2 47 27 17 8 46 12 43 45 34 29 20 
1 21 36 22 16 37 47 32 23 43 11 6 24 28 
30 21 31 10 12 46 45 16 23 17 44 41 27 48 
17 47 43 9 21 24 48 4 26 39 23 28 18 27 
35 19 11 37 21 36 31 12 30 9 26 28 45 10 
12 40 25 22 44 45 29 36 14 49 13 37 38 3 
41 44 18 34 5 16 39 19 2 14 48 25 13 22 
11 33 42 21 30 28 2 31 0 37 23 24 1 10 
17 36 8 42 44 15 21 32 25 28 48 13 1 11 
39 14 26 20 41 6 36 9 31 22 23 2 30 38 
21 17 31 18 5 36 26 45 6 24 43 8 0 46 
11 16 46 0 18 23 17 43 24 42 30 44 28 9 
19 31 15 18 20 49 39 1 33 8 7 45 46 24 
25 9 49 36 18 32 47 10 21 17 7 16 37 15 
34 27 18 21 29 10 48 24 35 12 25 38 47 15 
24 42 10 3 21 40 5 25 22 27 1 30 11 7 
19 20 49 41 5 8 7 14 44 43 12 31 35 13 
38 6 48 40 31 41 21 20 29 26 35 23 30 37 
36 0 49 20 35 47 30 6 17 26 18 14 37 39 
9 25 41 6 38 8 39 40 44 37 10 24 49 34 
10 15 30 0 48 36 17 32 31 19 6 22 25 5 
41 16 19 3 7 25 42 46 45 39 5 11 8 27 
32 24 30 3 12 31 26 23 28 4 22 17 21 47 
21 2 40 49 10 25 17 28 11 30 5 29 23 48 
39 40 2 37 6 25 33 36 30 35 27 15 13 34 
17 34 45 14 47 32 24 44 30 21 36 19 16 38 
5 38 29 13 12 21 28 48 8 47 41 18 33 15 
46 41 48 11 3 7 22 38 17 0 49 29 14 27 
37 10 43 40 30 41 6 35 4 21 11 7 31 28 
42 4 12 22 35 7 26 28 23 46 16 24 40 1 
10 30 26 45 48 27 29 19 9 21 42 47 25 36 
15 41 44 17 9 38 36 33 26 29 11 32 19 49 
33 32 41 22 38 9 45 37 21 29 10 6 43 40 
14 47 36 5 27 19 21 8 28 37 43 1 29 0 
43 20 23 34 35 24 2 49 8 28 36 48 0 14 
14 4 36 17 35 37 23 7 28 33 6 15 16 21 
6 24 30 16 11 41 43 35 42 45 38 19 5 14 
21 29 38 28 11 8 5 32 44 6 1 10 45 9 
27 18 38 4 33 43 21 20 14 13 16 26 37 42 
30 33 44 34 15 38 47 42 27 7 32 24 17 21 
43 36 37 38 7 49 10 11 30 4 41 26 40 1 
31 19 22 30 17 28 23 0 35 47 21 45 11 13 
35 19 15 2 16 32 28 45 3 21 44 5 13 10 
22 47 32 0 35 1 23 6 33 8 46 37 36 17 
32 12 43 11 6 49 28 36 37 27 41 26 13 10 
24 18 23 45 16 38 12 37 21 5 26 13 9 49 
13 47 2 20 5 28 9 16 29 18 31 27 38 32 
34 41 37 49 35 0 29 11 20 15 44 47 25 42 
10 34 22 3 17 9 16 40 31 13 18 5 11 7 
48 26 8 39 13 19 5 0 38 43 25 20 23 27 
10 40 23 28 35 34 18 13 48 33 45 12 49 24 
37 7 25 34 22 40 23 6 8 35 21 45 12 1 
17 42 27 9 11 6 41 23 20 38 26 33 29 5 
19 26 46 20 16 35 7 0 32 49 21 11 8 42 
14 27 15 44 21 31 3 4 18 2 41 34 10 48 
45 30 33 9 2 26 19 17 34 21 37 46 24 23 
7 15 5 22 41 9 10 25 0 27 2 49 35 43 
40 16 20 1 49 34 6 37 28 15 27 42 11 32 
5 17 14 45 37 11 26 30 33 25 28 32 49 27 
43 16 30 42 17 37 15 26 29 23 3 41 22 33 
48 6 22 15 44 35 19 7 18 21 49 3 46 4 
13 4 36 9 25 49 39 3 27 12 14 37 28 31 
43 1 10 6 35 15 2 42 40 41 33 11 17 19 
48 7 37 12 33 0 45 38 18 16 8 19 11 31 
44 6 13 1 33 4 14 37 24 0 23 20 40 7 
31 5 13 39 38 0 47 1 37 19 7 6 33 20 
29 42 45 38 12 24 46 48 31 4 37 47 49 25 
37 1 33 48 18 17 21 7 24 11 15 12 43 31 
39 4 48 8 47 27 25 43 33 10 26 9 42 16 
17 21 18 12 42 31 0 27 19 23 11 1 38 33 
34 41 31 49 44 7 0 30 17 32 24 21 18 27 
6 1 38 48 46 18 31 23 14 4 36 3 24 37 
36 42 15 7 2 44 32 30 19 47 21 12 28 46 
24 9 49 7 26 41 11 27 33 43 47 16 45 8 
37 34 21 49 16 46 14 28 19 5 3 7 42 47 
48 16 41 45 21 22 43 35 32 28 7 40 46 5 
29 8 25 48 17 9 28 10 11 7 23 18 14 34 
2 26 6 41 29 13 44 20 10 27 39 17 34 11 
47 16 39 20 43 10 27 14 37 4 17 26 23 38 
4 23 33 21 17 42 5 9 45 29 34 28 0 16 
3 19 44 20 28 31 26 36 5 0 23 46 39 2 
38 11 19 22 32 23 49 34 48 4 1 28 8 31 
45 34 9 36 4 38 31 23 48 21 13 6 16 35 
33 23 31 49 11 17 28 8 9 43 4 0 7 35 
19 23 6 40 34 18 29 17 3 41 8 38 15 22 
34 16 23 17 22 15 48 18 2 21 19 47 43 7 
38 1 34 30 26 35 28 13 24 36 25 9 3 27 
40 6 12 8 26 4 47 5 3 17 28 46 45 38 
40 44 26 37 16 18 47 3 1 12 27 23 19 21 
41 17 9 39 33 31 8 11 1 13 10 23 18 21 
28 17 0 10 19 39 18 25 5 30 20 47 11 48 
37 43 35 27 29 40 25 49 47 39 21 5 19 4 
6 34 19 20 23 1 3 46 16 0 10 21 49 11 
32 36 46 5 27 19 23 21 48 44 8 39 31 3 
36 46 43 9 20 23 3 17 14 33 35 7 11 42 
19 2 10 34 21 27 42 18 14 16 15 47 28 31 
27 31 20 37 47 4 7 10 14 21 44 17 24 36 
31 0 8 7 19 10 49 24 12 2 4 28 36 30 
20 30 13 8 17 40 9 38 35 11 22 48 29 47 
16 44 8 5 18 6 20 39 28 48 33 34 14 19 
6 16 22 36 0 23 12 38 27 10 5 18 44 32 
0 35 24 3 32 29 28 26 27 22 23 19 36 40 
22 7 47 3 19 8 39 35 12 43 28 49 31 46 
5 31 37 3 4 0 39 6 21 18 29 14 22 28 
34 3 44 7 39 17 37 12 6 47 25 8 21 11 
39 9 26 25 44 5 45 18 11 16 20 12 29 28 
43 5 41 30 6 33 15 21 47 23 2 28 3 42 
33 40 7 32 29 27 37 43 13 25 42 19 24 44 
21 46 26 19 41 16 45 13 12 0 11 22 27 47 
31 14 9 34 15 20 10 39 37 46 21 12 8 7 
4 33 27 15 48 25 14 41 6 34 32 9 3 46 
28 0 22 13 6 15 27 19 42 33 20 30 7 49 
44 31 12 46 23 2 39 48 33 28 7 3 24 9 
36 26 44 11 31 4 25 29 42 15 10 27 19 3 
33 9 25 27 41 7 36 44 24 28 45 13 47 48 
0 6 14 3 37 7 13 8 17 49 10 1 48 9 
48 13 16 40 15 11 20 10 35 2 37 26 21 1 
6 42 16 15 3 12 25 17 5 23 38 41 0 21 
15 7 3 22 1 12 43 8 17 13 16 14 49 27 
13 31 3 19 41 18 49 11 7 8 16 23 12 28 
15 43 48 0 7 13 1 10 28 26 18 35 17 39 
1 16 28 26 34 35 49 12 15 21 31 4 5 39 
47 40 31 26 10 13 2 45 7 24 25 19 35 28 
30 41 25 47 3 16 21 19 43 46 28 37 11 5 
42 1 32 10 7 28 9 41 44 4 43 0 22 13 
36 31 26 45 23 10 6 7 0 11 13 43 47 12 
37 3 14 19 32 44 4 6 11 22 33 12 49 8 
46 2 3 36 11 13 12 7 35 8 5 10 18 26 
23 40 17 47 9 4 36 41 35 34 45 44 16 39 
4 30 23 32 45 13 6 3 39 9 7 17 25 20 
32 33 9 45 4 24 22 29 48 5 2 15 21 12 
0 30 25 36 19 33 10 11 14 13 9 28 18 49 
36 20 30 28 46 43 44 21 22 0 42 26 34 41 
27 43 42 13 38 0 14 48 26 47 16 31 44 4 
3 36 8 17 32 30 39 40 14 31 28 26 33 19 
39 47 48 37 46 16 42 10 2 3 5 34 23 32 
36 35 47 44 13 46 49 31 40 33 1 41 24 27 
48 10 44 4 38 21 29 45 3 0 31 32 43 34 
6 14 39 43 23 13 47 48 25 12 42 45 36 34 
40 2 33 0 7 23 14 41 3 49 17 29 28 1 
18 46 38 25 1 16 45 8 30 27 7 26 49 40 
1 26 37 27 13 3 38 0 48 36 40 5 18 20 
40 3 22 44 36 2 35 8 37 32 7 9 41 48 
34 0 37 3 46 20 17 38 2 40 13 49 36 22 
48 45 37 13 14 27 33 16 32 1 2 44 6 24 
27 28 29 43 46 6 49 39 48 7 35 22 31 30 
24 42 48 17 1 44 43 12 20 45 22 25 38 27 
36 33 17 39 14 34 47 3 13 4 27 48 28 23 
0 26 9 29 16 2 18 33 23 31 20 24 27 40 
49 5 6 39 33 21 26 46 7 45 30 14 22 12 
15 49 22 25 41 39 27 44 48 40 9 3 1 34 
17 18 2 14 13 26 39 12 42 8 9 34 29 7 
14 22 48 21 15 18 34 39 3 43 44 33 6 13 
16 29 23 38 0 47 5 13 10 33 39 35 26 36 
23 6 28 5 47 41 2 48 25 4 42 17 9 46 
17 14 41 36 6 34 2 1 7 24 49 46 29 5 
17 31 25 47 22 9 45 18 40 48 30 24 0 14 
17 0 29 1 36 42 6 7 8 45 34 28 12 41 
26 23 38 14 34 7 49 31 48 24 22 35 5 45 
27 11 48 28 43 9 2 33 38 35 16 21 49 41 
25 7 29 13 38 46 48 21 37 14 45 28 39 23 
28 31 29 39 2 33 24 0 48 26 12 5 47 7 
14 20 43 38 23 1 36 29 16 35 13 24 32 30 
27 26 6 21 1 2 41 24 39 29 49 47 46 15 
18 9 49 30 32 26 44 33 20 1 45 35 34 11 
42 46 6 43 38 47 7 2 49 18 40 14 32 0 
24 39 34 20 16 21 45 2 44 22 42 10 35 17 
45 38 11 14 44 3 19 8 4 22 47 2 37 27 
47 38 41 26 5 4 10 1 31 46 2 32 21 28 
22 20 46 48 47 44 32 10 14 6 5 12 41 31 
4 23 0 35 16 18 12 22 40 11 9 46 33 19 
24 2 25 9 36 17 23 31 38 20 47 13 18 22 
27 49 11 35 15 8 19 1 9 6 40 25 0 21 
14 49 48 15 9 25 44 6 10 23 41 28 7 32 
30 2 18 29 31 11 26 0 17 4 47 34 16 37 
46 22 47 39 38 45 18 12 35 23 42 8 40 29 
42 26 19 24 8 28 4 11 20 15 3 36 46 2 
48 26 27 24 37 36 42 28 29 3 32 38 43 13 
43 37 33 48 2 0 25 18 19 11 15 36 16 22 
9 44 11 8 49 26 38 29 6 12 37 39 17 40 
47 17 9 30 15 8 36 34 1 40 42 27 28 31 
40 8 48 36 30 27 19 39 5 4 18 21 29 42 
6 13 35 45 22 29 31 18 5 8 1 41 39 4 
30 41 35 39 28 40 16 22 27 9 10 3 45 37 
16 32 37 28 5 34 18 31 19 22 17 25 24 39 
0 17 26 22 47 14 46 18 45 8 15 40 6 4 
48 45 25 23 49 22 43 13 5 41 46 19 24 21 
4 9 11 0 43 49 12 38 48 31 36 25 30 2 
49 13 34 14 2 1 21 38 44 26 8 45 17 27 
20 27 19 1 42 2 22 48 31 45 32 17 5 35 
32 25 29 46 45 15 37 44 35 2 34 12 36 11 
19 10 48 14 38 5 3 40 20 22 21 23 4 18 
24 5 18 6 19 46 13 0 37 32 42 31 14 16 
6 17 25 20 45 43 46 23 26 36 3 38 21 8 
22 45 32 29 36 23 21 49 15 34 47 33 9 48 
8 18 33 42 21 6 36 31 9 44 17 22 37 24 
2 33 13 0 35 45 8 19 18 7 39 17 6 40 
28 40 15 35 7 48 3 29 14 46 45 23 6 24 
26 31 42 28 45 11 46 37 27 6 25 43 38 10 
32 14 43 47 17 9 30 3 16 10 26 23 39 27 
23 6 25 11 49 7 1 27 22 29 3 28 44 10 
11 45 35 44 9 3 25 41 43 6 16 1 29 47 
1 9 7 2 29 25 21 35 16 26 10 30 12 37 
27 21 29 28 10 11 34 40 39 22 42 25 38 12 
49 24 47 11 29 14 1 4 34 45 22 30 32 41 
34 13 36 40 4 5 26 9 41 18 46 29 32 21 
38 0 43 9 49 11 21 35 41 32 27 31 23 20 
33 47 17 48 27 11 22 9 25 2 34 12 5 42 
35 22 21 32 38 30 24 16 2 49 31 9 41 42 
24 30 10 39 20 46 0 1 35 4 45 7 48 42 
30 37 0 39 22 8 11 26 38 41 16 13 44 10 
15 47 20 45 31 35 8 36 30 9 11 29 6 18 
5 9 17 15 45 46 13 7 39 8 36 6 43 32 
5 33 11 43 24 42 34 39 17 7 0 2 22 3 
33 42 36 12 13 9 35 43 32 28 49 6 44 15 
1 38 2 48 11 32 20 26 36 8 47 34 19 22 
42 31 33 28 48 4 12 25 20 49 2 40 29 39 
35 44 22 33 32 11 2 34 13 12 1 28 16 19 
6 27 39 35 23 4 21 36 15 29 25 16 14 5 
11 36 12 1 28 10 33 37 43 17 26 27 18 48 
44 10 18 46 33 23 37 27 0 15 38 39 36 13 
44 42 37 20 33 46 24 25 30 7 16 14 36 10 
15 4 33 23 1 12 10 13 14 40 27 28 36 35 
25 43 31 27 45 9 5 38 4 44 1 11 49 29 
24 23 7 35 30 46 16 2 1 36 49 18 32 27 
18 8 14 19 45 9 28 40 23 39 47 46 33 25 
3 19 20 34 9 11 23 15 5 27 48 28 38 47 
3 37 44 38 40 10 25 26 43 33 49 13 1 16 
2 23 0 26 37 22 19 30 13 29 21 11 20 7 
42 1 44 22 23 40 4 10 7 3 49 8 21 34 
13 21 19 29 4 36 45 17 33 48 11 37 7 49 
32 1 21 18 40 19 45 20 47 44 38 13 28 24 
25 36 3 29 46 4 42 8 38 33 34 49 0 18 
41 27 24 28 9 31 21 25 14 35 17 12 37 2 
35 13 18 23 22 41 49 5 2 8 42 48 45 46 
27 10 28 48 5 22 41 14 45 30 38 11 44 33 
15 19 39 10 43 35 45 22 24 13 11 17 31 42 
14 41 23 16 10 36 43 4 18 35 26 47 13 8 
46 27 41 21 31 20 39 24 14 38 42 45 3 5 
29 39 36 16 12 18 31 45 8 19 2 48 20 23 
3 23 37 24 11 48 8 27 25 17 6 30 10 33 
11 0 46 34 7 15 42 1 43 18 10 47 30 24 
1 40 27 45 35 47 20 34 26 2 25 43 3 31 
20 48 14 25 24 49 8 27 10 46 5 16 12 11 
32 20 29 26 43 30 36 10 25 39 5 12 38 16 
3 35 28 43 21 40 23 32 15 48 42 39 12 38 
40 16 25 20 32 23 31 18 5 6 29 19 44 45 
30 14 23 13 35 48 8 28 20 3 11 6 34 21 
0 8 19 40 12 1 31 29 32 46 11 5 13 39 
30 41 15 47 1 28 12 31 17 5 10 37 39 14 
24 25 47 38 2 13 44 43 5 22 30 18 26 41 
16 38 23 5 15 2 32 43 37 28 10 19 18 21 
14 0 11 4 34 2 47 41 48 10 28 19 12 45 
42 4 39 12 11 5 20 41 2 24 22 46 8 40 
44 15 24 31 13 17 6 5 49 9 43 41 42 38 
4 42 10 22 37 33 39 34 3 9 41 14 35 45 
22 40 7 19 0 33 39 46 27 34 4 36 20 8 
4 33 46 11 15 24 23 29 42 41 28 47 31 5 
26 42 13 38 25 7 49 8 39 5 31 20 37 2 
19 41 7 8 23 25 32 10 18 35 36 37 30 29 
9 24 37 19 35 8 26 34 10 11 40 33 23 44 
22 36 26 38 12 0 43 20 48 32 9 49 39 8 
31 12 37 44 10 23 22 40 4 26 24 13 36 0 
12 47 26 45 20 40 35 44 13 21 27 48 32 30 
30 21 17 28 15 3 33 0 24 39 18 4 47 31 
6 9 22 18 39 15 26 46 8 16 47 32 7 45 
49 32 27 40 48 12 21 22 43 2 18 45 37 0 
25 45 6 48 47 43 21 35 41 29 42 32 26 44 
32 46 45 19 1 2 34 21 23 27 47 24 17 26 
1 31 0 20 7 13 3 21 14 22 8 40 18 48 
21 11 23 15 40 27 14 16 24 32 28 46 44 18 
16 39 49 35 9 11 13 41 10 5 40 15 8 46 
4 21 18 41 49 32 23 26 10 3 25 0 40 47 
48 1 31 17 34 20 24 7 23 29 44 38 0 8 
25 42 11 21 41 36 48 38 24 4 43 28 14 12 
40 48 31 3 21 47 19 15 20 25 41 23 44 8 
44 43 25 4 48 5 2 16 40 45 1 9 46 28 
31 3 41 21 30 48 0 43 35 18 44 11 39 4 
16 11 36 13 18 26 1 49 42 22 2 33 7 27 
5 31 32 7 36 14 35 41 15 0 8 3 49 38 
18 15 13 19 25 34 40 32 10 31 30 46 1 47 
34 35 17 15 39 23 1 30 4 2 45 44 26 46 
24 25 40 33 44 27 6 8 48 31 29 32 19 4 
46 44 19 42 2 43 38 21 3 33 16 22 41 36 
40 38 17 7 11 21 23 33 48 35 42 14 44 31 
36 14 38 16 9 17 3 43 8 0 25 23 24 41 
38 5 29 13 33 2 12 4 14 6 8 39 9 35 
32 10 35 38 49 13 8 31 11 12 14 26 2 6 
34 27 10 43 12 38 22 20 28 3 49 26 35 31 
20 37 5 6 29 27 17 3 24 7 42 32 8 34 
13 22 48 6 40 0 33 34 3 49 7 39 26 47 
38 15 49 8 35 1 45 30 14 43 10 4 20 12 
42 5 43 16 41 21 4 40 26 1 25 37 31 17 
0 40 28 33 41 14 20 24 29 3 48 19 38 46 
48 14 4 11 6 26 8 20 33 13 10 3 0 38 
5 48 25 3 31 24 10 9 8 36 37 2 20 22 
19 2 10 27 22 45 14 28 44 29 21 47 7 26 
28 35 7 6 19 5 41 16 39 15 25 18 22 24 
18 6 49 11 38 36 43 45 16 2 4 42 37 3 
46 40 44 41 48 7 20 13 12 42 0 1 39 32 
29 42 39 6 7 1 5 24 12 22 38 36 31 45 
6 44 14 19 42 20 36 3 13 8 2 40 12 30 
7 44 33 47 46 34 8 2 20 38 19 30 16 1 
35 19 23 18 25 48 39 12 38 14 42 36 22 28 
7 48 14 45 15 10 46 24 17 44 22 29 0 31 
45 3 15 44 19 18 0 40 23 25 11 1 5 35 
21 46 15 12 28 6 42 35 41 17 38 2 22 8 
14 28 30 44 27 22 34 43 13 37 8 16 40 11 
3 11 30 23 29 19 43 35 46 33 31 47 41 22 
11 36 47 18 15 43 30 7 6 48 10 14 40 45 
44 41 32 36 47 2 39 15 49 11 23 16 6 8 
24 30 16 13 10 44 37 18 8 40 35 15 46 33 
38 8 4 6 45 2 49 28 23 18 13 39 41 22 
16 9 10 33 21 27 8 38 24 49 26 36 13 19 
18 1 5 36 27 47 12 24 13 45 38 33 0 34 
25 16 45 26 19 11 8 40 48 2 1 28 22 23 
42 41 28 30 0 22 49 18 27 5 38 29 17 24 
31 5 22 23 43 20 44 25 6 32 13 39 40 11 
34 19 36 24 43 28 33 21 1 42 20 22 2 9 
0 9 8 24 11 21 27 34 49 26 41 45 36 22 
29 19 30 8 17 45 12 25 41 26 27 42 21 49 
37 18 14 5 3 38 33 7 22 1 23 11 4 24 
12 38 24 13 36 48 10 18 25 1 32 31 17 4 
29 19 21 45 42 17 48 49 9 7 40 47 5 46 
45 39 8 35 24 9 46 31 36 0 47 15 1 11 
17 30 23 7 18 49 19 48 25 8 44 41 42 28 
47 5 19 2 8 46 24 42 37 17 29 10 40 43 
27 36 43 45 42 5 2 0 14 44 6 48 41 31 
36 48 47 25 35 26 31 9 12 19 16 0 22 39 
48 46 35 39 27 40 42 34 28 49 19 9 8 0 
23 28 5 22 36 9 39 42 17 26 3 12 38 32 
19 26 24 10 31 49 42 15 48 20 45 8 41 36 
35 21 18 46 30 44 37 48 38 43 36 42 1 8 
37 23 25 35 7 22 32 29 43 40 1 19 24 21 
21 49 30 9 32 25 18 39 36 10 24 14 11 19 
1 46 5 40 13 18 28 36 26 6 11 42 43 10 
10 3 32 16 27 44 35 43 5 45 47 37 30 42 
9 48 22 1 34 29 21 18 2 6 41 8 32 20 
40 6 20 48 49 21 5 30 38 8 17 46 29 43 
34 30 11 5 19 47 22 43 23 38 37 18 46 44 
32 45 25 21 43 12 47 19 11 44 35 41 27 2 
28 24 20 10 34 9 21 49 27 0 6 38 33 48 
12 42 34 18 40 38 27 44 48 3 4 0 35 7 
9 8 7 20 14 16 42 32 2 31 17 21 26 24 
28 13 21 38 41 25 18 30 0 19 43 42 37 48 
43 31 5 20 36 32 45 12 40 8 33 48 44 42 
14 18 27 21 39 29 6 20 28 25 47 48 35 36 
0 36 49 12 47 8 20 33 9 26 21 16 45 30 
21 35 46 9 33 31 43 19 24 36 13 7 11 10 
16 42 3 33 5 29 34 37 22 13 24 10 26 11 
4 9 8 13 39 32 16 6 48 30 47 14 10 20 
35 4 33 9 45 14 26 17 30 6 37 43 48 42 
28 6 44 26 29 24 45 30 39 8 10 34 23 46 
42 22 35 45 24 38 26 46 48 10 2 32 14 34 
45 34 36 0 32 19 47 37 23 24 42 16 39 43 
26 22 24 42 32 44 29 13 2 46 37 34 16 1 
36 11 16 8 22 13 47 10 27 35 39 21 42 0 
13 16 8 47 20 34 45 0 14 29 17 37 12 11 
41 46 47 45 19 14 20 28 22 24 27 48 13 35 
1 28 42 29 40 19 34 41 38 45 16 17 47 37 
24 31 37 46 20 30 26 9 34 38 27 35 6 36 
0 18 36 40 34 1 46 19 13 28 43 11 41 7 
46 39 41 42 9 25 17 49 4 29 26 30 21 40 
19 0 31 22 5 24 36 21 6 23 38 14 17 20 
33 6 2 5 16 35 18 0 43 10 47 49 25 20 
7 39 34 46 44 19 3 12 4 41 38 18 5 15 
38 30 44 14 17 1 7 22 4 19 42 39 20 46 
29 2 41 37 6 24 15 25 17 27 13 32 45 38 
46 2 14 36 17 23 3 37 47 48 39 20 24 25 
24 16 19 33 43 7 21 42 26 34 17 38 47 44 
8 12 37 22 10 25 4 21 31 0 49 29 43 7 
10 11 28 22 30 19 39 16 24 33 27 4 6 18 
16 2 34 22 49 48 35 41 11 8 6 1 20 7 
37 26 11 41 7 27 8 39 33 38 3 43 29 23 
14 26 34 12 47 8 44 15 48 22 25 43 24 41 
48 36 47 9 30 3 34 8 43 26 16 40 10 20 
23 25 48 33 41 49 10 46 38 28 42 44 22 29 
22 11 19 17 2 26 28 5 33 24 0 8 13 43 
5 6 49 26 46 28 31 34 14 32 27 2 29 3 
26 24 30 23 34 12 35 33 44 1 45 4 19 15 
3 43 14 47 33 26 4 11 1 19 45 27 49 6 
4 19 11 42 37 49 12 14 0 27 43 9 38 22 
37 14 1 33 49 5 31 9 29 44 6 42 17 23 
44 35 39 16 36 10 4 26 41 27 19 13 17 1 
36 39 6 20 8 41 12 4 31 34 44 18 17 11 
13 1 44 8 47 32 39 33 42 27 3 24 38 19 
10 37 45 41 16 8 34 49 21 18 13 12 2 40 
40 13 37 26 36 28 16 30 15 47 24 10 14 27 
0 28 16 25 11 49 42 35 48 39 18 1 36 23 
41 38 3 24 13 18 7 34 46 31 36 17 45 49 
2 21 9 10 7 14 36 12 35 31 15 40 20 47 
7 32 45 33 14 46 43 13 12 17 38 2 34 36 
32 37 40 16 13 21 43 26 33 10 8 31 38 49 
31 27 34 46 4 45 7 13 6 18 12 17 0 39 
7 29 22 37 18 45 23 40 11 12 5 28 44 47 
15 5 30 41 20 3 0 46 37 22 12 35 25 18 
31 25 49 43 22 9 29 0 45 12 18 20 34 17 
34 15 43 37 32 5 0 28 48 19 35 47 10 40 
8 17 35 1 36 27 6 26 39 18 30 40 7 46 
24 34 35 21 10 40 46 18 39 8 25 9 13 30 
25 7 28 47 4 26 37 38 21 39 0 36 35 24 
37 46 10 39 40 38 29 33 26 20 32 22 48 16 
43 12 7 48 36 29 19 28 18 0 31 15 33 38 
13 31 42 41 21 37 15 9 12 27 29 11 36 38 
25 39 9 29 10 44 17 46 31 0 1 5 22 4 
0 34 12 44 9 25 24 11 13 16 19 36 41 37 
39 23 15 48 35 22 41 43 9 5 34 10 33 6 
28 26 49 1 7 12 8 17 25 46 30 24 43 10 
26 16 31 38 30 49 18 6 2 47 40 8 21 1 
12 26 5 24 44 27 42 33 20 32 41 13 17 14 
22 21 38 7 24 37 12 27 23 6 35 10 3 5 
48 29 15 5 36 18 45 47 16 40 0 34 7 28 
38 21 48 37 10 49 28 45 31 1 26 7 39 41 
49 2 8 41 16 28 34 32 19 27 13 31 36 22 
22 24 18 3 35 39 36 2 6 37 0 44 21 49 
28 6 36 35 37 8 17 49 46 23 42 20 47 30 
25 34 6 14 21 15 5 23 42 10 9 44 41 12 
24 40 30 22 12 6 43 18 31 42 34 3 16 11 
47 46 25 40 22 19 12 33 16 41 8 5 3 10 
36 29 23 19 30 33 32 41 26 49 10 22 37 43 
4 18 2 35 7 3 29 27 0 40 11 46 14 28 
21 40 6 11 33 28 12 15 39 22 2 42 47 25 
16 42 17 9 1 44 38 13 41 27 10 2 20 29 
10 32 48 37 25 31 0 36 18 47 9 46 1 45 
38 3 36 37 46 29 17 32 19 42 34 25 40 47 
0 45 25 37 17 12 33 11 16 26 10 29 15 41 
45 41 12 37 20 4 27 17 36 44 3 30 38 10 
36 29 6 17 9 44 2 26 41 11 45 7 22 33 
21 4 26 13 15 3 20 10 12 2 1 37 8 30 
6 29 18 41 27 44 28 16 36 22 21 30 4 10 
39 7 24 28 21 0 19 30 26 40 18 31 12 23 
28 4 40 15 41 8 48 6 16 23 11 0 31 39 
19 27 47 40 28 26 41 18 29 22 14 4 36 21 
46 22 41 11 28 34 39 43 21 42 7 19 40 2 
16 33 29 21 45 42 17 35 18 4 20 2 48 43 
27 32 49 9 43 24 44 2 0 39 14 31 34 18 
10 32 14 39 30 49 19 8 33 25 23 48 37 41 
12 49 39 8 34 36 44 9 21 3 15 27 47 10 
37 16 38 22 25 15 18 24 43 41 28 23 3 7 
2 46 37 30 1 21 13 39 27 43 12 32 35 23 
30 8 20 37 42 47 26 9 23 43 18 24 45 33 
22 33 46 32 10 45 37 43 6 12 35 44 8 13 
47 45 7 31 18 48 32 3 35 2 40 19 22 21 
16 20 32 15 30 23 0 19 9 45 6 33 27 35 
4 45 41 44 5 11 28 36 31 33 29 39 48 20 
32 17 29 35 20 34 45 25 24 12 30 27 46 18 
1 48 31 2 47 0 14 16 13 26 38 49 36 28 
9 1 39 36 48 46 30 35 18 20 7 3 38 22 
32 18 13 4 42 28 29 43 12 6 16 33 26 23 
21 28 13 37 38 18 30 11 47 42 16 41 27 20 
44 0 39 30 22 43 3 18 19 8 28 4 1 34 
25 15 24 27 44 38 45 12 31 6 18 17 35 36 
28 30 5 19 9 40 13 29 10 11 24 2 18 33 
2 36 27 38 49 6 0 42 30 19 12 14 15 16 
30 18 29 8 16 6 2 7 38 23 4 21 43 13 
6 33 35 28 38 32 5 22 24 47 19 49 23 46 
47 49 23 38 14 7 31 46 15 21 18 33 29 13 
41 43 18 1 14 12 39 17 37 30 8 10 38 26 
33 39 46 48 18 24 43 12 34 44 45 37 14 42 
43 23 22 45 34 41 13 29 39 35 47 18 8 31 
29 19 25 13 1 38 35 5 14 16 28 41 32 36 
41 36 6 40 30 26 38 24 16 33 31 8 9 10 
20 38 37 11 26 24 27 5 8 9 43 15 16 13 
35 2 22 26 4 27 41 43 44 36 37 7 17 1 
31 21 17 29 18 36 37 33 4 8 43 47 40 45 
10 40 48 14 30 5 29 6 21 43 8 16 37 35 
47 31 1 20 35 19 30 23 12 46 38 27 18 29 
44 38 47 21 37 11 14 20 22 45 16 2 30 26 
20 24 17 28 38 46 31 7 47 27 41 40 26 36 
8 15 29 40 45 0 3 38 42 27 33 20 36 11 
33 19 24 34 9 8 41 2 32 3 40 13 47 5 
20 39 27 44 29 28 4 19 47 46 3 41 16 13 
0 12 29 33 17 20 19 10 47 11 16 37 43 26 
38 22 2 6 31 36 39 24 21 34 44 9 32 26 
35 42 2 5 20 32 40 31 49 21 4 34 17 27 
41 46 15 47 27 16 23 35 49 30 21 36 32 17 
19 23 18 17 34 6 46 27 31 40 0 26 49 35 
40 13 44 2 37 28 23 41 42 5 32 17 3 47 
21 37 42 9 17 13 47 33 15 5 23 20 4 19 
34 30 3 38 43 28 7 41 33 44 20 25 16 9 
18 47 22 15 49 25 19 24 3 48 23 17 21 8 
36 15 34 20 37 25 12 1 40 38 0 8 26 17 
22 15 3 25 26 27 40 46 7 29 2 37 32 35 
24 7 8 39 13 11 9 1 26 20 35 43 41 40 
38 19 0 46 45 47 44 2 41 22 32 11 31 8 
23 2 32 4 9 10 33 15 5 12 27 31 20 37 
33 9 35 48 5 7 22 11 6 40 31 10 41 4 
16 9 17 36 22 5 31 12 20 28 13 39 2 40 
25 41 8 16 7 29 14 12 20 36 13 18 28 31 
46 4 31 12 42 37 5 26 43 49 19 45 15 2 
48 6 3 34 44 45 20 2 42 12 18 38 28 9 
5 17 18 47 21 49 35 12 7 6 32 29 22 31 
45 7 12 34 30 14 39 11 27 33 46 24 25 2 
44 12 1 6 46 31 15 24 20 30 23 40 34 48 
18 48 32 42 6 11 25 40 1 19 33 31 27 16 
28 19 18 14 40 26 24 10 41 23 27 13 11 33 
32 30 11 31 0 29 17 47 26 23 43 41 22 35 
33 4 42 46 8 36 13 32 30 41 14 10 26 22 
32 47 29 41 22 0 23 24 5 16 18 1 19 2 
35 20 9 8 2 32 21 33 12 48 5 41 45 4 
17 15 21 12 9 0 41 23 2 46 19 1 5 42 
28 16 22 9 48 49 0 25 7 13 26 47 4 8 
36 23 34 31 17 19 37 46 12 9 32 20 29 26 
39 3 1 38 2 29 48 24 42 23 19 41 44 8 
39 7 17 6 28 31 43 46 5 27 1 16 44 4 
24 40 39 46 17 20 34 31 45 36 8 38 28 27 
11 36 44 23 48 32 14 30 1 33 29 24 0 15 
9 40 25 27 41 0 44 30 6 31 32 48 16 21 
49 18 13 34 26 17 9 22 35 43 3 24 40 32 
3 43 14 38 29 28 33 25 18 39 8 44 9 32 
43 39 18 12 11 19 44 14 48 10 0 38 15 4 
39 11 21 29 6 48 38 12 28 20 22 34 9 36 
46 33 9 15 45 0 14 20 47 25 38 41 3 37 
5 3 6 47 30 17 1 2 42 23 24 9 4 28 
6 41 43 16 4 25 31 35 21 30 33 46 38 29 
41 30 6 24 22 2 45 23 32 33 12 31 36 27 
16 33 40 11 43 18 19 27 35 8 9 23 14 45 
1 42 5 31 4 27 26 21 35 48 37 12 0 43 
40 13 19 30 46 6 32 8 33 49 16 35 47 14 
8 48 23 19 35 44 26 32 40 37 16 33 39 22 
32 26 19 7 37 25 40 17 36 3 5 16 24 45 
10 8 44 9 48 24 41 0 18 23 14 16 28 25 
8 23 39 36 28 14 20 32 18 33 3 45 10 34 
8 15 5 10 0 39 4 24 27 47 20 25 3 35 
29 48 8 25 36 23 49 9 31 6 38 45 47 34 
12 23 40 5 13 0 35 47 19 18 1 20 37 10 
23 38 29 28 2 34 9 20 46 11 33 8 48 14 
37 7 13 19 29 49 45 22 38 14 16 44 12 21 
29 39 21 27 5 14 8 22 30 17 38 10 32 28 
16 32 24 6 4 3 39 27 43 34 26 20 21 42 
33 49 2 6 27 16 40 26 34 12 47 20 43 25 
42 27 31 15 22 47 8 7 40 39 18 24 26 6 
18 29 2 30 7 31 22 8 17 13 48 19 44 39 
25 36 21 41 32 6 30 11 43 27 40 49 38 10 
25 15 42 13 49 14 31 9 24 45 21 18 23 4 
24 32 17 0 34 20 38 37 23 5 31 6 30 8 
32 10 9 30 5 21 31 48 18 4 42 26 17 2 
42 6 10 9 47 17 36 48 27 16 2 12 8 23 
5 11 19 10 36 29 22 21 16 34 42 7 24 2 
36 10 23 5 2 15 43 45 9 37 31 40 4 33 
4 30 0 36 2 11 23 47 13 39 33 15 43 1 
25 15 31 45 21 29 23 0 44 18 20 35 48 32 
15 20 39 46 33 40 45 27 36 24 42 29 19 5 
8 16 25 19 43 49 32 45 42 22 6 36 23 46 
38 28 18 35 30 2 42 10 12 48 21 43 1 6 
11 49 3 23 13 14 26 32 18 27 21 25 48 44 
4 10 48 41 37 0 18 43 27 39 16 46 6 44 
11 31 44 35 21 45 12 18 13 33 27 41 23 14 
16 10 21 32 41 6 49 25 18 44 23 0 3 33 
1 9 29 7 22 34 26 20 0 38 46 25 36 28 
23 22 37 20 25 1 8 28 47 17 27 4 40 36 
2 6 19 46 42 9 39 27 32 4 16 30 34 37 
24 17 44 33 4 8 19 25 30 16 49 41 45 26 
0 19 1 41 47 36 22 45 28 24 17 42 9 35 
21 0 27 40 42 14 45 13 25 7 46 32 26 37 
23 42 28 13 19 21 14 32 6 27 40 44 38 46 
29 47 10 45 9 2 5 13 19 27 36 48 39 44 
49 1 40 12 41 36 48 29 47 44 3 25 24 0 
11 48 8 37 46 29 42 32 18 34 44 23 35 3 
30 25 38 27 36 24 11 17 20 4 28 29 23 10 
16 36 27 12 45 4 47 49 6 15 7 1 20 42 
10 43 33 24 15 29 40 6 32 9 37 23 0 38 
47 21 46 35 18 29 45 43 23 32 42 15 7 13 
49 18 31 39 35 28 10 48 47 17 12 7 6 0 
36 28 2 27 17 26 25 21 46 12 6 0 23 13 
37 19 21 36 5 40 0 28 12 13 23 24 2 3 
17 39 19 28 7 41 15 12 44 10 18 31 23 30 
40 25 11 24 45 37 26 33 41 7 3 16 19 9 
42 19 38 36 28 44 45 48 9 33 30 5 4 46 
46 11 12 30 17 33 22 40 15 7 43 9 3 1 
0 14 2 34 13 30 46 47 40 31 48 28 20 3 
1 20 5 44 27 16 29 48 19 18 6 2 21 14 
14 38 12 13 46 27 23 34 19 29 43 3 44 16 
38 10 27 31 12 8 19 29 30 24 39 37 49 35 
1 20 38 42 15 17 39 6 41 32 48 13 19 11 
33 36 43 2 49 5 23 22 16 48 18 13 26 21 
35 5 22 31 32 20 2 9 17 41 38 16 40 42 
42 18 16 39 0 23 32 9 19 44 29 10 7 49 
45 0 23 43 8 22 19 32 27 37 4 14 31 2 
45 44 33 30 4 47 27 23 0 29 18 20 37 43 
34 35 26 23 49 2 16 42 31 24 0 41 46 21 
24 21 36 32 2 16 45 10 0 26 41 7 11 42 
25 12 48 39 14 42 33 8 30 17 47 49 2 36 
26 6 24 12 41 36 16 42 2 23 46 27 4 13 
17 12 39 8 32 35 23 36 2 44 28 26 48 22 
10 29 46 19 36 38 14 9 24 15 43 44 21 40 
12 49 19 41 29 21 35 13 34 15 5 4 38 3 
45 11 26 23 20 10 46 34 43 12 0 33 7 15 
30 38 5 20 29 36 44 46 31 28 42 34 49 43 
39 34 47 4 5 36 9 49 38 29 11 27 20 24 
24 4 16 35 37 15 41 18 44 45 20 40 47 43 
19 42 0 1 8 43 24 21 18 31 30 12 15 48 
45 39 31 26 46 38 33 48 27 44 11 30 10 41 
22 30 35 0 37 13 25 28 33 26 12 4 15 10 
38 49 48 33 13 25 40 32 31 14 2 18 1 11 
20 1 22 35 10 46 34 13 48 36 26 19 9 24 
31 19 27 32 26 34 43 17 21 46 13 38 40 18 
44 42 35 24 23 17 40 48 37 30 21 46 13 39 
49 3 33 16 19 29 41 37 36 24 15 44 8 2 
42 18 7 39 8 43 16 36 27 49 45 13 31 29 
44 49 2 5 7 45 26 47 14 17 20 29 9 28 
25 5 44 16 42 24 30 45 49 14 40 19 32 6 
19 20 46 22 45 49 30 36 5 17 31 12 21 4 
40 43 11 10 37 49 5 21 46 16 26 1 9 41 
37 4 30 24 38 11 47 39 7 35 2 16 48 5 
24 38 1 49 43 3 13 32 46 2 40 23 20 22 
18 26 1 41 6 44 0 23 16 36 33 3 12 43 
35 31 42 34 14 39 29 33 3 5 36 45 37 46 
5 24 16 33 2 6 31 13 48 40 38 34 37 47 
21 32 49 10 12 27 29 18 37 34 3 48 9 13 
39 6 8 15 49 34 3 24 31 38 29 21 13 23 
7 33 45 27 19 12 14 47 29 20 38 22 32 21 
34 8 1 26 10 24 49 48 42 13 17 27 35 41 
17 26 2 39 6 46 48 49 4 30 43 14 40 25 
22 47 7 44 33 32 6 13 41 12 36 26 31 17 
45 47 4 15 46 6 2 23 43 41 38 37 24 30 
4 16 0 41 7 14 19 34 28 15 12 24 11 3 
44 31 18 13 27 4 17 39 38 49 33 35 40 24 
38 43 29 41 22 19 45 32 16 10 14 11 36 13 
25 40 34 41 26 22 15 49 11 9 3 7 39 18 
4 11 18 15 23 17 20 40 41 49 28 2 31 6 
14 6 15 21 26 10 34 41 18 37 13 45 23 42 
19 44 38 18 36 30 22 41 32 29 42 7 25 3 
9 26 44 2 10 34 46 1 5 30 7 36 11 42 
26 18 13 33 5 11 49 42 17 20 21 6 40 48 
21 7 17 37 49 5 42 27 25 4 33 23 48 15 
3 28 10 40 21 38 35 30 17 47 9 0 23 43 
38 9 8 47 20 37 31 6 0 24 18 45 12 5 
34 38 39 7 11 21 42 15 24 47 27 6 19 33 
31 19 2 21 13 33 30 14 18 28 26 44 39 46 
45 46 38 11 26 32 37 33 49 23 5 39 2 42 
3 48 22 40 20 31 7 11 42 38 32 47 41 43 
27 38 5 31 8 15 41 37 42 26 12 16 14 10 
31 28 34 13 19 29 47 17 8 45 46 23 0 2 
33 45 18 16 41 36 49 35 44 17 34 10 37 1 
27 30 42 4 48 44 10 47 49 20 15 9 21 8 
25 46 22 8 11 33 40 43 42 47 41 19 2 18 
12 14 44 0 35 10 5 31 47 6 37 19 36 43 
16 11 9 15 3 27 4 2 14 0 32 33 10 34 
5 32 34 10 14 11 35 49 26 23 1 42 18 48 
42 0 45 30 4 29 46 24 10 43 1 38 31 27 
43 30 31 45 25 47 22 48 40 10 49 33 19 28 
12 7 35 42 31 47 49 43 38 20 32 4 13 44 
47 42 43 30 18 8 25 7 1 24 44 4 16 27 
41 25 48 7 12 1 16 11 17 4 42 32 40 47 
47 11 6 37 48 4 23 1 12 41 17 19 3 36 
20 24 38 7 33 16 25 35 18 5 4 37 30 23 
41 2 34 42 8 40 6 16 5 39 20 47 44 30 
0 41 3 22 20 34 48 29 21 36 16 15 44 32 
44 37 10 19 48 5 38 42 40 6 2 46 28 12 
20 4 15 33 42 32 14 22 5 21 10 28 36 8 
49 9 10 8 24 11 20 37 6 31 15 16 48 42 
12 13 14 45 3 29 38 34 33 32 9 39 8 7 
14 39 4 30 19 22 29 2 20 38 43 27 24 18 
8 36 33 24 19 28 2 3 1 39 34 18 20 0 
15 49 18 47 22 48 28 5 37 0 2 4 12 7 
37 4 36 11 45 28 22 29 49 44 26 7 39 10 
15 43 6 12 46 5 10 42 21 36 33 22 28 20 
18 27 41 8 45 47 48 25 7 11 40 32 23 37 
29 26 25 1 5 45 40 48 18 42 6 49 36 12 
12 7 44 40 46 5 45 38 0 3 42 48 26 19 
42 20 48 4 46 49 24 6 22 43 1 10 45 9 
31 36 49 4 27 37 10 30 1 11 41 46 17 43 
21 19 41 18 7 37 25 32 45 20 3 11 46 39 
34 39 41 46 47 3 5 0 30 22 26 32 13 16 
37 15 34 1 36 13 35 39 47 42 23 8 26 49 
23 42 17 47 32 3 11 33 13 40 0 34 2 43 
29 31 15 43 17 20 32 13 21 26 3 36 5 33 
25 22 23 7 26 38 45 16 5 2 49 9 36 31 
10 30 17 19 26 9 25 27 2 20 18 48 42 49 
46 2 30 26 10 35 21 32 17 18 47 25 12 13 
47 20 14 28 11 42 45 31 27 17 39 29 4 35 
0 1 20 4 32 47 11 27 24 43 30 37 23 34 
0 3 11 8 30 37 13 34 40 26 25 36 15 31 
0 20 47 26 12 28 34 4 17 19 6 37 42 23 
24 19 46 4 35 21 40 36 38 33 17 37 0 41 
22 15 30 10 37 14 43 33 29 7 41 5 17 24 
24 22 41 39 14 7 9 21 45 17 1 47 28 31 
22 36 32 47 4 0 43 12 23 28 46 31 13 35 
29 9 24 32 14 35 42 2 40 34 16 31 10 19 
41 6 9 3 5 11 42 15 4 40 26 30 21 44 
14 36 0 23 16 35 5 42 39 15 24 8 28 49 
35 37 48 0 39 9 11 40 44 38 47 42 8 34 
25 24 41 43 16 11 45 46 30 28 4 0 40 17 
8 17 41 22 31 11 46 27 47 40 18 45 39 30 
9 23 11 18 1 33 43 42 20 0 30 46 8 49 
16 19 25 31 15 34 13 33 48 37 44 49 42 40 
3 46 15 33 31 23 9 27 47 26 44 32 28 29 
5 33 17 20 45 25 19 22 28 18 13 47 32 9 
11 32 40 2 10 45 46 34 12 24 15 6 37 36 
23 9 25 38 36 5 4 26 7 30 49 24 19 17 
30 38 15 48 23 31 36 24 33 11 3 45 27 43 
19 32 12 6 49 26 14 22 34 16 20 40 48 9 
30 7 16 42 24 36 6 41 37 9 19 22 46 17 
17 43 45 23 30 8 21 25 16 19 9 22 47 10 
39 37 17 35 27 36 9 18 2 16 12 13 40 43 
16 13 5 42 4 34 11 31 37 39 44 46 2 30 
21 26 18 30 11 48 27 10 22 25 16 43 42 36 
21 10 17 23 33 31 3 14 32 49 0 22 20 30 
7 19 42 41 30 27 38 28 5 35 11 48 17 47 
