16 9 2 12 7 17 11 0 13 19 4 14 5 15 
9 3 6 1 18 2 12 16 11 10 0 4 5 14 
10 11 15 13 2 4 1 14 7 16 0 18 5 9 
15 0 8 16 3 9 14 5 10 7 6 19 11 4 
19 5 9 1 13 3 18 7 17 15 14 6 0 12 
7 4 19 14 2 18 5 13 0 17 16 3 15 12 
11 5 13 12 9 10 14 15 18 6 1 2 19 0 
17 3 15 1 16 14 19 4 6 2 11 18 0 9 
5 11 19 9 4 2 13 16 10 12 17 1 14 18 
0 18 19 8 2 12 13 4 6 1 3 7 5 11 
3 6 0 12 7 11 5 15 10 1 13 4 9 19 
6 18 15 2 16 5 3 17 19 8 14 9 1 10 
12 3 7 19 15 17 9 4 16 10 13 2 5 6 
2 7 14 9 5 0 17 12 6 8 3 16 13 10 
18 0 19 4 2 3 5 17 8 9 1 10 6 7 
5 12 13 11 7 1 19 0 4 16 6 14 10 8 
3 18 0 19 7 1 14 4 9 10 16 2 11 17 
1 13 7 2 16 8 3 4 10 17 5 11 15 6 
9 15 14 2 5 0 19 17 18 3 6 1 10 13 
19 2 11 8 7 18 0 1 15 17 14 5 16 10 
12 6 8 17 7 14 10 16 15 18 11 2 1 5 
10 11 12 6 16 0 14 15 19 1 3 13 2 9 
4 7 12 16 3 9 19 18 17 1 2 0 11 13 
16 6 9 12 18 2 15 13 4 17 19 10 11 14 
8 19 3 10 6 13 11 16 12 15 1 17 18 7 
2 8 1 3 10 6 7 4 11 9 15 19 12 16 
19 4 0 7 9 2 10 1 16 15 17 18 12 11 
7 14 4 18 12 10 11 8 3 5 16 2 13 6 
9 1 15 19 13 6 11 18 3 0 10 8 12 4 
14 0 8 3 19 12 4 18 9 10 15 5 7 11 
8 3 15 10 18 0 2 11 9 16 13 14 17 6 
7 16 5 8 0 3 18 2 12 14 17 13 6 4 
18 14 2 19 6 17 7 10 5 4 8 0 3 1 
5 9 15 18 19 3 8 6 11 7 16 12 10 2 
18 17 6 16 13 12 14 10 5 8 3 15 19 9 
8 3 4 1 18 9 6 15 0 13 11 14 10 17 
6 5 9 18 16 15 8 1 19 13 7 12 0 2 
10 16 0 11 9 1 4 15 13 7 6 8 19 3 
3 16 18 4 5 9 15 2 13 8 1 19 0 7 
17 3 14 10 16 2 19 8 1 4 7 5 6 9 
3 1 10 18 6 16 14 0 19 5 17 8 2 7 
1 10 9 3 4 12 8 16 14 6 11 17 2 7 
8 19 1 10 6 0 2 9 15 16 18 5 7 3 
1 0 15 7 11 4 6 8 2 9 10 3 16 14 
11 15 18 7 5 2 0 14 19 1 6 9 13 10 
4 0 2 13 6 17 14 12 5 10 7 16 15 11 
2 14 16 18 19 8 13 7 17 10 1 4 12 9 
4 2 6 9 17 11 1 7 5 12 14 10 8 0 
10 18 12 11 4 14 19 3 17 15 5 2 16 0 
3 1 13 15 19 17 0 10 4 8 14 9 5 6 
7 9 11 6 12 14 3 4 15 0 8 17 10 2 
4 8 6 9 13 18 3 1 12 17 19 14 2 0 
18 3 13 12 1 0 6 19 8 15 14 9 5 10 
12 4 0 18 3 11 8 15 13 9 14 6 16 10 
16 0 4 10 13 12 19 7 1 8 17 6 5 15 
19 3 1 12 8 2 0 16 18 17 4 11 6 14 
19 0 7 13 2 16 11 14 15 4 18 9 10 1 
1 11 2 7 19 13 10 15 5 18 3 8 12 14 
5 2 9 11 19 17 8 18 16 12 10 15 13 14 
17 18 19 13 8 11 0 7 15 10 12 1 5 2 
2 9 12 14 5 8 17 1 11 3 19 10 16 4 
1 2 17 4 18 12 16 13 14 3 5 10 9 15 
8 0 15 10 9 14 18 3 6 5 4 7 12 1 
8 13 2 15 11 6 16 5 12 4 14 3 0 10 
19 14 5 1 18 2 8 10 17 12 16 13 4 11 
2 16 5 18 15 3 1 17 14 7 11 12 0 8 
7 18 2 11 9 16 4 1 10 12 13 17 19 5 
15 16 11 0 10 2 13 5 9 4 6 1 14 17 
17 13 3 7 6 8 15 18 16 11 10 1 12 19 
14 7 9 6 16 17 2 12 5 1 18 3 13 19 
3 14 0 9 2 4 16 6 1 11 10 17 13 12 
9 18 6 8 1 17 19 15 5 11 3 7 16 0 
17 14 5 7 9 16 12 1 0 6 11 2 4 15 
8 7 5 6 19 1 9 3 15 11 12 2 4 17 
10 7 9 8 0 15 3 19 14 17 5 16 4 2 
16 19 4 6 17 13 3 1 9 14 7 10 11 15 
4 16 2 0 13 3 18 5 6 8 9 11 7 10 
13 5 10 11 15 19 8 4 7 16 12 14 1 6 
14 12 17 16 11 19 9 5 0 7 15 18 3 13 
10 16 19 14 9 4 0 2 13 1 17 18 6 11 
15 6 11 1 19 4 8 12 2 14 18 16 10 3 
16 4 13 3 0 9 6 5 1 11 19 15 17 12 
12 18 6 3 1 10 5 4 9 13 11 19 8 14 
18 12 7 8 3 0 10 17 4 6 19 9 14 2 
2 15 17 18 19 12 3 7 16 9 5 10 0 8 
18 15 5 12 10 3 0 9 8 4 2 7 11 17 
19 16 17 5 2 15 4 0 6 10 14 7 11 18 
7 1 9 14 10 0 19 15 3 18 17 4 12 6 
19 10 13 0 8 18 2 1 11 6 12 15 5 16 
14 1 18 3 16 13 5 0 17 19 11 10 7 8 
0 10 8 13 14 5 3 17 2 9 18 16 12 7 
8 0 19 5 10 7 9 4 1 18 6 16 17 13 
15 13 7 11 17 1 4 12 3 0 14 9 10 8 
18 11 5 3 10 16 7 0 13 6 4 1 12 8 
4 2 18 1 7 0 10 17 13 6 14 8 5 11 
1 5 9 15 16 2 19 12 6 18 10 11 14 13 
19 9 11 4 8 18 10 15 16 2 1 0 5 6 
5 2 14 11 3 8 1 12 4 9 17 6 0 15 
15 13 18 17 8 19 12 7 3 6 11 4 14 5 
0 14 4 17 13 3 9 1 5 6 18 16 12 2 
