35 0 26 11 13 37 38 16 29 9 12 7 6 10 
15 8 9 38 26 12 30 18 11 2 22 0 36 32 
17 39 1 15 32 22 27 0 12 13 35 5 25 26 
3 34 20 8 9 10 5 16 29 0 17 38 2 7 
0 34 18 31 12 17 38 28 14 15 1 36 3 4 
14 0 15 10 3 26 36 27 12 28 1 22 17 23 
19 12 28 4 0 15 7 17 6 31 18 3 1 34 
17 2 19 23 38 4 36 18 30 26 22 0 29 39 
19 33 27 13 29 35 26 5 4 0 16 18 6 32 
23 2 0 9 6 39 26 29 10 21 16 1 11 3 
24 37 28 35 9 13 8 6 26 21 19 2 0 18 
21 12 39 20 22 0 17 3 9 4 26 15 7 2 
29 18 0 7 1 25 12 11 28 27 8 6 10 17 
26 36 11 9 35 14 24 6 13 0 4 7 18 28 
6 29 10 39 9 3 20 28 7 0 15 21 11 24 
5 1 17 29 2 38 28 39 14 37 31 0 13 30 
1 6 11 20 0 31 15 14 38 21 9 7 22 2 
27 6 36 30 34 16 13 22 20 11 0 10 35 25 
19 0 30 27 32 22 7 5 28 17 4 12 20 35 
19 17 39 25 36 28 16 37 24 0 11 20 13 27 
30 31 11 32 17 21 23 6 36 33 8 29 4 0 
7 19 12 35 29 0 30 23 32 36 1 20 17 22 
14 18 20 17 34 11 30 37 9 13 28 0 25 12 
8 18 3 28 19 37 12 0 32 7 24 34 35 4 
36 30 1 4 39 14 37 2 25 21 18 12 8 0 
0 19 21 25 5 12 13 39 2 35 32 11 27 34 
10 17 12 2 19 27 15 0 21 28 16 9 3 34 
5 21 23 10 18 38 27 32 6 0 1 7 24 36 
28 34 6 35 14 0 26 32 37 5 33 2 15 22 
25 0 13 11 26 27 9 21 24 4 16 12 31 34 
8 7 20 24 5 0 15 25 21 16 39 29 14 13 
21 37 16 27 6 18 11 28 26 1 29 17 0 30 
15 14 35 33 29 36 11 1 10 8 22 28 0 32 
20 25 7 19 34 37 26 9 36 0 29 24 4 22 
21 19 0 18 12 13 6 33 39 27 37 26 14 4 
10 12 21 17 2 1 24 6 0 39 15 5 38 34 
4 0 8 3 9 37 26 22 16 35 33 31 2 25 
19 26 29 18 2 10 24 32 16 6 4 27 0 21 
18 37 21 0 26 2 19 7 13 9 8 24 10 34 
13 34 0 35 10 29 2 31 9 27 39 32 7 22 
11 34 32 36 1 25 0 39 6 19 33 27 5 28 
37 34 0 21 39 4 28 3 35 30 14 32 23 5 
34 32 15 31 23 0 27 3 22 21 13 4 5 26 
9 22 0 34 16 39 13 36 10 37 23 29 17 26 
20 15 32 35 3 17 9 2 29 26 38 1 0 30 
2 38 24 33 0 9 6 37 1 25 19 5 36 32 
0 32 4 9 22 34 21 2 27 13 6 17 19 31 
0 15 33 39 8 32 6 18 27 17 7 5 36 16 
15 7 30 33 28 24 4 22 36 0 1 14 27 25 
29 8 28 2 11 6 7 0 4 10 23 31 36 35 
19 12 16 22 17 29 3 0 34 35 25 32 13 9 
12 2 5 9 13 33 1 26 11 17 6 0 29 18 
39 12 3 30 0 34 1 17 9 20 28 7 19 5 
30 0 19 38 20 8 35 14 11 27 28 2 6 15 
22 1 19 17 38 5 0 4 25 20 34 21 24 8 
21 5 24 3 10 29 30 2 0 8 7 11 12 31 
18 38 9 34 32 36 1 30 0 10 6 39 16 24 
29 30 4 0 2 35 5 10 1 24 13 36 18 9 
21 12 17 15 0 23 37 4 10 2 27 7 39 16 
20 6 4 21 29 12 5 35 10 0 18 17 23 2 
8 20 22 0 29 38 24 34 10 5 13 35 14 33 
18 9 23 5 27 6 12 4 2 37 29 39 34 0 
34 16 12 30 11 8 0 18 5 37 6 15 21 25 
13 12 30 0 31 7 17 5 29 19 38 39 3 37 
13 33 35 21 28 2 32 27 16 6 1 0 31 5 
23 4 3 38 11 32 0 30 17 22 37 12 26 10 
26 8 34 9 24 17 27 7 0 18 37 2 23 3 
31 10 38 0 17 3 5 11 35 6 21 19 12 16 
15 5 3 10 39 14 11 6 9 24 0 7 1 20 
28 31 30 5 19 12 15 3 21 29 18 34 0 2 
5 32 38 19 15 4 16 35 7 0 25 30 34 12 
37 34 38 0 22 33 31 4 2 3 24 11 1 5 
13 12 0 33 29 5 15 18 3 23 30 38 11 28 
25 2 19 37 0 6 3 12 20 21 28 33 32 16 
22 19 0 29 1 24 14 12 38 20 25 6 28 5 
31 13 9 33 24 38 21 23 39 22 17 36 28 0 
20 19 14 9 6 16 37 35 3 17 10 8 0 21 
30 1 15 11 36 24 29 35 0 21 9 10 23 27 
2 35 4 15 8 7 16 0 19 34 22 24 9 11 
19 26 30 18 15 12 20 25 0 29 33 4 21 28 
1 24 20 14 8 27 13 34 6 11 12 0 2 25 
0 7 33 2 6 30 29 35 21 15 38 10 19 32 
10 28 35 33 0 31 34 16 13 11 37 39 17 15 
0 36 15 5 33 28 30 29 10 37 38 19 23 25 
35 2 15 3 10 0 33 27 16 17 29 28 21 4 
26 37 23 33 1 11 12 9 7 5 22 0 19 28 
13 0 1 10 3 28 30 38 2 39 24 20 19 35 
22 21 29 0 20 19 5 12 35 38 23 33 26 18 
13 14 18 0 15 27 24 5 25 29 39 34 36 22 
4 9 2 24 33 19 22 26 0 6 39 18 32 21 
12 9 3 10 14 0 13 15 19 38 23 29 5 31 
28 19 1 14 17 36 23 27 10 21 37 22 33 0 
20 39 36 33 6 26 5 0 22 13 15 37 27 30 
32 18 0 13 30 6 10 7 19 38 9 36 28 34 
35 2 26 4 3 31 39 22 6 0 38 33 13 5 
39 0 27 13 11 2 26 24 34 16 17 35 22 29 
13 33 28 0 21 31 17 25 24 16 1 29 23 10 
14 0 15 28 3 26 33 21 32 16 39 9 37 36 
21 5 7 39 31 29 24 38 28 34 0 10 15 36 
11 0 14 34 31 6 25 1 39 18 9 10 27 36 
39 27 4 37 32 14 9 35 3 23 0 7 8 30 
37 3 1 25 31 0 2 32 15 19 24 33 9 17 
13 30 2 19 4 28 16 0 33 26 37 27 21 39 
14 1 23 21 34 35 29 2 11 22 32 0 7 19 
2 34 11 36 38 13 0 35 6 4 3 10 19 1 
20 7 29 10 4 2 5 1 33 0 3 9 34 22 
12 32 31 11 21 3 8 19 30 24 6 0 10 27 
11 9 20 0 4 25 27 14 28 17 18 34 36 6 
12 5 0 2 29 35 4 13 37 15 14 20 16 7 
9 32 13 23 10 27 38 2 14 33 36 1 0 3 
33 12 34 3 22 29 0 15 8 7 13 11 26 10 
10 4 12 6 36 32 34 18 14 1 5 24 0 37 
6 9 15 19 0 35 22 11 37 2 5 12 26 38 
24 0 19 20 25 9 16 18 2 17 21 14 6 22 
31 36 23 7 14 39 4 33 25 0 28 13 29 15 
29 35 17 38 26 32 14 33 9 27 13 11 0 5 
0 39 3 4 36 7 25 9 38 14 1 10 26 12 
35 19 8 3 5 0 29 26 10 30 7 9 23 16 
18 39 9 8 29 0 5 35 27 1 13 38 21 37 
18 10 4 24 19 33 38 21 36 34 22 0 13 9 
31 22 6 9 16 1 39 0 37 25 32 26 13 20 
17 27 7 9 13 20 23 10 21 0 5 34 36 33 
39 0 8 10 12 15 20 13 11 28 21 36 1 38 
35 5 34 14 13 4 38 17 6 36 0 23 24 10 
26 1 8 5 13 3 21 4 0 18 35 20 15 25 
23 39 29 18 11 21 32 27 15 24 9 5 26 0 
7 23 37 17 9 34 30 20 14 2 35 39 1 0 
36 32 33 23 29 17 9 1 0 21 14 16 28 8 
0 16 35 22 17 29 6 12 32 23 36 7 31 33 
21 6 28 23 32 7 31 33 37 10 0 30 39 19 
23 12 37 19 20 34 4 13 39 7 3 36 29 0 
31 34 17 33 27 7 25 8 0 13 11 38 4 21 
16 13 9 3 4 5 36 28 12 10 14 0 15 19 
24 2 27 31 33 15 19 0 39 26 30 28 38 8 
0 9 39 28 33 18 16 19 35 12 17 22 2 13 
22 24 31 38 27 36 20 10 30 8 19 23 6 0 
26 10 5 14 23 21 0 36 4 35 32 28 20 11 
18 14 7 33 36 8 13 0 3 2 26 11 35 10 
17 21 32 30 35 8 36 3 0 20 5 18 9 37 
28 17 39 6 34 0 35 19 16 2 25 13 22 37 
26 0 14 19 38 16 29 27 37 1 3 13 39 8 
35 32 6 36 27 14 18 3 37 25 38 0 5 23 
39 9 8 14 25 2 28 5 31 36 10 21 0 29 
27 6 24 35 0 1 34 8 38 13 31 10 7 28 
28 4 20 11 23 36 26 35 30 14 25 10 29 0 
27 38 20 34 9 0 13 23 3 4 16 37 18 28 
16 10 0 14 6 25 5 36 31 17 38 1 37 2 
0 27 31 16 32 28 12 34 3 29 36 18 6 13 
27 24 2 17 20 22 7 28 23 32 37 0 35 3 
30 25 7 16 21 5 32 37 20 29 3 6 17 0 
20 36 19 18 0 3 22 1 8 27 33 23 12 26 
12 22 2 13 18 10 29 19 36 27 16 37 0 7 
29 34 23 1 7 14 25 15 0 10 11 22 18 26 
15 9 20 21 38 14 22 23 36 13 0 2 18 7 
35 6 23 5 14 0 18 30 29 28 13 24 22 2 
16 14 29 35 23 27 4 22 36 17 39 10 0 11 
32 0 39 25 2 12 34 6 15 10 11 9 19 1 
23 24 25 38 8 7 16 37 0 35 2 26 12 36 
36 14 13 3 35 29 23 5 1 24 25 20 0 15 
25 32 14 31 26 8 18 5 20 35 22 0 9 33 
22 5 24 25 3 29 17 39 21 19 9 20 31 0 
14 7 5 18 36 16 22 37 0 25 30 8 10 28 
35 19 9 37 22 25 20 33 34 4 18 8 0 28 
32 4 26 16 33 28 18 20 25 23 31 11 0 29 
29 28 39 31 17 18 0 20 9 38 16 2 1 32 
7 0 30 34 39 16 14 1 36 13 8 22 9 21 
29 6 18 14 4 2 12 0 37 17 30 23 11 36 
0 23 17 7 1 38 24 14 36 35 15 16 12 37 
16 35 27 15 30 34 21 4 36 28 24 32 0 11 
33 23 2 34 20 11 38 27 0 7 32 6 14 19 
23 28 5 32 37 13 0 25 14 18 30 15 27 19 
8 0 20 35 1 33 28 13 2 26 19 32 27 39 
24 17 15 7 4 32 27 0 9 5 3 6 19 11 
37 33 20 27 24 23 30 0 25 12 26 38 7 15 
0 31 32 21 13 24 16 20 34 12 2 11 8 38 
39 10 12 30 16 14 3 9 8 0 20 18 24 27 
30 20 18 35 16 15 11 37 1 0 21 26 17 36 
16 20 22 12 18 30 36 14 24 4 7 0 32 10 
27 3 6 29 0 39 13 28 10 8 24 4 16 7 
1 0 29 13 6 32 35 17 8 19 36 26 33 5 
39 18 32 37 23 22 15 0 29 19 33 36 1 13 
10 0 34 36 15 18 28 25 24 14 37 17 5 6 
18 32 2 9 10 4 22 16 6 30 0 27 33 13 
36 37 13 14 5 39 16 0 23 34 6 8 9 27 
2 14 20 9 31 24 11 6 35 17 34 10 25 0 
7 17 4 36 10 31 37 24 2 1 33 28 6 0 
8 14 20 3 39 2 18 30 24 12 9 28 1 0 
27 18 14 3 9 15 0 31 38 11 24 19 13 2 
23 4 22 33 36 18 8 35 0 31 30 15 37 13 
0 3 17 32 34 20 6 37 5 25 9 27 1 39 
38 5 20 10 36 30 0 19 2 34 6 22 17 15 
6 29 1 13 3 36 21 0 16 4 37 31 9 10 
23 10 4 24 1 36 18 16 9 31 37 12 0 35 
7 38 37 25 22 33 1 20 32 2 0 29 23 31 
20 0 1 31 23 26 8 35 16 6 12 38 30 24 
1 21 17 34 26 15 0 37 36 39 31 14 16 10 
37 32 3 38 26 31 13 7 27 33 0 39 24 25 
5 32 17 3 2 20 36 31 24 37 0 13 4 23 
19 32 33 27 18 6 17 0 8 15 29 21 31 13 
27 20 25 33 12 37 13 0 7 3 9 28 10 24 
16 32 18 36 35 1 39 8 23 9 10 17 38 0 
11 8 35 39 32 29 27 33 3 22 26 6 0 20 
19 28 21 32 38 26 12 23 4 24 29 37 14 0 
33 13 27 7 38 1 0 36 3 4 26 34 24 10 
24 17 0 37 30 9 14 5 35 1 31 11 23 26 
24 5 16 11 28 2 32 18 13 23 14 0 8 10 
9 31 11 15 4 24 3 19 25 0 8 39 22 30 
18 34 12 24 6 35 5 38 26 15 4 29 33 0 
21 0 8 37 36 7 13 15 35 34 10 14 3 16 
22 25 36 0 34 20 21 6 26 38 18 29 32 24 
23 6 29 0 18 17 26 30 4 13 31 21 2 24 
2 6 21 19 5 3 0 20 7 25 1 36 32 8 
8 4 31 27 24 11 12 28 23 15 38 0 35 19 
21 28 0 31 35 20 13 38 12 17 25 11 37 14 
0 8 24 22 29 37 34 25 6 7 33 2 20 21 
37 15 0 39 11 5 36 9 25 32 8 3 22 27 
6 16 2 5 0 14 21 26 28 25 38 27 36 12 
23 32 7 27 30 36 0 35 6 18 8 2 12 25 
18 19 38 33 17 26 4 20 22 0 2 39 7 10 
6 25 37 36 31 27 22 21 3 0 18 35 1 33 
3 7 14 17 19 21 33 9 8 13 16 27 0 34 
12 19 30 16 5 35 15 11 3 0 2 34 22 4 
0 34 36 27 6 25 12 3 28 8 7 24 39 37 
22 13 12 27 3 14 7 11 24 0 38 17 36 19 
35 1 11 0 24 6 18 39 32 20 17 10 4 14 
9 28 2 14 19 4 27 31 23 0 35 15 30 38 
17 5 1 39 14 12 31 0 33 13 37 32 24 19 
26 17 10 7 1 30 38 34 11 29 8 0 28 4 
27 29 21 22 9 0 30 18 31 32 38 17 1 25 
19 31 22 6 30 1 36 0 9 27 28 15 26 20 
35 26 16 9 29 0 10 8 4 23 22 37 24 2 
9 18 15 24 8 34 13 0 5 23 7 4 19 6 
19 13 4 18 17 12 0 2 28 36 34 5 23 10 
7 23 19 36 6 5 16 14 34 38 11 25 0 22 
30 13 22 33 1 0 2 6 3 28 26 7 31 14 
0 30 31 34 1 23 19 17 15 13 24 16 8 10 
32 37 7 26 38 2 0 19 1 18 3 33 10 27 
13 28 27 18 38 7 2 22 17 9 33 0 23 16 
8 23 26 20 36 35 31 25 15 32 0 11 38 4 
38 27 18 25 23 11 21 16 6 35 15 0 7 10 
23 33 31 5 12 24 0 9 21 38 16 2 27 35 
15 24 38 31 5 8 33 23 0 28 13 19 7 3 
34 4 15 24 16 21 8 2 27 36 19 0 35 17 
5 19 9 14 21 18 16 20 35 38 36 8 0 15 
16 36 33 3 18 22 0 5 25 11 14 20 21 6 
25 1 7 36 34 18 0 39 11 4 16 20 12 19 
3 21 0 16 12 24 26 7 1 10 11 8 23 2 
24 9 0 16 18 20 7 1 10 5 22 11 23 13 
36 23 0 6 34 18 28 29 21 35 14 12 2 16 
1 15 12 38 28 2 29 34 19 37 35 0 33 5 
1 30 4 7 23 24 27 37 6 26 34 18 0 10 
29 31 17 9 32 0 5 10 36 14 8 19 12 16 
26 31 7 15 39 33 30 6 38 37 22 0 2 14 
39 28 7 1 29 38 26 4 36 23 18 19 0 17 
12 38 6 9 2 37 30 11 3 4 17 0 8 35 
0 39 33 17 26 6 4 15 25 7 31 30 18 21 
26 1 14 27 20 36 3 33 0 39 11 22 29 24 
0 28 33 24 25 9 4 39 10 6 36 1 12 22 
8 4 3 28 27 14 24 11 0 30 39 1 16 36 
16 7 35 27 36 6 10 31 38 0 4 29 26 28 
8 22 15 6 16 38 33 0 23 9 24 36 29 35 
7 22 39 30 12 10 38 8 28 20 27 17 0 16 
2 15 35 6 19 31 8 0 7 27 34 12 26 29 
17 0 28 30 19 34 35 36 20 33 13 18 25 22 
3 23 34 1 36 30 14 8 26 4 33 0 12 32 
34 5 20 26 0 2 4 35 25 24 13 3 9 27 
3 37 1 13 0 38 27 17 7 25 32 20 26 39 
32 15 12 5 8 9 24 10 14 0 6 20 21 31 
36 34 4 31 23 27 12 0 28 38 2 3 29 37 
30 5 3 35 24 33 20 18 27 9 37 29 0 13 
22 28 36 27 31 12 25 15 0 30 14 19 4 8 
27 18 35 19 2 14 37 0 6 24 3 28 38 30 
20 12 19 15 34 36 30 1 31 10 21 0 37 25 
39 3 28 25 34 2 0 30 14 27 10 13 36 19 
39 14 2 32 37 24 0 17 11 22 21 7 31 26 
35 20 14 10 25 38 16 23 11 30 21 27 6 0 
20 27 15 19 0 21 22 28 12 17 34 35 37 14 
22 16 39 29 8 30 35 0 4 19 12 21 17 34 
14 36 27 0 26 28 6 11 13 29 15 34 5 23 
13 5 18 19 22 17 8 7 36 12 31 0 20 2 
0 4 38 29 11 17 30 24 9 16 22 23 20 21 
0 36 19 31 35 15 14 34 18 6 12 1 27 13 
28 22 34 24 1 17 36 0 19 4 9 10 29 15 
31 24 14 34 35 32 6 38 0 25 3 7 29 15 
25 14 22 37 9 0 24 32 26 36 5 1 12 28 
11 26 29 32 24 18 6 38 15 36 12 16 2 0 
4 37 1 15 38 33 21 8 27 26 29 16 22 0 
33 35 37 16 26 1 36 38 24 13 39 0 32 10 
0 4 9 24 32 14 8 36 38 1 26 39 7 35 
30 32 22 37 26 12 28 9 19 31 0 13 16 39 
2 39 17 34 3 31 27 32 28 20 9 0 7 8 
0 10 19 37 36 24 26 39 12 34 35 31 32 8 
20 7 32 28 16 38 0 1 14 29 3 35 26 30 
34 38 14 37 0 20 19 17 13 18 9 30 1 16 
7 15 9 23 24 5 6 19 8 30 0 2 3 27 
29 0 10 20 14 9 18 13 1 25 17 12 31 4 
0 23 22 13 37 34 32 36 6 10 2 1 29 3 
27 12 36 38 11 21 22 0 20 19 1 15 33 25 
14 38 33 27 6 30 0 15 12 5 11 18 29 9 
28 27 25 0 10 34 39 38 1 29 21 3 2 20 
38 17 33 1 22 20 29 21 0 11 8 10 39 19 
19 2 31 27 25 33 9 7 10 12 0 28 38 17 
13 37 33 1 19 27 15 18 6 30 10 17 2 0 
3 33 28 31 17 11 8 26 39 18 34 16 0 30 
2 0 17 23 31 13 38 39 7 1 32 4 15 21 
20 28 36 37 19 0 1 39 26 5 30 2 29 7 
30 33 31 35 39 12 0 6 15 3 28 10 4 25 
23 13 33 7 37 38 25 26 21 27 8 1 0 22 
0 34 2 3 1 13 35 37 28 9 22 24 11 7 
36 23 29 19 15 30 26 14 33 4 24 9 0 32 
27 36 0 38 30 32 26 24 14 18 20 11 19 21 
27 19 12 28 35 33 32 13 5 0 34 9 15 23 
2 30 8 4 28 0 12 17 33 38 35 19 23 39 
13 14 39 2 8 11 24 25 36 0 19 16 23 35 
11 8 23 0 19 26 25 27 22 37 29 3 31 16 
35 25 2 37 9 38 23 8 33 17 0 10 39 1 
19 33 28 10 6 21 16 23 18 0 26 15 4 5 
10 37 25 5 17 39 0 6 21 7 26 8 2 30 
9 30 4 18 29 0 35 26 7 33 6 16 2 22 
2 14 24 31 0 7 9 38 11 16 12 32 6 34 
0 38 2 26 25 3 37 27 22 34 19 9 35 21 
37 12 4 9 0 3 10 32 5 24 22 23 34 29 
28 14 7 31 3 4 30 35 39 2 0 38 11 9 
6 23 11 1 20 32 21 14 0 5 36 13 38 2 
18 11 1 0 17 4 31 33 8 25 6 35 10 27 
4 33 0 27 2 9 10 37 32 3 1 28 15 36 
0 33 10 2 28 39 9 31 5 29 14 37 17 4 
25 12 17 7 5 35 36 29 34 0 23 22 3 30 
29 0 21 18 5 9 1 32 22 31 2 36 38 11 
33 14 29 13 2 11 28 3 21 8 12 35 38 0 
24 22 4 9 13 3 8 23 0 32 38 33 27 25 
39 16 0 28 6 14 4 5 7 31 9 11 22 17 
39 18 37 12 11 7 19 26 10 2 13 0 15 1 
1 2 29 36 13 0 35 8 16 22 20 30 3 19 
23 39 10 28 9 16 0 1 4 32 33 11 14 34 
8 36 37 32 0 19 9 17 16 26 2 39 38 7 
33 1 6 0 28 12 32 29 38 30 39 3 17 25 
36 24 35 21 37 0 26 13 30 22 9 3 1 39 
3 14 25 16 1 22 23 0 5 18 37 28 9 27 
21 32 2 0 22 7 5 1 9 27 13 36 24 23 
12 1 2 8 28 11 5 6 24 7 36 16 23 0 
39 5 12 34 6 15 30 0 38 19 22 25 8 4 
20 38 34 30 27 12 2 7 21 18 31 9 0 11 
10 1 29 12 21 15 5 7 24 16 11 32 18 0 
20 13 23 32 22 31 16 35 6 15 39 0 14 8 
36 0 26 10 33 5 6 24 35 23 32 22 14 8 
34 21 5 3 0 39 4 6 15 14 17 24 33 25 
0 18 35 9 38 30 12 26 16 3 32 28 10 31 
1 0 12 34 29 10 37 33 8 18 22 19 7 24 
0 26 33 3 27 28 13 31 29 2 17 25 39 4 
33 12 35 25 1 0 28 9 29 31 4 22 3 26 
16 13 9 3 32 21 25 22 17 0 4 37 39 28 
15 33 8 9 22 16 18 31 12 27 11 17 0 38 
26 22 4 38 16 0 6 15 34 33 24 23 35 9 
19 24 8 4 27 0 33 3 2 30 36 16 11 35 
34 12 22 18 26 11 15 23 30 6 0 8 38 4 
23 16 24 19 38 14 34 5 29 0 37 8 3 27 
26 9 16 1 39 35 37 30 17 0 28 36 20 32 
24 29 17 38 27 0 34 4 9 5 36 1 6 22 
30 16 14 7 3 0 31 38 20 26 17 28 12 29 
14 6 31 13 3 15 1 26 4 18 39 19 29 0 
17 25 16 12 23 18 0 11 8 28 9 15 39 34 
33 35 28 15 36 14 2 0 37 30 19 8 6 1 
29 32 25 38 34 23 1 17 21 2 31 14 0 18 
6 23 29 24 15 5 32 2 22 12 0 35 34 10 
0 23 22 11 29 26 21 8 18 15 38 27 10 20 
0 17 31 27 7 29 24 6 3 22 26 33 14 10 
3 4 32 9 8 35 0 33 2 6 10 31 11 28 
22 0 30 23 20 7 36 1 29 16 18 6 2 11 
12 8 26 23 21 10 4 5 22 6 0 36 27 25 
0 27 6 3 37 9 32 4 33 16 38 30 2 8 
7 21 15 29 10 28 35 34 0 31 8 30 4 39 
21 15 36 24 38 3 29 37 6 17 7 39 0 9 
35 17 5 24 20 27 3 14 11 9 37 0 22 2 
0 16 8 13 32 26 37 9 34 39 22 17 19 29 
31 36 1 0 19 10 8 2 3 38 9 12 14 22 
21 0 37 6 2 4 11 24 23 26 14 28 22 29 
36 2 24 13 29 15 9 33 1 18 39 20 0 22 
28 0 4 14 19 13 33 26 35 22 17 10 15 1 
26 28 0 9 36 1 37 6 19 22 16 2 20 32 
30 17 33 2 0 31 32 24 16 25 3 39 20 23 
18 0 2 4 19 3 1 23 17 32 6 30 37 8 
15 4 17 8 31 19 14 3 24 27 35 0 13 36 
28 22 0 13 39 16 26 25 6 9 15 32 5 30 
36 0 26 34 16 31 7 35 3 13 10 15 2 30 
38 17 5 33 30 7 36 23 8 16 10 11 0 13 
39 12 37 28 2 6 29 0 1 10 26 27 32 5 
21 1 0 7 15 38 18 39 11 23 14 37 17 20 
37 23 9 30 26 22 36 38 7 21 5 35 32 0 
26 23 32 19 33 8 38 36 28 17 6 0 18 5 
10 31 23 29 26 38 0 22 25 32 4 39 18 36 
6 17 34 16 2 0 38 32 10 19 7 29 20 9 
2 11 15 3 19 4 39 34 29 0 33 28 36 22 
25 30 26 18 38 22 27 8 6 34 29 0 36 32 
0 16 12 26 5 1 7 25 21 19 28 6 31 35 
12 0 22 28 14 2 16 24 26 19 35 23 36 4 
11 26 15 5 19 6 17 31 35 38 0 16 33 29 
11 34 26 27 0 38 12 8 35 28 21 4 36 5 
29 22 19 24 20 25 3 36 0 7 21 34 6 23 
1 6 35 31 18 28 14 8 16 24 21 4 0 33 
13 8 32 0 7 27 12 10 4 35 25 11 20 28 
16 32 31 19 4 37 0 12 33 30 20 9 5 10 
33 7 30 23 0 39 3 1 32 26 19 31 35 37 
16 17 0 39 36 38 14 27 7 12 25 1 11 4 
39 14 32 13 21 29 24 35 1 34 12 30 10 0 
28 9 19 30 0 18 5 4 27 37 23 39 14 15 
8 26 21 1 11 27 34 0 10 6 2 3 12 38 
9 0 19 1 21 27 24 34 38 28 14 22 18 12 
14 2 20 29 30 24 8 26 28 31 36 37 34 0 
24 18 17 16 39 2 12 33 6 28 9 0 37 3 
0 1 35 26 13 39 3 34 17 18 11 10 12 25 
33 32 0 21 23 6 26 28 10 30 11 27 12 3 
13 18 19 22 32 20 0 37 9 38 16 5 2 8 
21 33 34 25 9 13 32 37 17 0 38 28 12 11 
22 28 30 19 24 0 3 27 11 33 35 29 14 39 
0 13 9 17 16 7 26 32 28 35 6 36 27 39 
16 32 36 0 21 37 5 3 15 6 13 18 38 12 
18 6 1 13 16 26 0 21 3 12 5 28 23 9 
16 21 0 18 14 1 26 17 12 15 39 20 32 10 
31 6 20 8 12 3 28 19 0 26 9 11 2 33 
0 38 8 14 32 39 1 30 4 27 3 16 13 23 
31 26 0 11 38 2 3 4 28 27 6 35 36 23 
8 24 0 35 16 38 31 21 30 10 4 34 15 29 
21 14 20 5 29 22 3 33 25 18 17 8 1 0 
26 35 6 7 17 34 24 10 28 0 11 32 13 5 
38 33 0 29 19 7 6 24 25 28 15 26 39 8 
6 32 23 9 30 21 25 3 15 0 13 14 34 11 
39 1 28 30 16 10 0 6 24 12 32 22 37 15 
25 20 15 3 14 9 27 16 35 31 0 21 4 38 
0 35 4 9 22 25 3 32 27 20 12 19 31 6 
16 20 21 3 38 31 12 5 11 13 26 0 7 9 
9 26 0 15 20 31 25 18 11 7 5 28 16 13 
30 4 39 14 7 3 32 18 0 6 22 19 28 29 
0 34 16 28 29 14 26 25 7 33 39 11 21 9 
7 27 22 18 5 6 0 14 11 34 9 31 12 35 
33 18 9 34 6 0 31 28 11 35 4 26 17 7 
28 9 5 7 15 31 3 0 36 17 11 23 4 19 
1 13 16 0 6 22 26 39 31 10 8 11 23 36 
39 13 36 34 6 22 19 8 5 4 0 12 24 29 
0 33 18 38 4 12 2 34 39 28 20 11 8 30 
29 11 15 12 7 18 20 8 5 34 27 9 24 0 
23 1 9 12 38 34 24 28 30 0 20 36 6 19 
23 19 29 15 1 14 25 16 11 0 4 13 12 30 
1 0 39 24 21 32 5 30 16 35 8 11 4 14 
15 21 33 2 37 34 39 0 17 8 35 22 7 26 
22 0 24 27 13 25 28 11 4 7 31 26 23 34 
33 2 10 17 24 34 29 23 36 9 3 35 0 38 
31 29 5 16 24 14 36 20 8 13 19 0 39 25 
14 31 15 0 12 7 35 2 5 16 21 34 18 6 
32 0 14 16 11 33 36 17 6 26 25 10 2 1 
17 3 24 6 4 14 15 31 21 10 36 0 2 30 
36 33 35 22 27 19 26 31 10 7 8 13 0 6 
4 8 37 23 39 1 0 32 38 21 27 26 16 10 
25 38 32 28 31 17 2 0 35 21 24 1 10 3 
2 15 14 0 36 19 17 22 30 16 9 35 5 8 
20 29 13 31 16 18 22 23 36 14 0 2 28 30 
10 27 20 17 36 16 33 2 9 1 39 21 25 0 
10 16 32 9 31 35 0 39 17 12 11 15 7 29 
36 31 19 1 23 6 0 38 20 13 35 29 32 12 
33 20 32 34 12 21 3 9 19 0 38 31 18 23 
36 13 18 20 38 33 16 0 37 32 12 15 27 24 
1 11 3 26 8 18 16 24 37 0 30 14 4 21 
10 3 0 19 15 1 37 36 39 18 4 21 27 12 
14 12 17 7 5 9 2 27 33 36 23 0 34 37 
35 0 16 39 27 37 1 22 26 25 13 19 18 12 
18 9 17 38 0 26 2 34 7 22 32 19 4 6 
13 14 32 29 0 8 11 39 31 10 9 7 33 23 
21 1 0 33 23 8 6 22 3 14 31 30 4 13 
38 6 16 28 12 7 23 20 19 8 29 1 37 0 
38 28 21 32 22 37 31 10 9 36 33 13 6 0 
23 12 9 21 15 24 2 11 22 4 0 5 36 8 
19 37 4 2 8 17 31 12 0 23 38 26 24 14 
1 12 25 11 24 8 14 15 19 10 0 34 20 21 
11 20 19 2 16 36 10 25 5 27 26 4 28 0 
10 18 23 9 2 29 5 15 27 39 4 6 33 0 
21 0 4 16 10 25 6 26 28 12 35 1 30 32 
17 12 2 10 16 33 34 1 21 32 24 11 29 0 
37 6 16 4 12 7 29 32 21 36 9 11 0 15 
26 25 7 17 36 37 19 24 21 33 4 32 0 30 
27 1 6 11 15 5 37 32 17 0 9 2 19 12 
11 5 6 23 9 15 0 8 1 29 31 13 3 12 
11 0 19 22 8 36 12 23 29 38 32 16 9 20 
32 9 3 33 21 34 0 16 17 29 1 23 38 31 
3 9 0 29 39 23 25 7 21 5 11 1 35 27 
0 35 22 20 14 8 15 16 23 36 24 9 26 6 
9 0 28 36 11 3 4 30 19 38 12 37 13 6 
25 17 7 33 31 0 16 21 24 37 9 13 2 4 
17 15 0 33 31 7 21 39 24 13 11 37 26 6 
29 35 39 34 31 10 37 0 17 13 22 19 32 5 
10 38 36 8 18 29 22 4 34 24 0 2 16 32 
4 5 21 37 12 39 8 3 32 0 31 24 14 16 
8 6 21 26 31 17 34 11 28 23 2 5 4 0 
16 7 21 0 6 17 32 10 26 13 12 22 27 34 
23 25 35 15 34 31 10 38 0 14 13 18 17 32 
4 0 5 14 12 36 6 18 22 7 8 16 37 35 
1 16 2 11 33 26 8 0 25 18 29 19 9 17 
17 15 34 27 1 39 0 26 4 3 12 22 19 35 
23 36 30 0 10 26 2 5 4 21 15 27 37 12 
14 17 13 2 1 12 18 7 28 4 37 25 0 30 
21 39 22 6 32 29 38 24 7 0 14 30 19 33 
2 24 38 3 20 14 29 35 11 8 18 27 0 26 
6 31 37 28 14 15 33 7 13 24 3 0 17 9 
39 31 20 18 23 29 28 3 7 32 10 15 1 0 
37 20 25 32 33 6 19 2 36 8 11 22 0 21 
5 14 4 12 0 11 32 3 39 26 19 24 17 7 
4 9 37 24 14 29 35 21 12 0 10 3 17 1 
8 18 32 17 28 39 12 38 37 1 0 21 15 19 
24 22 10 36 27 8 19 30 33 25 28 39 0 18 
10 0 31 6 33 11 9 22 39 26 37 35 24 25 
14 26 34 38 23 18 10 22 15 28 7 0 37 16 
24 11 36 34 39 30 10 5 25 0 17 33 4 22 
37 39 10 3 9 5 21 13 35 32 22 4 0 7 
34 3 24 27 14 29 23 15 26 5 0 20 13 37 
35 25 9 32 5 18 22 30 24 0 16 19 27 23 
36 23 32 31 25 6 16 27 22 20 0 9 33 28 
21 5 38 9 0 8 29 16 34 24 3 11 2 1 
3 20 39 25 1 37 11 17 12 13 33 0 24 2 
2 3 15 12 0 25 24 39 18 13 30 28 19 26 
0 2 28 23 13 20 3 26 5 39 24 12 34 33 
4 39 31 2 33 36 16 10 18 37 6 0 28 15 
16 34 5 32 29 8 31 3 19 6 0 18 21 33 
30 9 15 22 1 7 0 8 20 11 35 32 6 39 
0 24 8 29 10 16 9 14 3 13 34 31 39 38 
13 19 10 29 30 1 17 20 35 26 0 14 7 33 
7 16 23 17 28 33 27 26 24 0 20 9 15 10 
9 29 17 15 1 8 33 28 0 2 35 37 38 31 
5 10 35 29 14 6 32 23 38 0 12 17 3 9 
26 27 9 34 23 1 29 0 36 20 24 2 28 8 
12 9 11 37 14 6 0 30 20 31 21 23 5 24 
21 7 1 24 25 12 33 29 20 35 26 30 0 22 
26 29 23 19 4 2 28 31 22 10 0 27 12 6 
33 0 24 8 17 21 2 31 32 36 28 39 23 34 
27 11 0 20 1 19 2 29 33 37 23 9 14 10 
9 4 23 0 27 32 38 25 22 16 17 30 31 26 
5 34 17 35 10 12 31 3 18 19 11 20 0 33 
22 13 14 15 20 1 0 26 28 10 36 3 24 29 
27 37 14 23 34 25 26 35 6 31 18 21 0 15 
15 23 38 0 20 7 34 39 22 35 4 29 16 36 
28 31 17 27 21 38 14 0 25 30 33 10 29 36 
33 28 14 1 13 0 27 7 26 36 18 32 30 16 
38 21 12 36 16 4 0 25 24 10 37 22 27 18 
3 23 26 15 33 4 32 30 25 7 31 0 36 14 
21 17 38 0 6 33 28 30 7 27 3 22 14 32 
4 28 0 15 22 3 16 30 37 10 11 21 39 36 
16 35 38 3 20 18 27 17 25 0 5 33 39 12 
22 27 0 5 30 23 18 34 35 12 2 7 4 36 
26 5 9 27 2 28 17 23 8 30 18 34 0 13 
0 21 35 18 30 8 14 37 17 10 1 39 29 38 
25 27 0 4 13 1 23 34 24 22 21 3 2 15 
25 37 16 0 15 33 23 28 3 35 21 19 8 24 
33 34 20 22 36 5 0 38 7 1 26 13 9 30 
0 22 4 28 34 14 6 29 8 24 31 37 7 26 
11 25 26 23 21 38 32 29 24 36 28 13 34 0 
22 11 4 9 0 17 18 27 28 23 6 26 36 25 
22 5 7 31 26 32 14 30 34 0 33 36 9 24 
26 4 13 19 31 5 29 16 36 30 14 0 3 7 
10 34 36 8 27 21 19 25 26 15 0 33 1 35 
0 2 31 9 6 17 5 14 22 21 24 13 16 3 
1 14 18 10 27 0 39 31 16 26 38 20 2 34 
2 35 22 37 7 10 21 12 36 0 24 28 5 14 
19 24 26 12 17 14 21 29 6 5 37 35 22 0 
12 33 0 19 20 18 22 21 37 17 9 14 30 10 
20 30 19 10 37 1 12 9 33 14 28 25 11 0 
10 3 29 38 0 4 15 17 36 1 28 32 20 6 
37 24 33 7 39 0 10 12 13 21 23 14 38 2 
27 0 6 4 10 14 37 2 34 36 28 24 7 32 
29 25 13 28 10 17 32 27 39 11 0 33 20 21 
13 18 17 9 0 33 22 31 3 21 25 5 37 4 
19 6 38 9 11 0 16 17 30 27 22 34 25 39 
18 32 28 10 30 0 20 12 34 23 14 26 13 9 
25 28 22 34 35 30 19 23 29 13 10 27 11 0 
39 35 0 9 29 3 6 18 26 16 2 34 24 30 
37 8 9 33 35 39 11 38 0 4 28 19 20 1 
11 17 20 28 3 14 25 33 30 9 12 0 36 1 
12 32 26 16 0 23 27 39 10 3 6 5 22 15 
39 0 2 10 1 33 16 21 36 9 23 11 3 4 
2 31 17 20 32 14 4 1 33 7 10 13 38 0 
26 10 0 37 9 32 34 29 16 1 24 33 23 25 
30 10 22 8 3 5 29 33 34 1 28 24 25 0 
35 3 25 4 12 10 0 29 6 30 26 22 34 16 
18 30 23 1 12 27 3 0 6 7 32 36 10 37 
13 35 6 30 5 14 4 1 36 11 17 19 25 0 
32 36 30 21 35 20 37 0 1 4 2 38 39 25 
13 17 0 38 27 5 35 15 26 24 29 34 1 30 
9 2 38 3 18 26 15 14 0 6 39 36 22 31 
8 7 0 25 2 24 37 10 15 27 33 22 32 26 
19 10 15 24 7 25 30 39 0 38 29 31 8 3 
21 32 2 34 18 11 30 37 33 12 20 7 17 0 
6 18 4 32 26 29 17 3 7 20 1 0 8 35 
11 31 2 0 9 6 13 16 17 7 19 4 26 22 
1 8 39 30 18 17 7 0 11 2 37 23 31 32 
2 28 29 15 23 14 39 36 0 4 24 18 31 37 
27 31 10 3 25 22 8 30 4 21 23 26 0 14 
16 33 19 21 28 24 27 1 20 7 0 9 29 5 
19 27 33 1 26 18 20 4 14 6 0 23 38 5 
24 1 29 4 28 16 2 5 38 9 26 25 20 0 
21 23 10 0 13 24 5 1 9 4 20 33 12 6 
39 15 21 30 29 25 26 33 31 8 0 37 34 3 
8 22 37 32 9 23 34 16 3 24 19 0 36 29 
21 2 11 17 16 33 36 20 0 31 15 22 10 3 
