20 14 33 7 15 24 34 11 8 36 32 16 0 21 
8 21 1 26 7 0 4 16 22 34 37 18 23 28 
16 0 38 39 30 12 20 5 3 2 26 10 1 24 
1 36 28 5 0 34 13 15 27 22 16 17 7 32 
0 20 18 23 30 33 39 3 13 25 36 17 27 26 
16 5 18 35 28 4 3 7 6 0 30 22 33 36 
35 33 26 30 39 5 4 2 3 1 9 20 0 31 
35 5 24 6 11 25 37 10 18 13 20 28 12 0 
38 35 13 26 0 19 37 6 16 22 18 17 9 12 
24 22 5 20 26 19 1 0 10 7 31 27 13 9 
13 28 14 7 23 2 36 33 5 6 10 37 0 3 
12 24 38 7 36 26 32 1 31 0 16 27 10 33 
29 38 18 1 25 17 30 24 35 31 33 5 6 0 
9 31 23 27 6 29 30 0 25 14 32 15 5 33 
24 6 1 20 18 35 32 4 13 16 36 2 19 0 
4 32 7 39 10 0 5 29 24 6 9 16 1 30 
0 4 18 31 2 8 34 39 36 11 3 32 10 7 
21 29 25 14 11 13 26 34 32 24 12 6 4 0 
33 37 29 18 31 0 24 11 30 23 3 4 26 34 
24 8 1 28 33 29 26 21 16 34 0 2 20 12 
21 33 26 18 15 27 35 28 24 0 14 19 20 9 
30 18 1 15 27 22 12 25 4 35 39 0 14 9 
16 33 15 6 30 32 11 18 10 20 8 0 28 19 
9 8 5 0 4 7 28 10 30 32 37 38 17 35 
9 14 3 0 22 1 23 30 15 21 31 34 11 18 
37 11 17 28 26 14 15 19 29 36 0 8 27 2 
27 22 3 1 26 35 30 25 33 11 17 0 19 39 
37 27 21 3 17 26 8 0 11 6 18 9 39 24 
34 2 29 4 0 20 8 16 37 33 3 21 39 11 
31 35 16 14 36 15 17 4 24 11 5 7 37 0 
12 7 10 13 28 34 38 23 17 26 15 30 37 0 
35 22 34 36 3 8 29 1 12 20 2 26 4 0 
28 6 12 35 13 9 21 27 11 15 37 23 19 0 
30 0 17 7 33 8 18 26 34 27 22 31 10 9 
4 28 12 2 33 6 9 37 13 35 21 32 1 0 
0 16 26 31 15 39 36 18 32 34 1 13 24 4 
21 20 34 25 3 7 0 27 6 39 17 24 37 31 
30 8 13 27 39 0 37 3 6 33 4 18 31 1 
23 36 29 4 26 2 38 17 7 0 11 10 12 32 
27 26 6 22 34 35 21 28 16 32 12 37 15 0 
0 12 21 23 26 39 19 30 17 34 1 22 20 31 
35 5 38 14 18 25 8 27 2 28 30 26 0 7 
38 39 6 23 10 1 34 0 21 4 3 2 27 28 
29 10 6 14 4 35 19 32 0 23 13 26 22 12 
4 17 26 0 6 22 7 13 14 34 16 33 36 32 
30 28 12 2 8 23 13 31 35 37 17 0 24 26 
12 9 13 17 0 30 4 25 33 8 26 28 23 32 
0 4 30 7 10 5 13 36 32 16 27 37 39 23 
15 4 19 17 10 31 6 0 26 28 22 3 5 1 
19 16 39 7 38 0 1 2 32 23 10 4 29 30 
12 25 0 4 7 9 8 5 1 19 27 24 20 38 
11 31 1 33 5 0 35 36 16 38 30 12 9 29 
13 29 3 0 27 20 14 12 17 11 31 2 28 4 
7 3 31 22 29 26 0 9 4 38 12 1 20 11 
19 21 13 7 31 29 11 28 5 10 32 14 34 0 
22 4 11 2 8 0 13 14 30 9 24 5 12 25 
0 13 12 19 39 26 5 15 24 25 35 6 17 21 
21 12 28 35 0 11 13 30 20 1 29 37 33 31 
19 10 0 31 9 29 26 8 35 2 5 38 25 11 
5 19 3 12 39 15 14 8 0 33 23 2 24 35 
14 33 5 1 31 0 36 10 38 6 26 2 12 8 
1 12 30 2 17 11 19 31 8 0 32 9 21 5 
3 16 30 36 11 14 13 9 33 27 39 0 7 25 
14 23 30 21 33 18 0 6 32 28 15 17 7 9 
8 29 38 5 22 28 3 12 36 24 26 37 0 17 
21 28 36 14 32 27 19 24 2 38 3 13 26 0 
38 22 9 13 30 17 29 11 12 0 24 37 16 26 
21 15 11 38 39 3 12 37 29 33 6 0 31 26 
10 3 14 18 29 6 21 20 35 2 0 37 25 27 
10 25 16 1 27 19 36 4 0 37 33 18 3 29 
20 2 30 31 29 18 1 10 37 13 33 0 3 7 
14 20 27 36 18 0 17 29 37 30 31 33 8 23 
22 13 24 31 19 38 39 20 34 2 35 12 14 0 
30 15 6 4 34 21 0 5 36 29 7 8 31 11 
3 12 15 31 6 7 2 32 30 14 20 24 1 0 
0 9 18 33 37 11 20 38 30 6 26 24 8 15 
17 36 15 0 30 27 6 21 4 10 11 14 7 23 
34 12 7 30 21 0 3 9 25 19 17 37 23 11 
38 19 22 4 9 8 2 16 12 0 32 25 5 18 
29 37 8 25 11 27 17 21 5 24 38 39 26 0 
39 31 18 26 15 25 32 35 10 34 20 0 19 11 
25 10 12 15 0 5 28 17 22 31 34 8 38 27 
22 26 35 27 8 24 30 21 0 11 19 32 3 10 
22 0 4 20 31 3 5 26 7 24 35 11 30 23 
16 19 7 4 32 21 30 2 31 0 36 8 13 28 
33 19 27 23 21 16 8 29 35 0 26 20 38 7 
2 4 0 39 6 33 24 21 9 22 17 10 14 1 
9 28 36 29 0 2 6 33 31 30 11 27 38 32 
2 20 8 13 37 27 24 31 16 26 0 14 18 7 
12 7 34 29 4 10 23 0 32 30 27 37 28 22 
32 5 39 26 7 2 13 0 24 34 1 20 18 19 
37 13 20 36 25 4 38 0 16 19 35 32 14 1 
1 26 33 29 35 13 20 28 34 25 0 38 27 7 
7 28 29 37 14 13 6 5 30 0 3 20 18 9 
27 7 38 12 17 23 33 15 31 37 2 1 0 6 
26 36 31 30 39 32 14 5 16 0 17 15 20 23 
17 10 25 23 1 19 22 3 0 15 31 5 11 30 
31 20 10 13 11 0 7 35 21 16 8 24 17 28 
1 5 15 10 24 12 37 0 25 6 27 18 26 33 
15 26 2 0 13 21 39 31 38 19 18 9 30 12 
1 29 11 26 13 24 21 16 17 5 9 0 4 36 
12 17 33 30 8 26 20 13 29 7 32 0 23 28 
0 8 35 10 14 4 18 29 26 21 37 34 23 7 
30 11 5 4 0 38 2 24 25 22 27 16 17 3 
21 32 25 24 4 28 0 12 35 1 14 30 8 7 
24 16 10 26 32 29 38 3 27 39 34 0 8 22 
20 37 11 23 3 33 26 34 35 18 0 12 22 16 
37 25 32 35 5 30 2 34 0 1 23 39 31 12 
31 16 5 21 12 14 33 2 30 3 32 0 19 38 
28 15 32 12 27 3 20 8 18 35 23 26 0 11 
31 33 36 0 30 23 9 32 21 14 1 13 22 8 
16 20 11 17 22 29 36 0 12 3 26 6 13 24 
39 11 26 1 34 25 18 7 0 21 31 29 4 3 
1 2 30 21 7 9 0 13 31 10 8 17 5 27 
23 7 4 33 29 36 39 38 8 2 0 30 15 37 
21 32 3 35 10 0 28 13 37 27 4 39 30 19 
39 2 21 32 29 3 8 11 1 0 14 27 28 9 
13 25 0 7 26 12 30 38 2 19 23 29 39 27 
29 38 0 13 19 10 18 9 36 33 4 2 28 35 
9 22 0 38 18 28 23 31 33 17 11 27 21 24 
3 0 26 30 6 13 33 2 17 8 36 4 22 28 
38 31 10 3 17 18 27 0 13 21 1 14 26 12 
35 24 7 3 1 0 15 34 31 25 14 5 26 21 
13 25 10 0 39 32 7 3 6 37 36 23 35 2 
0 9 20 18 35 6 29 30 8 21 14 27 2 34 
29 20 6 3 1 7 37 32 26 31 10 36 0 23 
0 32 5 39 23 36 12 9 4 18 21 34 17 30 
4 7 38 29 24 6 25 9 22 34 14 32 26 0 
37 11 6 31 29 17 20 22 28 30 35 7 10 0 
16 26 25 22 8 6 31 0 13 9 1 37 3 12 
20 33 34 24 27 0 8 15 12 31 1 18 26 29 
32 27 18 16 10 3 37 36 21 25 24 22 0 5 
9 2 10 16 39 1 21 0 20 19 34 22 12 4 
9 24 13 6 38 11 25 20 0 2 28 39 29 33 
22 8 27 15 39 24 0 37 21 18 23 20 14 36 
4 39 20 30 38 26 18 9 31 7 0 16 14 8 
32 16 31 14 10 15 24 13 18 23 33 38 0 12 
38 15 7 3 27 25 0 5 36 20 18 19 10 8 
6 17 0 10 3 38 33 7 8 11 9 15 19 16 
13 26 17 16 0 34 1 14 21 28 35 31 19 8 
35 30 22 26 36 29 0 28 3 1 8 5 39 32 
6 12 37 10 2 38 20 26 1 14 35 25 0 21 
39 28 13 9 36 0 32 30 26 19 3 15 2 12 
8 0 23 10 13 24 38 22 11 1 7 3 26 19 
16 7 14 35 23 3 17 10 5 24 36 26 4 0 
35 28 19 24 18 0 7 34 8 17 5 37 36 6 
38 24 25 9 15 36 7 28 30 12 33 1 0 32 
22 6 2 12 16 31 5 14 34 0 8 25 11 7 
33 20 38 1 13 18 14 27 8 12 26 0 37 31 
24 39 10 29 35 15 0 3 20 30 2 16 5 14 
5 3 36 2 14 9 18 0 4 39 30 38 32 27 
2 0 8 14 28 26 7 21 20 16 23 24 30 5 
16 4 23 12 1 36 28 0 35 26 19 39 32 31 
20 14 0 22 33 1 21 10 23 12 9 26 19 38 
31 0 25 22 26 12 19 14 37 8 3 20 16 27 
4 24 8 28 36 33 16 0 6 26 5 10 7 29 
3 20 36 38 17 14 22 2 37 0 30 24 19 34 
9 32 10 11 6 22 38 0 5 8 30 37 21 3 
14 24 0 12 6 13 20 10 35 34 5 15 22 17 
35 36 0 11 38 34 3 9 15 26 2 4 7 25 
28 15 35 10 23 3 6 29 26 37 0 31 20 5 
23 36 5 31 30 3 2 13 22 7 34 29 0 14 
11 0 17 7 29 38 33 3 5 12 18 9 10 34 
1 7 36 5 0 28 32 6 38 8 39 33 10 11 
19 24 14 6 9 0 33 25 7 38 23 16 29 17 
12 19 23 8 3 35 7 0 16 10 28 27 37 31 
18 14 26 9 1 29 35 0 3 17 5 10 33 20 
22 28 11 5 21 23 20 0 29 34 8 7 3 1 
6 36 31 14 0 34 25 24 10 4 18 1 32 2 
19 9 1 39 0 29 13 36 27 16 22 5 38 26 
26 28 3 14 0 19 37 30 36 18 4 29 6 7 
31 30 34 32 19 22 10 36 2 18 1 0 25 16 
27 0 37 24 35 28 22 36 11 9 18 39 29 34 
6 0 13 11 36 14 28 15 31 37 25 8 2 30 
37 24 23 0 8 34 19 12 13 16 29 9 36 11 
0 9 36 1 27 20 31 7 29 26 35 24 4 15 
0 24 12 38 32 39 16 33 3 13 23 17 34 36 
29 13 4 9 22 0 26 32 39 21 8 16 5 18 
31 29 34 33 35 30 20 13 5 0 17 21 16 38 
30 5 31 9 19 24 21 0 26 14 35 29 11 8 
11 34 20 15 24 28 6 12 39 3 21 0 25 10 
15 22 26 9 0 4 20 38 13 28 24 17 30 10 
18 19 16 21 1 38 26 14 25 9 17 33 11 0 
39 20 25 8 1 31 33 7 18 38 12 22 0 10 
27 18 14 20 30 12 10 0 35 1 28 39 8 38 
26 7 23 6 33 25 34 15 20 14 4 0 1 19 
29 32 5 27 7 22 26 0 1 3 39 12 30 33 
17 0 11 9 27 10 22 21 3 2 15 1 13 7 
38 0 14 24 19 36 17 33 30 37 3 31 7 4 
32 11 34 9 15 7 6 3 35 18 10 37 0 29 
8 12 7 6 1 14 0 22 28 24 34 16 30 33 
14 0 26 20 29 22 21 8 6 27 37 28 7 38 
36 17 38 20 18 8 31 37 27 34 5 22 25 0 
6 14 24 30 39 28 22 35 31 16 0 8 34 21 
20 39 18 16 7 5 32 0 29 22 15 33 8 36 
16 3 28 37 22 0 29 13 33 15 1 17 30 2 
17 14 39 11 10 37 26 30 5 25 2 3 24 0 
4 22 36 29 0 13 28 3 18 15 38 12 17 2 
11 0 35 28 25 16 14 29 10 4 15 9 1 31 
13 38 6 9 0 25 11 31 7 39 33 8 12 3 
12 7 35 26 0 1 10 16 33 2 22 38 32 36 
15 27 4 13 28 38 8 11 10 22 37 16 0 23 
24 39 23 16 9 5 1 13 28 0 38 25 11 27 
31 0 17 30 12 38 10 25 29 23 32 28 3 39 
38 11 19 35 36 4 8 12 13 29 25 0 16 26 
4 18 19 31 32 17 27 29 26 9 2 0 30 39 
2 0 17 27 13 18 35 36 34 39 15 23 3 16 
3 0 20 19 32 23 7 37 29 11 13 36 31 1 
9 37 19 26 33 8 21 10 0 22 20 5 32 4 
1 23 29 28 0 38 34 11 12 35 27 33 25 3 
13 19 17 37 25 30 16 4 10 31 39 0 12 11 
21 35 31 18 0 16 33 27 20 2 37 17 38 3 
36 38 19 9 5 37 18 2 21 13 28 3 0 33 
13 34 38 30 32 23 26 3 25 10 7 19 0 1 
35 28 31 26 14 21 0 27 5 7 12 22 1 32 
18 13 0 20 23 38 30 2 12 33 25 15 31 29 
38 20 5 33 29 0 21 25 31 6 7 16 36 27 
3 21 16 14 31 12 27 5 0 38 26 8 6 20 
9 6 1 39 15 14 26 10 0 5 27 37 8 12 
5 11 0 24 19 8 32 29 22 34 26 39 38 33 
13 2 0 35 9 23 37 5 8 29 15 10 33 3 
21 33 12 11 19 1 0 18 23 17 22 4 32 10 
27 12 15 16 23 4 22 2 6 0 10 34 28 39 
0 19 3 12 26 2 8 21 18 24 20 39 27 10 
27 30 12 0 15 38 14 23 3 28 32 4 20 8 
5 35 0 23 14 37 36 7 38 1 9 30 11 33 
10 0 38 5 19 28 29 23 12 16 2 36 3 4 
39 19 0 16 4 36 2 15 17 12 13 31 22 10 
30 24 26 31 13 0 1 38 21 35 22 36 37 4 
35 28 22 25 12 11 14 38 31 29 21 30 0 26 
14 17 15 34 26 0 28 11 29 31 2 18 13 35 
7 29 26 27 8 16 0 30 32 3 12 35 5 36 
28 13 39 12 2 20 24 38 35 19 34 0 30 37 
13 20 39 12 19 6 8 0 17 15 36 14 21 7 
27 0 39 21 14 23 15 3 30 10 2 19 6 8 
37 14 31 16 19 5 33 1 7 24 35 11 17 0 
3 20 30 10 38 36 37 0 32 7 27 9 22 39 
8 32 29 20 3 30 33 0 18 17 34 14 39 28 
2 6 16 37 8 12 10 15 22 25 0 34 13 32 
1 15 17 29 5 25 20 23 37 8 16 0 34 18 
3 35 15 21 22 25 27 34 13 5 23 0 20 29 
18 28 3 33 32 1 7 29 24 12 34 0 19 20 
1 26 39 34 28 0 33 30 29 38 37 36 11 27 
19 9 21 23 17 5 15 28 0 13 20 7 14 3 
7 30 38 16 8 29 35 28 0 36 26 3 19 39 
23 8 7 36 34 25 38 37 11 29 9 19 30 0 
36 20 21 0 34 11 24 32 16 6 31 13 10 37 
17 14 3 5 2 16 26 0 7 32 29 15 23 24 
0 11 12 3 10 31 35 36 23 30 32 34 14 24 
0 34 15 27 36 31 33 22 13 28 7 12 24 10 
35 0 15 23 16 34 21 6 29 36 18 20 14 30 
30 34 6 33 36 29 0 2 24 35 32 5 3 37 
38 12 6 27 33 35 25 2 0 5 30 34 8 39 
17 2 10 7 16 27 39 19 5 9 22 34 0 18 
0 11 5 20 23 35 14 27 39 28 3 1 22 6 
34 5 24 1 39 37 4 0 32 35 7 30 14 3 
30 26 39 2 29 36 34 8 12 18 0 5 7 6 
0 7 35 30 26 20 25 22 36 18 10 31 2 1 
24 0 26 16 33 22 35 8 28 17 1 25 12 15 
17 29 36 9 31 11 32 15 28 0 3 16 1 2 
6 39 18 32 31 21 13 35 33 2 5 20 0 36 
7 29 12 0 15 27 8 25 39 21 17 16 32 18 
32 12 16 22 13 0 19 4 33 3 26 9 1 11 
19 20 26 0 21 18 3 16 24 11 7 10 30 17 
6 33 28 18 34 37 32 19 25 0 8 16 24 5 
32 24 31 28 7 10 0 14 15 3 35 36 2 19 
5 24 16 25 33 29 32 37 0 34 23 35 12 26 
6 33 30 35 34 2 25 17 0 24 21 39 31 13 
28 13 1 2 19 16 10 37 0 23 38 39 4 36 
9 11 30 28 21 16 3 26 17 22 0 15 4 35 
15 2 16 39 28 20 31 6 10 19 32 0 12 29 
0 8 5 39 3 26 38 13 22 37 32 2 24 28 
1 26 9 17 4 14 21 0 36 32 13 22 28 25 
0 7 9 12 19 28 30 22 4 32 33 3 14 26 
28 13 35 6 21 12 38 8 25 27 15 0 3 20 
22 30 23 27 18 39 0 33 9 38 16 1 17 26 
32 20 38 30 0 15 31 23 14 4 28 27 29 5 
3 6 38 2 1 17 0 27 26 19 16 5 30 37 
3 8 0 35 39 38 4 37 1 9 20 24 31 12 
19 2 27 30 16 0 38 14 12 3 13 17 39 31 
0 6 1 8 9 5 21 27 4 7 22 20 30 24 
29 38 15 13 32 9 5 0 16 35 21 28 24 7 
5 33 18 36 2 28 12 29 0 26 7 6 39 34 
30 25 16 33 1 36 10 37 8 27 0 17 9 38 
11 15 25 7 0 6 17 22 20 19 36 12 33 8 
30 19 33 0 31 1 25 27 15 35 37 6 3 13 
0 33 31 29 3 38 5 1 39 6 25 35 7 8 
13 30 17 32 38 18 0 4 25 9 5 10 34 15 
10 38 7 31 30 18 36 21 0 34 8 33 15 5 
23 15 9 38 0 3 13 10 21 22 35 31 33 14 
15 12 33 24 29 0 20 37 23 9 38 14 6 3 
30 1 23 13 37 15 16 26 35 28 8 0 24 18 
28 6 31 19 5 34 10 21 18 3 20 38 2 0 
16 24 6 3 0 17 18 15 27 32 2 10 35 39 
4 1 34 24 22 37 16 33 14 8 0 12 9 19 
26 29 22 2 13 12 35 1 32 39 16 25 0 11 
1 30 25 14 39 27 5 37 38 11 31 12 0 10 
32 27 15 12 29 25 1 0 31 16 21 33 39 4 
35 16 33 20 39 28 18 11 0 13 21 9 38 5 
35 19 25 17 37 18 22 9 10 15 2 0 1 30 
38 32 4 26 12 0 15 22 29 35 16 5 39 23 
5 36 27 33 25 38 20 30 39 4 13 12 21 0 
15 18 25 20 5 21 27 0 1 16 28 24 3 9 
17 0 8 25 15 34 9 11 10 31 5 24 18 38 
25 37 0 31 18 17 4 19 2 12 38 36 13 16 
27 8 31 32 24 6 11 15 0 19 33 5 30 25 
16 15 13 26 12 32 0 11 29 20 14 31 30 38 
19 37 0 34 38 2 35 24 5 27 8 30 29 12 
16 30 19 39 15 34 2 13 0 20 24 1 26 11 
10 37 36 0 22 28 4 5 1 8 9 27 7 38 
29 12 1 36 0 5 4 22 30 21 28 18 39 9 
0 19 37 3 4 31 17 27 18 23 30 35 26 36 
0 11 39 10 5 31 22 6 36 27 20 12 29 26 
9 6 14 19 3 20 7 0 16 28 2 10 18 4 
32 36 20 34 0 3 21 30 18 29 1 19 10 38 
19 6 12 8 28 34 2 21 3 38 25 36 0 24 
32 23 31 16 0 2 8 24 19 13 33 39 7 36 
2 24 0 8 35 17 22 5 27 3 15 32 38 11 
14 10 34 22 36 28 17 29 16 9 32 24 39 0 
25 35 21 0 29 33 8 39 19 18 22 38 5 24 
0 7 33 4 27 24 35 39 26 8 23 19 32 10 
28 7 37 21 10 39 30 1 0 8 38 22 13 24 
12 21 17 7 1 29 2 28 0 37 24 38 9 5 
33 4 0 18 19 11 6 9 34 12 14 13 36 10 
30 24 26 19 7 25 36 39 3 21 14 0 17 35 
30 5 8 21 39 28 0 10 36 29 2 13 16 7 
21 38 16 34 14 12 5 1 22 2 30 8 9 0 
23 3 22 12 17 34 7 14 18 33 16 8 21 0 
11 25 23 12 0 34 37 5 9 30 33 2 19 1 
21 3 7 0 11 18 20 29 32 39 37 35 9 25 
1 10 24 34 26 0 30 2 29 21 15 9 28 36 
26 31 10 20 11 14 12 32 0 33 34 9 27 39 
3 15 36 34 17 38 28 1 27 21 0 32 26 19 
0 18 19 37 2 26 32 11 23 5 20 27 38 17 
5 6 15 30 0 18 1 11 27 31 20 24 14 10 
3 11 14 25 0 8 34 16 4 17 29 30 26 2 
8 29 4 2 24 10 14 19 0 12 25 34 15 23 
11 18 33 36 0 13 6 32 23 5 8 1 16 4 
26 39 25 32 35 29 8 0 5 23 15 9 34 3 
25 12 38 0 3 15 28 34 17 2 30 20 39 18 
9 4 16 34 14 0 31 28 39 30 7 23 2 8 
7 0 20 14 24 27 31 11 15 30 26 32 13 9 
39 35 29 33 4 38 0 28 13 23 36 9 26 14 
37 28 6 5 10 8 25 18 35 39 15 31 0 38 
32 12 3 0 16 14 27 24 11 18 28 10 38 2 
17 26 5 23 0 12 25 16 22 6 21 28 3 27 
23 34 28 18 13 4 22 15 0 20 35 12 33 39 
2 0 36 14 7 17 5 8 9 39 12 23 35 37 
19 29 3 6 26 36 10 33 38 27 23 16 0 8 
39 30 0 35 14 21 23 11 27 38 3 25 18 5 
3 24 15 10 0 11 18 32 14 23 34 25 16 22 
9 12 7 22 30 17 18 0 21 20 3 4 11 36 
23 0 32 21 27 2 1 35 31 14 22 29 10 13 
38 14 36 30 0 5 31 23 37 33 18 11 35 27 
27 0 17 25 9 13 30 1 12 4 11 22 26 3 
33 28 21 7 12 0 17 16 26 36 22 2 38 5 
24 10 2 9 14 7 15 8 4 38 28 37 22 0 
29 12 22 18 28 10 2 31 24 7 0 23 25 14 
12 26 32 17 14 0 37 15 36 18 25 8 6 2 
8 17 0 30 19 28 31 2 25 34 12 7 10 13 
6 30 0 7 9 10 21 35 23 4 8 37 13 26 
28 22 26 7 9 23 20 0 25 4 34 32 19 30 
32 21 0 2 34 28 11 16 35 27 20 37 39 10 
21 5 20 35 24 7 10 0 1 8 17 9 37 28 
3 34 32 1 2 6 38 15 25 33 28 12 9 0 
17 33 23 22 38 0 35 19 26 18 30 10 37 31 
30 3 14 2 34 0 7 9 12 37 25 36 6 31 
0 38 27 30 19 5 14 17 10 35 7 31 4 12 
14 9 19 8 38 26 33 35 25 23 4 36 0 21 
22 23 27 0 21 16 3 2 18 20 34 32 13 10 
33 18 23 35 1 24 13 0 16 30 19 38 21 32 
18 0 17 33 1 11 21 10 2 37 31 32 36 19 
4 38 28 12 19 39 23 25 6 0 21 16 33 27 
16 19 29 23 17 0 2 38 7 10 30 4 11 13 
28 0 16 10 14 13 1 7 30 19 11 20 2 9 
10 11 28 0 29 8 30 36 25 31 35 1 5 38 
37 11 12 29 18 21 7 35 19 8 1 0 6 33 
15 17 11 19 0 27 7 30 14 8 3 6 32 26 
32 18 3 36 24 21 29 23 34 19 13 0 39 35 
20 28 7 35 5 19 15 36 0 26 10 16 12 23 
32 8 25 33 13 2 12 28 14 37 34 35 26 0 
6 35 37 33 19 8 29 0 34 11 30 7 13 36 
18 34 31 16 21 30 1 26 39 36 32 0 6 11 
23 6 4 16 20 0 35 30 28 29 37 7 8 39 
20 28 0 14 29 24 1 18 30 27 37 13 3 26 
6 32 25 38 19 2 9 16 28 23 30 0 12 4 
22 2 38 13 29 34 25 0 36 23 37 15 1 17 
22 38 30 32 24 16 11 36 14 0 29 4 12 6 
6 14 0 22 30 18 32 31 3 4 11 15 33 26 
3 8 20 0 1 23 34 2 13 39 18 37 17 10 
16 15 21 36 18 22 35 0 38 17 24 1 8 5 
21 29 37 10 34 14 17 19 0 33 26 32 5 3 
14 29 28 30 13 39 0 32 19 26 37 9 31 21 
2 5 8 34 38 0 32 12 13 25 28 21 29 11 
31 22 32 35 33 34 21 29 14 19 2 6 0 3 
27 34 22 14 37 20 10 16 26 25 28 33 0 18 
16 34 9 35 0 13 11 18 26 5 27 17 33 6 
22 0 38 13 12 3 8 36 18 15 32 33 2 5 
26 38 36 3 9 0 30 19 8 18 11 13 12 37 
36 17 12 19 26 37 2 0 10 34 3 9 35 24 
32 39 2 38 15 16 10 0 12 18 21 19 17 20 
28 29 10 36 21 20 8 3 39 17 12 0 38 37 
10 21 0 2 12 7 35 39 15 27 32 34 29 13 
4 32 24 33 26 0 1 8 21 13 36 12 11 14 
39 0 34 10 26 35 28 1 18 33 6 25 23 5 
19 26 21 18 36 38 1 23 14 0 33 3 13 4 
8 29 1 35 14 24 34 33 13 39 17 7 6 0 
1 32 13 6 3 25 2 16 11 8 9 0 15 12 
34 31 12 39 0 2 30 13 9 11 38 36 25 33 
15 33 5 0 4 11 28 35 31 12 36 2 34 14 
25 28 14 26 0 30 11 37 38 18 1 20 17 6 
23 17 34 9 13 36 10 19 0 26 37 2 4 30 
16 38 6 11 10 27 33 7 20 12 13 14 2 0 
13 6 5 7 11 0 31 14 15 24 21 39 25 29 
8 32 24 34 39 27 7 12 4 0 31 21 20 22 
26 11 6 0 22 12 7 5 16 18 9 8 34 20 
11 35 14 38 1 0 13 2 26 28 31 33 15 39 
11 10 0 35 25 16 24 15 20 5 7 8 38 32 
31 26 37 12 9 3 0 29 19 32 16 33 38 8 
7 13 0 11 35 21 9 29 14 27 10 32 12 4 
6 14 9 0 30 24 20 13 31 12 1 18 16 10 
33 2 10 24 0 39 13 11 38 28 18 14 37 21 
5 0 13 26 34 29 21 32 35 28 36 4 7 19 
13 3 12 25 5 20 1 0 33 17 19 9 22 34 
37 30 34 35 39 22 11 7 20 21 0 13 38 2 
34 39 20 36 0 28 25 21 7 9 18 37 13 24 
34 39 0 2 11 33 16 31 5 9 28 27 6 35 
33 8 7 20 12 6 28 34 35 18 10 0 30 27 
32 16 18 7 17 20 35 24 0 23 39 28 29 19 
16 4 6 31 30 18 36 35 38 24 37 7 33 0 
27 4 7 31 1 37 33 0 28 26 8 19 15 5 
5 4 27 38 17 20 8 25 28 0 18 39 12 36 
11 0 12 35 15 29 36 38 33 39 10 18 23 14 
7 15 19 29 25 39 9 27 13 26 12 18 0 8 
12 27 36 8 14 18 1 2 0 29 38 15 33 32 
30 0 18 34 5 4 14 6 15 32 9 2 16 38 
4 6 10 0 27 9 31 39 30 17 16 24 22 35 
1 13 30 9 4 35 0 28 8 34 24 29 27 22 
10 29 8 7 28 19 9 2 27 35 14 1 0 36 
11 1 7 4 21 39 5 0 6 15 25 2 19 12 
20 18 5 38 13 31 37 10 3 14 36 8 0 25 
0 14 36 15 12 29 23 13 8 10 22 33 16 4 
10 3 36 17 21 25 19 5 7 31 0 6 4 26 
0 27 35 28 19 23 2 26 20 30 18 16 22 39 
19 34 0 7 13 4 6 29 24 2 10 17 31 21 
3 7 26 17 0 30 12 25 5 15 39 16 29 32 
5 32 36 13 17 20 15 24 6 22 21 4 0 23 
31 27 11 0 9 8 30 25 34 12 21 18 3 10 
25 22 1 35 19 18 29 12 9 0 16 20 36 17 
36 18 29 38 25 24 39 13 35 37 0 10 34 26 
9 26 39 13 28 38 8 29 0 25 20 3 10 14 
14 19 6 26 30 12 10 1 20 9 2 37 32 0 
33 23 39 22 12 38 8 27 13 1 6 26 14 0 
27 29 24 0 13 19 17 31 25 28 10 5 37 16 
8 35 38 16 36 13 14 22 27 10 19 21 20 0 
18 15 29 19 34 23 1 9 25 26 5 0 17 27 
26 19 15 17 6 1 30 10 27 16 4 23 24 0 
37 8 11 0 10 25 27 6 29 7 14 19 4 12 
37 6 16 2 34 1 11 27 39 0 32 23 38 10 
8 24 0 37 3 33 17 7 15 39 27 21 16 9 
5 37 23 17 13 26 20 10 0 4 9 7 28 33 
17 16 35 31 3 5 8 20 26 0 39 32 29 25 
25 3 37 15 14 36 22 27 0 38 39 2 32 10 
5 2 0 34 14 17 28 16 35 20 9 30 6 1 
21 35 10 8 12 34 23 6 2 36 0 30 19 20 
14 2 0 34 7 20 32 24 27 18 16 26 3 29 
13 0 3 32 27 31 30 4 9 15 26 34 1 8 
3 0 2 17 27 24 29 5 16 1 15 20 9 8 
37 22 11 15 21 5 35 9 13 34 25 0 16 6 
23 0 8 19 28 30 27 10 25 37 12 18 6 14 
5 11 31 27 16 8 32 36 30 15 22 7 13 0 
23 22 20 10 15 7 24 0 19 2 11 33 25 27 
11 26 15 8 24 0 31 39 25 12 4 3 5 13 
26 29 0 19 13 27 15 31 4 2 21 30 22 32 
14 5 22 25 15 36 1 26 33 23 11 18 0 37 
0 24 8 28 13 14 32 33 27 9 1 11 15 37 
17 3 2 6 38 30 8 31 34 24 0 14 19 20 
6 15 20 0 1 9 10 36 19 21 4 26 17 25 
14 34 6 5 0 27 4 7 21 31 35 13 12 19 
24 3 33 2 7 20 32 16 0 27 39 29 8 11 
5 19 23 26 7 22 37 33 3 11 0 12 36 27 
32 24 19 39 13 14 0 12 21 10 8 36 2 9 
33 27 34 1 14 35 22 38 2 0 12 3 16 31 
30 31 18 25 26 0 11 21 8 12 23 14 27 15 
0 33 12 13 17 37 32 3 19 18 16 35 29 39 
7 22 9 32 25 23 14 37 16 36 24 0 39 4 
24 17 31 14 12 28 7 19 3 23 0 10 27 15 
4 30 37 0 7 18 36 11 8 29 16 27 28 1 
7 27 36 24 16 0 20 2 4 30 25 18 10 23 
28 14 0 17 33 1 7 34 10 18 21 38 11 24 
33 37 2 0 21 28 19 25 3 29 35 17 11 12 
10 31 11 27 1 2 7 18 13 38 20 0 32 35 
12 9 10 14 0 31 15 30 11 16 18 32 37 17 
19 32 21 15 38 26 11 12 0 5 34 35 9 18 
29 31 0 16 39 30 33 14 24 15 18 8 38 3 
7 3 32 27 9 26 21 0 35 16 38 11 4 30 
11 1 23 24 10 14 0 8 37 38 4 26 3 22 
7 25 31 30 16 14 20 28 38 36 0 12 15 35 
23 33 2 39 28 32 35 0 3 18 24 13 8 12 
2 23 0 30 34 4 15 8 14 29 24 6 21 19 
29 36 34 19 5 10 0 38 6 23 30 4 7 39 
31 34 14 26 5 16 17 0 2 4 33 9 36 25 
17 30 0 20 31 8 4 2 1 13 15 28 12 14 
11 36 5 26 18 0 19 22 15 4 34 6 27 14 
33 6 17 29 23 0 35 5 26 20 32 25 27 4 
19 0 17 11 25 12 39 37 16 15 27 10 4 3 
22 9 16 0 19 24 20 5 13 36 33 15 18 38 
12 0 29 7 26 28 9 36 14 37 11 8 35 2 
0 28 1 30 23 17 37 3 31 29 5 9 19 10 
11 0 3 34 33 24 10 28 26 23 4 13 22 27 
3 10 17 39 36 19 5 13 21 23 11 15 0 34 
1 11 10 2 19 7 31 5 30 28 0 36 37 38 
10 21 6 38 2 3 29 31 8 22 4 5 9 0 
0 3 7 35 25 1 34 37 24 29 26 20 31 12 
29 37 0 35 21 16 20 4 6 7 17 34 9 32 
30 35 19 0 11 7 24 23 31 18 5 8 15 14 
36 32 30 29 13 20 14 23 28 1 0 15 34 25 
5 35 37 22 25 11 2 27 34 9 21 28 15 0 
0 11 39 23 4 27 25 19 17 22 16 31 18 35 
0 20 24 18 29 14 10 5 26 17 7 38 28 21 
15 36 24 33 39 6 9 19 22 25 2 0 28 18 
7 27 4 8 17 23 10 31 18 0 36 30 35 5 
29 10 11 36 16 3 1 4 15 27 19 14 0 2 
4 37 1 26 0 21 3 22 13 12 30 10 6 25 
33 22 36 25 28 3 18 0 26 12 23 24 27 14 
33 15 2 31 5 23 26 9 10 24 29 0 11 25 
0 38 23 5 4 37 9 35 34 15 36 8 27 28 
0 4 7 16 19 5 15 35 12 22 21 33 13 6 
30 15 18 7 17 0 13 29 8 39 4 10 2 3 
36 35 19 8 9 3 1 10 31 16 0 20 2 32 
16 2 39 0 6 36 14 28 18 37 4 19 17 7 
13 0 31 17 16 3 29 2 25 1 14 28 27 22 
37 22 14 30 19 33 5 23 36 21 27 3 0 7 
7 15 38 0 14 18 17 39 22 27 5 3 6 9 
12 21 8 2 0 26 16 35 33 36 7 9 5 18 
37 38 16 9 14 27 0 7 4 23 30 39 24 17 
29 23 25 0 31 10 2 21 6 35 36 12 4 5 
21 36 26 24 11 29 14 38 5 28 7 30 0 34 
36 0 3 23 18 28 27 14 17 12 11 2 37 39 
35 18 27 38 25 21 30 6 5 2 23 0 4 29 
12 13 1 37 29 19 22 34 35 24 33 0 21 38 
29 6 33 32 10 26 24 1 31 39 3 20 0 17 
28 1 7 19 6 13 9 27 38 18 0 16 17 3 
3 21 22 30 12 27 24 0 20 37 29 25 19 23 
37 35 7 6 11 2 30 1 10 0 4 27 29 12 
22 29 0 9 19 32 13 38 5 23 36 1 16 3 
27 37 14 5 16 4 26 10 8 19 24 0 22 7 
39 30 26 0 5 19 12 38 13 18 35 21 10 25 
36 8 17 33 32 0 15 39 18 28 5 14 26 13 
19 23 26 0 17 1 10 29 35 32 31 37 9 5 
17 12 14 3 37 13 16 32 23 33 8 9 0 31 
16 0 37 11 39 33 7 19 10 18 13 28 9 21 
33 34 27 2 35 25 0 11 19 20 38 26 21 3 
14 32 17 12 18 24 27 19 11 25 31 36 21 0 
35 16 4 29 11 10 0 27 38 6 32 25 34 8 
10 1 7 35 32 8 28 0 17 20 5 14 21 26 
6 14 7 0 16 17 22 27 1 36 24 21 34 8 
25 16 21 31 32 28 0 23 35 7 15 12 29 9 
24 17 28 3 38 1 10 2 31 0 5 39 11 34 
13 14 21 17 36 8 30 18 22 37 12 0 26 34 
0 34 38 35 1 3 7 6 31 13 2 30 24 16 
24 39 26 10 33 4 37 13 22 20 8 38 25 0 
30 29 0 26 7 4 37 33 2 16 19 32 20 3 
31 35 21 9 29 0 34 12 24 30 28 19 14 15 
23 35 31 13 11 17 1 15 27 16 26 30 19 0 
16 35 8 20 3 0 30 14 21 6 31 18 10 19 
5 31 28 25 27 22 33 0 10 4 6 15 14 13 
1 34 31 0 36 18 26 9 20 2 12 23 33 22 
32 21 20 25 7 2 36 16 12 13 11 0 15 35 
17 18 31 12 28 27 9 8 22 21 0 34 7 11 
35 18 6 27 9 0 26 20 23 14 3 25 39 19 
6 8 11 27 19 20 21 32 29 33 0 10 37 23 
6 23 33 0 27 29 15 7 26 5 39 1 8 19 
3 9 12 15 0 10 35 16 24 22 4 14 32 34 
20 29 0 3 39 21 22 1 11 31 2 6 35 27 
19 16 34 35 30 31 22 13 12 0 9 8 39 27 
8 24 36 18 21 31 0 28 35 6 26 1 11 10 
25 12 27 7 28 17 0 36 35 23 19 16 1 4 
12 17 32 23 0 8 24 13 39 1 11 30 14 2 
17 19 33 0 18 1 10 27 20 32 9 26 15 34 
3 32 0 2 17 15 34 36 28 37 30 1 9 13 
6 26 16 20 14 23 4 2 19 11 9 0 3 39 
28 38 36 3 17 31 7 6 26 23 15 0 34 11 
29 37 11 8 7 3 17 30 0 35 19 10 6 2 
25 27 35 28 12 18 38 36 0 23 30 39 8 14 
21 38 17 0 31 30 37 2 29 5 39 20 32 34 
39 6 11 33 37 13 9 26 24 22 30 0 31 23 
0 32 28 10 15 24 30 19 26 14 37 18 22 38 
16 2 27 31 37 38 0 18 13 17 28 32 1 22 
38 10 32 35 33 19 22 16 25 37 12 0 24 30 
23 24 25 10 4 0 27 7 3 14 39 5 32 17 
17 9 26 15 6 36 3 24 25 27 23 22 39 0 
34 1 8 17 2 7 23 21 3 10 0 33 36 13 
15 5 39 18 6 36 10 25 11 0 21 26 4 2 
14 25 19 1 0 3 17 36 30 5 22 15 26 29 
38 4 20 0 19 10 2 29 6 31 27 23 9 12 
24 35 11 19 31 1 23 9 5 33 7 0 29 32 
29 0 31 12 1 16 18 10 11 15 3 23 37 21 
17 29 7 1 33 27 30 11 2 0 21 13 20 6 
8 0 27 36 15 6 35 31 11 18 2 26 4 10 
7 5 3 32 17 8 18 22 30 13 0 14 2 35 
27 21 18 20 7 5 9 26 1 37 2 0 22 28 
3 5 0 32 21 16 11 15 26 33 34 1 22 10 
22 34 15 6 14 24 0 11 8 23 3 10 25 38 
14 10 37 24 20 39 0 23 16 27 26 2 12 21 
0 26 22 23 12 9 7 3 16 37 35 34 32 27 
11 23 20 7 12 24 0 38 15 4 27 34 2 28 
6 30 0 34 28 10 31 18 24 3 17 33 36 11 
8 30 39 3 5 28 17 25 0 11 18 23 12 9 
0 38 35 29 10 28 3 6 13 16 9 11 25 15 
1 7 38 20 2 5 26 24 37 30 0 32 31 17 
10 12 19 31 32 7 20 22 1 14 8 3 13 0 
4 21 0 27 19 18 12 36 38 8 14 2 11 31 
10 39 19 30 13 6 38 16 14 31 28 34 5 0 
24 14 31 0 12 25 10 26 27 32 20 16 39 3 
29 2 13 3 1 4 0 37 8 28 21 19 25 5 
21 3 0 34 6 31 39 11 29 38 37 18 32 22 
21 0 28 20 29 23 1 17 14 35 5 32 15 31 
31 30 27 25 19 12 20 23 28 16 11 0 35 22 
32 0 1 16 10 2 24 22 5 19 9 3 8 38 
21 34 0 7 39 8 20 37 12 24 38 1 23 22 
19 5 7 9 15 23 17 10 24 25 37 14 18 0 
28 24 4 13 0 38 33 9 15 30 19 12 3 35 
6 32 0 37 10 8 29 35 38 22 17 7 24 12 
8 29 27 16 35 22 26 0 4 32 37 18 30 39 
32 28 0 2 31 26 9 6 29 17 25 20 4 1 
0 5 18 33 11 17 39 21 19 3 34 2 20 13 
5 11 25 1 0 17 37 38 19 4 28 12 15 36 
22 38 33 8 1 28 0 3 31 19 35 34 26 37 
39 22 32 19 0 38 27 7 16 12 3 9 2 23 
23 12 19 34 37 16 8 11 0 13 30 20 28 1 
26 0 10 4 7 33 37 36 14 6 11 21 3 9 
29 31 12 22 34 13 18 7 30 0 19 24 3 35 
0 16 19 35 7 17 29 39 24 31 8 25 9 18 
31 0 2 12 10 25 18 23 17 36 20 29 15 26 
33 16 5 6 0 31 35 30 25 26 17 19 15 27 
11 3 35 29 36 18 26 2 33 9 0 5 38 28 
29 26 32 10 16 11 34 36 19 5 25 9 2 0 
21 0 20 30 9 29 14 13 17 37 16 28 3 26 
0 34 10 23 13 20 24 16 32 22 1 18 33 31 
35 7 26 29 14 25 31 5 24 11 38 0 18 27 
0 8 14 2 27 3 19 25 22 31 16 28 17 15 
2 11 36 26 10 24 12 15 5 39 28 22 0 19 
25 38 37 24 22 12 36 29 35 26 11 0 34 19 
5 26 38 0 7 30 37 16 23 9 24 12 19 14 
15 10 2 30 16 24 31 38 9 11 33 22 6 0 
32 5 26 6 16 31 7 13 14 21 33 8 0 10 
24 20 38 5 0 18 36 16 19 26 3 9 31 17 
31 17 27 0 37 2 25 29 22 3 20 10 18 26 
35 33 29 24 2 0 21 27 36 23 39 26 4 38 
33 21 28 3 22 27 6 9 36 39 25 23 19 0 
0 33 39 28 35 14 12 29 15 36 37 4 6 10 
37 15 6 3 13 29 32 33 0 38 18 28 20 27 
17 22 0 26 24 32 20 34 14 1 7 16 5 15 
19 7 36 0 8 18 21 1 3 15 37 5 22 25 
24 32 27 0 1 25 6 18 13 36 16 29 39 2 
38 0 14 3 9 10 36 24 13 1 4 2 35 39 
0 13 28 2 29 39 11 25 20 38 7 30 36 12 
9 30 17 37 13 0 3 27 5 24 21 11 31 25 
14 32 13 22 0 9 38 30 28 10 18 12 7 16 
19 26 11 38 21 35 0 13 3 7 8 1 28 16 
11 34 9 29 20 25 0 30 22 32 28 1 24 3 
38 33 5 23 20 10 1 0 12 24 26 27 32 3 
0 29 13 11 34 12 18 2 38 35 23 33 39 6 
33 32 2 28 23 14 7 37 34 21 0 13 27 39 
33 12 13 28 4 8 36 29 2 39 14 30 0 18 
8 33 4 1 0 19 5 20 21 35 13 34 15 22 
7 24 10 30 0 17 32 5 1 33 14 21 6 35 
14 29 12 19 13 26 2 33 0 17 22 28 20 34 
4 0 19 18 26 20 39 28 29 36 10 8 38 3 
7 35 28 31 36 32 11 0 10 25 37 16 29 38 
7 37 8 2 16 1 25 12 19 0 34 33 30 35 
37 38 28 0 18 1 7 19 3 4 13 39 27 26 
3 2 27 14 32 17 30 1 38 34 0 20 7 33 
2 32 14 34 19 7 24 22 39 10 36 20 18 0 
15 11 26 7 24 27 19 23 37 9 34 6 0 21 
13 28 38 27 0 9 8 6 10 2 21 31 37 18 
35 10 34 19 26 5 13 37 0 2 20 36 12 30 
8 10 11 0 31 6 17 12 2 38 21 39 28 37 
22 20 31 26 7 24 4 1 13 28 27 23 0 21 
19 11 37 12 10 29 7 4 3 0 26 31 2 25 
22 19 26 32 31 20 18 28 21 0 16 10 29 11 
17 14 28 32 0 6 36 31 9 30 1 34 12 19 
2 26 13 6 18 0 12 16 29 11 30 33 5 19 
2 7 29 22 0 34 16 8 37 4 14 39 6 28 
4 5 11 19 8 21 0 27 15 22 3 12 35 16 
12 7 26 35 39 8 3 5 36 6 24 34 0 10 
26 37 36 39 28 8 33 1 22 0 17 12 19 2 
0 7 29 24 27 18 35 34 3 30 5 9 2 17 
18 38 25 7 8 31 19 16 17 0 33 30 28 29 
1 6 39 14 13 12 11 33 29 22 18 0 27 10 
31 26 7 38 12 32 17 36 5 37 35 3 11 0 
21 26 2 0 27 22 24 11 32 18 19 37 12 6 
21 22 11 6 0 1 24 27 35 23 20 15 17 14 
13 31 36 20 9 21 8 15 11 0 18 28 6 7 
34 0 39 8 19 3 21 17 31 11 24 26 7 23 
2 16 0 9 8 38 19 37 14 23 15 33 32 7 
13 0 23 9 11 27 31 4 1 10 21 39 35 28 
0 14 23 10 15 33 6 13 16 32 20 30 24 8 
29 22 8 10 32 23 36 33 7 25 28 11 31 0 
7 13 1 0 14 32 36 28 10 21 37 19 29 22 
0 14 18 38 23 35 3 36 32 10 1 25 39 28 
11 25 19 34 26 3 0 9 7 1 32 15 23 14 
9 30 29 16 1 37 2 18 5 19 34 7 36 0 
30 6 9 26 17 33 11 4 19 5 18 0 14 21 
21 33 19 26 35 24 10 2 11 6 8 37 13 0 
32 31 16 19 18 1 34 38 8 2 28 23 33 0 
7 16 30 23 31 17 29 8 32 27 0 3 20 38 
35 17 39 36 19 27 20 0 30 11 33 25 12 28 
31 23 7 30 26 28 22 3 18 34 0 38 19 4 
20 35 14 30 26 0 9 17 6 28 10 33 16 18 
7 33 27 36 0 28 30 4 3 16 22 24 17 34 
34 2 22 0 39 37 17 23 3 4 19 15 12 24 
38 35 14 5 15 28 12 0 27 2 1 6 19 23 
9 19 28 30 0 21 26 33 31 3 2 20 27 22 
0 1 17 31 7 33 28 5 9 8 27 3 39 38 
19 32 5 29 11 6 1 14 0 26 33 36 3 37 
32 29 14 38 30 28 2 22 37 31 6 5 0 25 
29 21 1 7 30 15 0 4 37 27 24 20 5 22 
22 0 27 28 14 10 35 39 3 1 33 30 15 26 
17 37 26 14 30 0 16 33 5 6 35 25 27 15 
0 13 31 11 10 35 4 25 8 28 7 15 5 29 
7 27 11 21 14 17 19 38 10 26 3 2 33 0 
19 11 33 34 4 27 30 35 29 20 9 0 14 18 
0 2 29 26 15 13 4 3 16 20 11 6 34 30 
19 22 35 11 5 32 26 15 30 20 0 4 10 9 
4 26 37 35 7 39 22 16 31 12 10 23 25 0 
22 28 26 11 15 3 27 24 10 39 8 0 2 20 
4 3 17 0 11 32 28 39 27 26 8 1 19 21 
3 6 22 13 31 23 37 0 24 15 2 21 9 17 
16 14 5 19 0 9 21 3 17 11 36 13 2 7 
30 25 34 14 33 29 6 38 0 37 28 31 16 2 
33 3 5 12 29 23 13 27 11 14 7 2 0 1 
28 32 38 10 37 19 24 6 0 13 35 4 16 1 
0 26 19 28 1 38 17 3 10 31 27 35 24 37 
0 8 6 34 29 20 22 18 23 27 16 15 5 24 
18 1 10 0 27 39 13 36 34 19 5 12 32 9 
6 11 16 32 27 21 3 33 14 37 1 0 22 25 
35 38 33 10 30 8 32 25 16 0 26 22 5 17 
11 16 13 21 36 37 0 18 3 32 6 5 28 23 
14 0 4 37 5 26 29 2 23 30 31 34 7 36 
22 0 18 28 11 21 35 37 26 34 3 23 2 33 
31 26 7 21 11 14 4 0 24 20 8 9 1 17 
10 34 19 6 29 37 0 3 18 30 2 14 31 4 
21 39 28 34 10 22 18 27 32 0 35 26 6 33 
20 24 22 18 11 36 38 0 26 4 16 8 7 27 
0 31 6 26 14 34 8 9 18 12 38 10 28 20 
0 30 32 38 16 7 25 23 28 39 4 10 21 29 
39 12 34 3 38 5 0 19 26 18 1 30 8 7 
10 24 25 31 29 27 35 39 37 23 0 17 2 19 
24 5 15 21 14 22 31 0 29 30 16 9 37 7 
12 29 0 8 36 32 28 34 30 35 5 21 24 6 
29 18 10 6 19 1 14 38 34 4 8 26 0 22 
21 26 16 23 12 14 37 2 24 35 38 0 36 19 
28 24 5 13 3 15 17 33 12 0 27 21 14 18 
1 29 5 35 24 4 25 39 27 0 3 23 12 17 
6 26 20 21 32 29 0 16 3 19 18 39 36 14 
29 35 39 11 25 7 14 4 33 3 2 21 24 0 
27 0 36 15 23 8 31 10 17 35 33 38 32 28 
34 24 19 35 0 4 14 2 25 16 15 37 12 21 
8 12 34 39 33 13 30 20 24 29 25 0 31 28 
38 1 0 18 6 17 35 34 20 16 9 14 26 4 
25 32 33 19 17 0 16 24 30 7 12 18 15 36 
38 5 13 16 22 26 11 10 0 17 25 3 14 36 
17 3 28 19 13 12 16 1 7 34 25 0 8 14 
23 7 3 5 11 15 9 18 19 4 0 34 8 28 
17 34 33 13 7 23 11 32 5 28 15 21 0 8 
37 22 17 0 14 3 8 19 21 15 27 16 38 28 
3 7 0 29 36 1 28 6 13 20 27 12 21 34 
34 8 1 6 32 20 4 28 12 0 14 25 9 2 
37 23 20 32 13 26 33 0 7 4 36 19 22 5 
21 36 24 3 30 1 23 31 0 27 25 5 39 2 
11 16 3 34 9 25 22 32 37 23 18 28 0 6 
12 6 26 4 7 29 17 23 20 9 39 0 14 35 
15 26 21 37 0 3 34 23 7 1 31 32 22 27 
12 3 22 36 20 29 5 24 0 26 9 39 38 28 
25 0 17 5 10 8 18 23 30 1 15 24 22 37 
3 38 39 29 9 14 25 1 11 26 6 10 30 0 
20 10 37 0 28 12 16 36 25 23 34 29 31 22 
31 24 8 10 28 0 23 36 2 6 18 21 20 7 
16 34 20 14 39 9 28 4 0 18 17 5 38 37 
22 37 13 23 7 26 9 0 17 24 6 11 16 5 
16 0 27 36 10 37 31 28 20 19 15 8 29 4 
22 3 37 9 8 26 12 13 34 16 19 0 23 14 
18 14 28 37 10 2 1 0 25 35 5 23 27 22 
29 0 11 9 26 17 12 36 20 38 13 18 22 31 
22 4 30 25 31 36 34 13 5 20 15 2 0 28 
22 16 5 0 3 37 14 17 12 2 36 31 9 26 
24 17 25 27 5 7 0 23 34 35 9 8 13 12 
13 0 23 20 26 32 31 28 39 27 30 22 15 11 
36 24 7 17 26 22 30 27 20 19 0 18 9 11 
3 4 2 27 10 6 14 19 24 32 37 13 0 1 
37 8 30 22 26 13 14 2 12 39 27 32 0 19 
4 21 22 14 15 16 29 5 3 0 10 23 11 19 
4 16 2 32 18 6 13 14 19 37 0 8 27 1 
14 12 11 31 25 37 0 34 20 7 33 35 8 28 
19 31 32 13 35 0 28 3 20 39 23 2 15 11 
35 12 22 11 6 33 23 1 37 31 16 0 2 36 
8 15 37 4 17 6 34 7 20 23 36 0 21 13 
3 4 10 21 23 6 34 25 0 16 12 39 17 33 
24 26 7 9 18 0 25 36 32 1 29 16 10 34 
24 14 1 9 5 34 21 19 23 18 36 35 30 0 
16 29 33 36 39 34 31 10 13 32 14 3 18 0 
12 35 5 24 30 0 34 3 36 8 25 1 29 13 
38 3 27 8 39 24 31 0 26 20 11 13 10 6 
32 2 13 18 5 30 19 24 16 21 0 8 28 4 
34 0 13 39 32 37 26 16 3 21 28 2 5 17 
21 16 15 37 14 39 33 10 3 0 36 13 11 2 
28 7 18 12 2 13 3 0 24 5 16 31 19 4 
11 20 16 6 4 31 23 7 35 21 0 15 30 28 
4 18 25 5 35 16 33 1 37 27 8 23 0 7 
18 9 0 4 32 36 17 3 5 28 16 10 7 11 
10 30 14 5 3 0 6 27 34 19 25 20 38 4 
5 20 3 18 0 17 2 34 15 10 16 1 31 39 
27 0 13 25 5 39 17 15 38 32 21 2 12 34 
38 18 21 22 26 13 0 24 14 30 12 34 2 37 
26 36 31 0 10 2 7 9 8 18 27 30 16 21 
2 26 24 27 37 18 29 7 0 13 3 39 20 22 
31 21 4 39 27 15 25 18 6 3 8 28 29 0 
2 21 38 35 17 30 20 26 23 34 39 19 0 6 
9 19 23 24 0 7 36 16 27 14 30 8 13 1 
23 15 7 24 12 39 28 13 33 0 32 26 5 34 
36 15 17 27 3 0 5 2 11 26 6 22 37 19 
4 6 37 12 17 32 21 34 13 36 20 0 33 11 
31 34 0 5 17 1 26 2 13 30 18 16 12 37 
34 11 30 36 12 18 28 0 5 25 10 6 7 39 
37 32 28 13 15 0 27 16 36 7 22 19 31 18 
25 16 14 6 39 32 2 29 0 15 24 22 20 9 
7 36 32 0 6 19 35 27 37 16 3 4 22 14 
15 4 27 16 5 29 32 37 39 33 12 0 10 34 
1 12 23 25 31 9 32 3 0 38 16 27 28 4 
16 12 29 6 24 26 34 32 20 23 0 39 19 14 
33 24 19 11 21 3 16 23 18 9 38 0 34 12 
0 36 10 2 6 23 22 39 24 11 4 3 18 12 
28 25 18 4 33 38 7 24 0 32 2 1 16 6 
20 17 11 5 29 38 13 23 10 3 18 32 0 19 
23 31 32 1 14 24 36 7 34 20 29 17 0 5 
27 6 29 26 35 2 10 19 13 34 32 0 15 38 
3 8 34 0 28 26 1 27 15 11 9 23 36 6 
30 15 11 5 19 16 34 3 17 35 32 0 13 2 
1 33 36 8 31 26 6 23 20 17 30 39 12 0 
0 31 39 22 21 3 29 6 24 19 36 17 15 16 
32 18 7 11 29 17 24 39 0 4 16 28 27 5 
24 7 33 36 11 20 39 26 10 6 14 0 23 1 
6 15 38 36 19 2 18 0 26 31 29 35 22 12 
14 11 13 37 20 17 35 0 25 5 26 18 23 9 
33 13 16 37 0 2 28 29 35 32 38 20 6 25 
8 36 34 35 15 37 5 38 27 0 25 26 29 39 
7 36 33 35 5 23 25 9 37 21 13 0 18 34 
23 11 30 7 20 17 0 33 6 2 29 35 26 15 
39 0 6 23 5 7 28 13 12 29 21 10 32 33 
29 28 6 34 20 3 22 31 1 2 15 0 39 21 
13 33 30 0 39 35 27 2 22 8 20 10 7 29 
12 36 11 35 39 17 5 29 13 8 31 28 30 0 
24 0 3 32 29 23 12 20 11 15 22 26 36 4 
11 2 38 1 10 13 33 18 28 32 20 24 0 34 
30 5 29 23 0 16 9 32 6 10 38 17 15 3 
39 29 20 36 5 25 35 21 6 17 0 38 26 13 
18 38 37 25 23 30 5 16 8 39 28 11 14 0 
20 37 3 35 38 2 5 21 15 13 8 0 1 33 
28 33 34 23 32 18 17 9 5 1 7 0 15 6 
25 21 17 11 22 4 31 9 34 20 18 29 0 2 
7 23 37 22 15 16 19 27 30 21 0 11 10 32 
4 28 1 37 2 33 29 39 17 16 14 30 0 18 
34 31 29 0 24 37 36 5 35 30 26 32 8 10 
27 30 6 0 8 38 16 39 26 24 34 20 33 29 
6 16 21 9 34 2 7 33 0 35 30 20 25 19 
6 10 0 9 35 18 36 7 30 37 25 34 23 16 
30 24 20 39 3 25 1 14 0 9 21 28 35 17 
10 0 39 36 31 17 19 13 12 5 21 37 38 9 
9 0 23 3 22 8 32 19 38 6 36 21 13 5 
27 7 10 16 37 30 19 0 1 32 28 2 25 39 
36 15 0 21 19 27 24 9 3 17 14 8 39 34 
31 17 24 12 0 4 6 30 33 11 29 27 36 18 
17 24 29 9 28 35 0 11 5 21 22 16 37 31 
30 39 34 25 4 36 0 38 3 7 18 15 13 33 
14 24 2 12 21 19 26 35 0 20 28 16 22 15 
28 18 12 17 37 32 21 35 5 22 13 26 19 0 
1 35 16 26 21 11 15 9 4 24 18 31 5 0 
17 16 38 3 10 6 25 31 29 14 22 2 0 8 
13 14 30 0 7 3 4 16 38 32 23 35 28 9 
0 17 34 1 22 8 18 35 19 27 14 4 31 25 
0 16 35 36 3 38 26 10 33 28 20 27 14 32 
0 28 32 36 33 38 19 20 34 15 1 29 25 30 
10 29 31 28 15 8 24 14 26 4 0 19 23 11 
38 15 32 0 37 7 34 9 14 25 2 27 10 35 
10 4 37 16 18 11 21 6 20 39 33 9 31 0 
9 29 39 13 24 2 23 22 26 20 0 27 17 35 
35 12 22 9 24 11 0 32 2 34 31 5 6 7 
31 6 14 34 29 16 15 3 39 37 33 10 28 0 
2 29 23 8 28 22 26 32 14 4 0 17 12 16 
12 6 16 25 2 9 22 0 32 20 8 30 19 7 
15 29 19 33 6 32 0 25 27 16 24 21 39 20 
30 23 13 10 29 3 20 0 24 34 9 37 18 4 
26 39 18 28 0 17 13 3 35 4 7 11 37 14 
17 3 27 34 0 10 21 31 37 24 39 28 4 16 
17 6 12 14 39 37 16 18 0 15 32 9 33 23 
38 36 30 15 22 9 32 5 0 26 23 7 27 20 
19 30 0 4 37 39 29 31 34 3 1 11 10 24 
2 9 37 33 35 17 10 21 29 19 1 0 34 16 
