2 11 27 12 31 19 25 17 18 23 39 24 21 0 
36 4 24 12 23 0 2 18 5 33 34 37 25 6 
6 21 34 18 38 27 2 0 28 15 7 30 10 36 
21 29 38 24 1 18 17 2 0 20 19 9 35 23 
0 8 10 35 31 39 18 13 3 2 22 1 6 12 
14 23 18 24 10 16 35 8 38 31 0 21 15 19 
2 8 13 36 20 0 34 29 30 26 19 37 32 28 
18 17 37 13 25 34 6 21 8 0 22 23 9 32 
5 38 0 3 35 14 33 2 26 11 36 4 22 32 
1 22 9 15 23 10 34 27 31 14 26 19 6 0 
3 24 20 2 25 8 21 7 32 27 18 0 31 9 
0 31 1 26 30 15 17 10 8 38 27 25 32 9 
12 10 9 11 23 35 0 7 18 14 16 30 29 27 
20 17 38 33 8 10 0 14 5 9 27 31 36 28 
13 26 22 16 37 0 21 27 19 5 33 32 2 31 
39 17 9 3 20 24 31 0 4 11 38 35 37 16 
0 5 34 31 38 1 21 23 24 15 25 29 19 10 
0 31 30 19 23 39 1 10 12 25 35 27 5 3 
33 24 15 19 11 0 26 16 23 36 20 29 28 22 
6 0 39 5 37 25 14 4 2 31 7 18 3 1 
25 1 24 16 33 17 9 0 36 32 5 15 22 4 
13 17 0 12 33 37 25 3 23 36 15 31 2 8 
16 24 9 0 5 27 26 3 17 20 34 33 28 31 
16 13 29 22 0 1 39 3 23 20 24 9 10 2 
6 8 21 27 16 9 32 31 17 5 13 1 11 0 
1 34 16 0 13 21 37 9 5 8 11 31 33 30 
30 31 10 18 24 7 23 0 9 22 16 19 34 20 
15 18 16 1 0 8 11 28 34 17 21 26 4 27 
7 13 34 37 11 4 15 9 5 29 30 16 0 32 
39 4 6 17 29 2 19 21 0 18 33 16 37 5 
20 1 19 34 8 18 11 25 36 10 0 5 33 16 
0 11 28 37 27 24 26 35 5 1 38 18 20 31 
12 24 18 29 35 22 15 0 5 8 34 26 17 39 
2 3 0 13 17 10 18 1 23 30 9 20 24 37 
11 13 0 39 24 38 10 37 8 25 30 4 12 23 
39 32 24 22 36 0 37 18 29 16 34 9 19 13 
17 6 25 36 21 0 39 20 16 5 29 15 37 18 
10 32 1 25 11 5 14 2 0 33 35 21 29 36 
23 31 0 10 13 29 6 18 38 32 5 39 36 30 
0 12 4 27 36 35 21 37 31 10 33 26 30 32 
25 23 4 26 9 0 35 16 22 31 33 34 39 18 
31 24 3 15 34 0 6 8 9 21 14 5 26 35 
29 26 18 9 33 16 1 36 34 7 0 10 3 28 
26 29 22 17 37 16 7 14 38 0 32 8 15 33 
4 8 15 0 29 37 35 26 36 12 14 25 1 18 
23 34 14 21 0 1 27 18 12 30 38 22 31 2 
15 36 2 27 22 7 4 26 33 9 0 1 13 32 
21 0 36 7 38 28 13 8 32 39 29 37 15 31 
12 14 1 33 27 9 17 31 23 29 24 0 10 21 
19 13 20 6 9 3 28 0 22 36 38 14 35 5 
28 23 4 36 16 14 29 10 1 19 2 0 38 11 
12 33 25 23 30 17 10 2 0 36 9 38 7 1 
37 20 0 38 25 32 39 12 27 2 21 24 33 6 
23 4 38 7 31 26 0 18 32 1 19 34 3 29 
21 0 36 14 6 33 34 9 25 4 16 38 27 20 
28 34 0 2 24 7 8 9 12 18 13 14 30 33 
0 13 22 4 19 39 30 8 3 28 7 15 23 18 
1 36 11 37 14 5 6 3 0 20 33 12 2 32 
29 17 35 15 10 1 0 37 9 32 21 12 26 8 
22 24 21 0 15 2 12 9 19 16 27 31 23 14 
24 8 5 11 14 39 7 32 10 33 22 0 1 4 
15 26 32 12 0 34 24 1 16 30 11 37 2 13 
30 9 23 27 36 25 39 22 35 14 29 3 5 0 
26 0 39 8 29 30 10 18 32 27 14 7 12 9 
5 15 14 31 4 17 20 9 23 30 7 0 16 37 
13 30 1 27 3 26 33 25 10 20 34 22 0 12 
19 0 7 8 34 17 23 13 38 2 10 28 37 33 
28 39 6 15 14 38 24 23 26 16 11 0 17 4 
0 19 9 14 21 1 25 13 24 35 29 6 17 36 
14 10 12 18 2 17 19 23 0 31 26 25 13 32 
0 14 25 17 1 29 15 32 19 39 21 37 11 13 
10 0 38 18 2 14 3 33 36 27 29 8 11 12 
31 4 28 17 24 32 0 30 35 6 8 25 14 38 
0 22 13 28 6 9 8 27 1 31 18 3 17 37 
5 0 3 38 25 4 39 34 33 1 2 26 11 29 
24 9 29 20 34 14 19 0 37 25 10 8 2 38 
10 9 25 33 15 11 23 26 1 37 28 24 0 7 
23 21 35 8 11 34 24 14 31 0 39 12 6 7 
16 6 0 34 12 7 14 33 11 1 30 38 31 35 
17 24 5 13 26 25 34 0 23 38 27 7 37 31 
22 29 7 13 10 0 38 35 24 21 8 37 17 5 
35 0 13 23 21 12 32 15 4 28 34 17 37 24 
16 0 33 37 6 28 3 30 12 36 34 27 17 13 
7 10 19 14 23 9 33 38 15 0 20 27 21 16 
16 33 20 0 5 6 25 29 39 9 35 31 36 2 
29 23 33 11 7 15 22 16 6 0 9 27 3 19 
8 0 27 39 12 19 28 15 17 32 24 35 38 10 
25 0 9 34 14 29 28 10 33 12 27 23 6 5 
18 20 24 13 35 8 0 2 21 26 27 1 7 22 
39 4 9 36 3 29 23 28 10 31 0 19 24 8 
31 13 11 37 33 1 21 0 24 6 16 22 4 14 
35 21 1 13 0 8 31 7 30 26 6 22 19 10 
9 25 36 17 18 14 22 13 6 26 2 27 3 0 
12 23 7 35 10 20 26 0 19 22 2 24 4 39 
14 6 0 15 37 21 32 20 24 23 39 34 3 2 
39 24 37 23 16 8 4 26 33 9 28 20 19 0 
12 29 18 24 0 2 10 8 4 28 16 27 17 13 
7 0 16 15 32 2 14 30 1 22 19 38 10 31 
3 13 5 6 2 17 11 16 31 18 0 8 7 26 
11 13 31 20 27 36 18 9 16 35 33 10 0 34 
37 4 0 25 12 1 23 8 14 31 35 3 33 10 
24 22 33 0 7 36 13 32 21 9 5 14 2 17 
23 1 7 28 5 39 0 34 36 27 30 13 29 10 
24 0 37 14 5 21 15 4 33 10 28 9 22 12 
25 0 15 12 36 30 37 1 8 4 19 31 33 35 
32 24 20 21 11 38 25 30 0 7 16 35 34 17 
11 12 18 7 6 4 27 15 33 0 23 13 20 36 
11 38 8 28 25 0 3 18 29 17 20 27 2 34 
32 35 4 21 38 10 25 15 2 18 17 6 33 0 
16 7 32 0 9 8 10 36 11 2 18 14 6 4 
15 24 22 2 1 31 18 11 0 19 35 32 17 26 
0 16 28 34 38 14 35 30 26 10 36 32 22 8 
2 9 32 11 8 27 14 21 0 35 29 12 30 34 
0 3 4 21 18 15 16 35 27 38 34 1 22 17 
27 29 26 12 3 15 2 19 13 0 17 39 14 20 
35 10 34 26 14 13 8 29 6 7 28 1 0 9 
38 2 0 17 4 22 7 1 31 26 18 39 9 21 
23 10 39 21 30 14 8 3 15 0 25 12 2 11 
26 15 7 10 28 14 12 18 0 3 4 39 27 8 
6 10 39 31 12 38 35 16 22 24 26 19 0 37 
15 6 27 35 3 28 37 2 19 17 34 0 39 13 
6 33 13 5 38 29 20 15 39 11 0 14 35 34 
17 35 23 22 2 25 38 29 12 30 7 0 1 10 
0 36 17 11 15 13 7 27 35 29 30 22 3 18 
37 26 10 0 12 28 22 7 18 13 16 15 32 24 
16 26 30 10 14 28 20 36 17 18 13 0 33 2 
19 1 0 24 33 2 5 14 27 4 38 35 8 18 
31 9 28 10 30 14 0 37 27 25 23 19 20 26 
38 21 14 29 0 15 10 1 19 7 9 4 6 8 
0 8 19 5 4 28 25 24 9 36 22 37 38 21 
38 21 3 7 28 24 5 36 25 29 34 0 35 18 
13 7 10 28 0 25 35 32 22 20 14 3 34 17 
7 31 27 9 26 12 35 14 0 5 32 37 25 19 
26 39 31 38 0 5 14 3 12 21 29 8 4 22 
27 28 8 23 0 11 1 29 13 25 30 37 31 14 
9 27 3 14 26 10 4 2 17 8 20 0 39 19 
25 3 17 33 10 29 34 8 32 0 35 23 31 37 
39 31 13 18 4 0 8 34 30 12 10 24 32 3 
33 31 36 26 1 9 29 6 37 35 11 0 23 27 
18 13 31 2 32 4 26 23 24 37 17 30 0 35 
16 20 25 10 39 36 28 2 34 24 0 9 35 32 
22 0 27 35 5 36 23 8 38 29 32 1 9 7 
0 7 28 14 19 35 15 2 3 16 39 13 11 36 
33 13 32 18 1 14 11 4 6 37 27 0 24 23 
24 13 21 6 2 23 15 0 19 37 26 27 22 10 
15 19 6 11 22 17 37 33 0 14 20 18 28 34 
29 13 20 0 39 38 1 21 10 28 34 5 16 7 
27 36 26 0 24 3 18 23 20 11 9 28 34 12 
11 0 32 38 9 2 31 27 24 17 15 5 25 6 
26 21 0 33 23 15 27 11 1 3 12 35 4 25 
37 0 38 20 2 13 33 27 28 18 26 5 29 24 
4 21 25 7 12 13 24 0 14 10 16 27 30 8 
23 4 7 18 36 12 31 26 13 0 20 35 14 22 
7 32 0 9 10 29 22 27 14 24 28 25 38 31 
29 35 30 39 3 13 0 37 26 1 10 11 33 17 
35 16 8 0 5 2 31 25 30 12 3 39 37 23 
31 11 22 27 14 39 38 13 4 18 8 0 10 9 
21 7 28 12 17 10 13 34 0 11 31 30 20 19 
5 3 21 37 0 10 33 8 31 39 30 17 16 12 
20 21 9 2 37 0 31 25 19 29 1 23 34 4 
5 0 23 31 1 16 34 38 14 6 21 3 19 9 
26 39 31 4 35 8 34 9 5 12 29 0 22 32 
0 6 32 11 35 13 27 12 21 9 2 36 1 23 
33 22 0 35 39 6 29 8 19 26 7 30 36 5 
0 15 32 28 35 1 21 36 13 25 11 17 23 3 
27 21 17 37 34 28 3 1 12 0 20 19 31 6 
17 13 14 12 5 25 15 8 34 19 1 38 2 0 
7 19 30 9 21 6 11 34 20 16 22 10 0 13 
33 30 0 29 7 26 21 11 27 22 18 23 39 13 
1 30 7 6 36 8 19 26 27 0 11 15 3 17 
18 30 22 32 0 20 19 16 25 8 37 28 11 3 
8 26 7 14 23 5 19 2 3 31 29 22 0 27 
0 2 21 6 24 16 18 13 15 3 31 14 37 34 
5 20 4 32 10 13 6 14 15 0 19 18 12 9 
18 27 0 17 25 22 9 29 3 14 34 21 5 30 
38 30 16 28 35 13 5 39 23 20 26 6 27 0 
10 16 37 4 39 8 1 0 7 33 38 35 2 12 
0 38 27 10 36 13 17 14 28 23 34 30 11 6 
22 24 30 5 31 17 15 0 9 39 14 35 6 26 
38 22 5 35 27 19 13 31 14 0 34 33 3 4 
23 22 0 6 12 38 7 1 28 19 5 16 3 39 
35 4 20 25 14 26 38 16 22 18 17 15 3 0 
6 17 33 38 37 3 18 7 25 1 31 35 34 0 
12 27 32 30 0 37 8 38 39 21 29 28 35 6 
25 16 20 6 24 10 1 18 15 38 14 0 9 21 
20 38 22 0 3 26 18 35 17 21 14 30 19 36 
25 5 11 18 17 8 0 12 27 13 7 20 32 21 
25 3 12 39 32 15 33 13 24 14 30 0 1 34 
0 14 31 7 27 21 17 23 35 20 30 34 19 33 
7 28 20 4 24 35 15 33 21 23 8 0 31 12 
31 8 26 22 9 6 0 33 20 15 21 24 10 32 
19 0 2 4 39 6 29 20 35 1 25 12 38 22 
37 5 2 25 29 21 33 32 10 17 11 35 13 0 
33 0 18 13 39 35 9 12 21 26 37 7 25 31 
17 38 26 14 3 34 4 9 30 29 1 22 18 0 
5 24 30 8 1 28 13 14 21 0 9 34 4 23 
33 32 19 23 16 28 25 24 6 18 36 11 0 8 
31 30 7 5 15 0 38 23 2 10 39 8 16 13 
17 23 35 28 26 0 4 7 27 13 25 21 34 37 
36 35 18 27 30 2 1 29 14 33 3 16 0 32 
